10.94
10.76
9.40
9.96
10.89
68.02
118.15
170.75
220.68
273.01
320.96
372.52
422.28
473.32
522.31
572.58
615.46
881.71
1309.05
1738.57
2161.34
2607.50
3004.45
3424.90
3838.49
4254.73
4699.71
5151.84
5550.66
5957.45
6362.99
6794.08
7192.40
7610.30
8022.12
8441.47
8855.52
9273.95
9759.52
10176.40
10363.57
10406.41
10411.30
10418.52
10418.78
10426.26
10426.52
10426.77
10433.99
10434.25
10446.62
10446.88
10447.14
10449.46
10449.72
10449.98
10450.49
10457.45
10457.71
10464.93
10465.19
10465.45
10472.92
10473.18
10473.44
10480.66
10480.91
10488.39
10488.65
10488.91
10496.12
10514.17
10514.43
10514.69
10514.95
10515.20
10515.72
10515.98
10516.49
10516.75
10517.52
10518.55
10518.81
10521.65
10613.17
10624.52
10680.46
10699.28
10717.84
10738.21
10792.21
10882.96
10976.02
11058.78
11142.31
11184.59
11228.86
11303.62
11378.91
11439.75
11503.34
11591.77
11664.04
11746.02
11838.32
11902.00
11965.42
12053.85
12128.76
12193.98
12231.62
12273.65
12315.93
12356.15
12399.46
12445.09
12491.21
12555.25
12605.78
12631.05
12657.86
12679.77
12693.44
12706.84
12718.45
12730.05
12746.55
12757.12
12765.88
12774.65
12783.67
12794.50
12805.59
12815.38
12824.92
12834.20
12845.03
12859.47
12869.52
12879.58
12889.89
12900.98
12911.29
12921.34
12934.49
12944.55
12954.34
12964.66
12973.42
12982.45
12990.70
12998.95
13008.23
13017.25
13026.02
13034.27
13042.52
13051.09
13061.14
13069.91
13078.93
13086.41
13094.66
13102.13
13110.90
13120.18
13127.40
13133.84
13140.29
13154.98
13180.51
13197.27
13209.12
13224.85
13236.97
13247.02
13261.98
13272.03
13286.98
13301.16
13305.80
13327.72
13369.48
13423.37
13469.00
13496.07
13532.94
13562.07
13593.27
13621.11
13628.84
13636.32
13642.25
13648.44
13656.69
13663.91
13690.20
13725.27
13728.10
13731.71
13734.03
13737.90
13742.02
13745.12
13747.70
13750.02
13753.11
13755.17
13756.98
13759.30
13761.36
13764.45
13767.55
13770.64
13773.73
13781.47
13821.95
13867.32
13882.53
14421.88
14860.41
15286.32
15323.96
9.71
67.25
115.04
166.34
218.39
266.60
316.87
366.63
415.62
466.41
513.07
563.86
611.55
659.25
729.89
760.24
807.16
857.18
906.42
953.86
1003.10
1070.87
1365.20
1809.67
2226.18
2636.28
3101.81
3471.60
3914.00
4327.56
4741.62
5187.69
5619.36
6045.41
6425.22
6818.90
7287.46
7696.35
8120.86
8537.52
8964.07
9380.43
10030.64
10285.47
10695.39
11185.47
11513.15
11921.52
12326.30
12728.23
13064.99
13488.83
13883.80
14399.10
14817.79
15223.33
15627.06
16033.38
16454.08
16603.61
16645.77
16646.28
16653.24
16673.35
16673.61
16673.86
16676.70
16676.96
16677.21
16684.18
16684.43
16684.69
16685.21
16692.17
16692.43
16699.64
16699.90
16700.16
16707.38
16707.64
16707.89
16708.15
16715.11
16715.37
16733.68
16733.93
16734.19
16734.45
16734.71
16734.96
16735.22
16735.48
16738.83
16739.09
16739.35
16746.57
16746.82
16747.08
16754.30
16754.56
16754.82
16755.07
16762.04
16762.29
16762.55
16770.03
16770.29
16777.50
16777.76
16778.02
16778.54
16785.50
16785.75
16786.01
16793.23
16793.49
16800.96
16801.22
16828.81
16829.07
16829.32
16829.58
16829.84
16830.36
16830.61
16832.42
16832.68
16832.93
16833.19
16840.15
16840.41
16840.67
16847.89
16848.14
16848.40
16855.62
16855.88
16856.14
16856.65
16856.91
16857.17
16857.94
16858.46
16858.97
16863.61
16948.32
16955.79
17015.61
17038.69
17057.25
17076.59
17097.47
17117.32
17136.59
17230.94
17286.63
17377.89
17454.10
17538.41
17625.23
17701.54
17773.98
17858.34
17951.66
18035.45
18129.55
18198.89
18264.21
18351.36
18427.41
18521.25
18622.06
18704.82
18787.32
18886.32
18972.64
19070.38
19153.14
19212.95
19253.43
19301.12
19351.91
19393.68
19438.02
19475.23
19519.29
19565.95
19611.58
19664.95
19735.07
19801.33
19861.92
19931.65
19996.36
20059.01
20102.58
20131.97
20161.88
20193.07
20225.04
20253.91
20281.50
20307.02
20328.03
20353.29
20364.64
20375.46
20385.78
20398.67
20410.01
20420.32
20431.41
20441.98
20453.07
20464.15
20477.30
20489.93
20500.50
20511.59
20522.16
20531.70
20542.01
20554.13
20563.67
20572.95
20581.97
20592.80
20604.40
20616.00
20633.54
20646.68
20660.09
20675.82
20687.16
20697.47
20708.04
20718.10
20728.41
20738.21
20751.87
20761.93
20771.46
20781.26
20790.80
20799.31
20807.30
20816.07
20825.09
20833.86
20842.11
20850.36
20860.16
20868.15
20877.69
20885.16
20893.93
20903.21
20913.52
20922.03
20930.80
20939.05
20948.07
20957.09
20965.86
20975.14
20983.91
20993.19
21002.73
21012.78
21022.06
21032.12
21041.14
21049.65
21056.61
21063.83
21071.05
21079.04
21086.77
21093.48
21100.70
21107.40
21115.91
21124.41
21136.27
21154.58
21179.07
21199.70
21213.10
21222.12
21241.72
21255.90
21267.50
21279.88
21291.73
21302.56
21318.80
21329.63
21343.81
21352.58
21361.34
21371.66
21394.09
21395.38
21413.16
21460.09
21508.81
21551.09
21594.41
21634.88
21689.02
21733.88
21782.09
21817.67
21849.64
21876.97
21901.20
21926.21
21933.17
21940.91
21947.87
21954.57
21961.27
21967.20
21973.13
21979.84
21986.80
21993.24
22001.23
22033.46
22074.71
22094.30
22097.14
22099.20
22101.52
22105.39
22107.20
22110.29
22112.61
22115.19
22118.28
22121.63
22123.44
22126.02
22128.08
22130.91
22132.98
22134.78
22137.36
22139.68
22142.77
22145.09
22147.67
22149.99
22153.60
22155.66
22158.24
22161.08
22163.14
22166.49
22178.61
22220.12
22263.04
22312.79
22354.30
23000.89
23568.08
23976.97
24402.11
24690.60
8.69
64.61
114.69
161.61
212.30
262.83
307.69
356.93
407.02
456.00
502.15
551.39
600.12
643.95
692.67
742.88
792.12
839.55
885.96
935.72
983.41
1027.50
1075.71
1124.18
1170.84
1215.96
1263.66
1311.09
1355.95
1401.84
1451.59
1518.61
1655.63
2063.44
2485.31
2914.03
3330.46
3746.29
4177.50
4639.50
5012.30
5450.52
5856.84
6281.25
6692.59
7106.38
7546.24
7964.93
8385.41
8802.04
9215.51
9640.90
10062.42
10547.91
10964.79
11390.95
11811.82
12222.51
12615.93
13037.51
13398.69
13813.25
14210.54
14959.23
15136.79
15549.29
15959.98
16363.46
16777.04
17189.02
17602.81
18011.96
18422.36
18834.86
19249.06
19653.57
20060.40
20469.55
20877.76
22292.12
22673.69
23036.95
23174.36
23449.93
23456.93
23457.18
23457.44
23464.92
23465.18
23472.65
23472.91
23473.17
23480.39
23480.64
23480.90
23488.12
23488.38
23488.64
23489.15
23496.11
23496.37
23496.63
23503.85
23504.11
23504.20
23504.45
23511.67
23511.93
23519.15
23519.41
23519.66
23526.88
23527.14
23527.40
23534.36
23534.62
23534.88
23535.13
23542.35
23542.61
23542.87
23543.12
23543.38
23543.64
23544.16
23544.67
23544.93
23576.90
23674.09
23687.72
23709.50
23731.25
23754.71
23778.69
23798.91
23819.02
23839.65
23885.54
23910.03
23945.87
24022.44
24114.73
24204.70
24285.14
24370.47
24467.90
24558.91
24661.78
24744.83
24830.94
24937.16
25026.36
25124.79
25223.02
25305.52
25397.82
25472.07
25523.63
25569.23
25617.18
25668.48
25713.86
25760.78
25806.16
25866.89
25938.56
26001.47
26070.30
26142.75
26207.98
26287.90
26364.73
26438.98
26504.72
26592.38
26658.63
26739.33
26818.73
26885.77
26948.16
27035.30
27109.55
27186.89
27257.27
27322.24
27389.02
27457.34
27505.74
27540.29
27575.61
27608.09
27652.69
27694.46
27727.97
27774.38
27815.63
27859.46
27902.00
27943.50
27984.75
28027.55
28067.51
28113.96
28153.93
28216.32
28280.77
28310.13
28337.46
28372.00
28397.79
28410.93
28422.79
28434.65
28446.77
28461.46
28474.61
28490.34
28503.23
28514.57
28525.92
28537.00
28548.35
28561.24
28573.87
28591.14
28604.04
28619.50
28631.36
28643.48
28654.31
28664.62
28673.39
28682.67
28690.66
28699.17
28707.68
28717.21
28726.75
28736.04
28744.29
28753.05
28762.59
28770.84
28779.61
28788.11
28797.39
28806.93
28816.73
28827.04
28836.58
28846.12
28854.37
28863.65
28873.45
28883.25
28893.30
28902.58
28912.38
28922.18
28932.23
28945.12
28955.43
28965.23
28974.77
28985.08
28995.65
29009.83
29020.92
29030.46
29040.00
29048.50
29057.53
29065.78
29074.54
29083.05
29093.88
29103.16
29113.21
29122.75
29133.07
29141.83
29150.60
29158.85
29167.61
29177.41
29184.37
29191.59
29199.84
29209.12
29216.86
29225.11
29233.36
29241.61
29250.11
29259.39
29267.64
29275.89
29284.14
29292.39
29301.42
29309.41
29318.18
29326.43
29334.68
29343.44
29352.72
29360.97
29369.22
29377.73
29386.50
29395.46
29404.49
29413.25
29421.50
29430.53
29439.81
29449.09
29457.08
29465.07
29474.36
29484.15
29493.95
29504.78
29536.75
29554.31
29572.10
29592.21
29601.75
29609.74
29629.08
29641.71
29652.54
29667.75
29679.35
29689.92
29702.04
29713.38
29719.83
29738.65
29749.48
29758.50
29767.27
29775.26
29786.34
29794.85
29809.03
29817.54
29844.61
29846.41
29864.20
29892.56
29930.97
29988.72
30040.80
30086.69
30144.18
30201.42
30256.33
30309.70
30364.61
30414.37
30456.39
30504.86
30511.82
30537.61
30569.32
30610.05
30625.26
30651.56
30676.31
30694.10
30700.54
30707.25
30714.72
30721.17
30727.87
30735.09
30741.54
30747.21
30754.17
30760.36
30767.32
30775.05
30781.24
30786.91
30792.84
30828.42
30870.18
30908.34
30916.33
30919.17
30923.04
30925.87
30928.71
30930.51
30934.12
30937.47
30941.34
30943.40
30946.75
30949.33
30951.91
30954.49
30956.29
30958.10
30960.42
30963.25
30965.32
30967.89
30970.47
30972.54
30975.11
30977.18
30979.75
30981.82
30983.62
30985.43
30987.49
30989.55
30991.87
30993.93
30995.74
30998.83
31002.70
31006.31
31008.89
31010.95
31013.01
31015.07
31016.62
31020.75
31026.16
31066.64
31109.95
31152.49
31205.60
31258.45
31279.85
31874.36
32664.04
33055.40
33467.90
33888.91
34310.69
34541.95
9.22
63.27
113.60
160.26
208.01
257.51
305.98
354.19
401.54
448.71
497.44
545.39
591.54
636.14
684.61
733.26
782.24
830.45
876.60
921.46
969.41
1018.40
1064.55
1108.89
1154.52
1201.70
1248.11
1296.06
1340.41
1386.30
1472.15
1483.84
1528.70
1576.91
1624.09
1672.30
1716.64
1762.53
1810.23
1857.15
1899.95
1955.23
2086.25
2259.08
2676.53
3089.93
3508.38
3929.66
4341.58
4768.00
5188.18
5600.04
6029.65
6433.25
6871.02
7280.84
7671.16
8120.27
8543.59
8963.40
9377.43
9791.02
10217.44
10760.14
11109.16
11533.26
11922.81
12339.73
12748.88
13170.66
13532.32
13939.05
14338.40
14754.51
15271.78
15690.47
16108.90
16520.88
16930.55
17354.74
17775.75
18189.02
18598.43
19010.20
19418.83
19819.95
20221.36
20634.38
21040.95
21436.55
22022.26
22419.29
22817.61
23229.08
23643.39
24042.22
24396.46
24808.33
25207.68
25511.90
25929.30
26331.74
26737.28
27108.53
27519.26
27922.73
28325.44
28737.16
29145.02
29462.65
29533.55
29635.90
29636.21
29642.92
29654.00
29663.03
29663.29
29663.54
29663.80
29664.06
29664.32
29668.44
29668.70
29668.96
29676.18
29676.43
29676.69
29683.91
29684.17
29684.43
29684.68
29691.64
29691.90
29692.16
29699.38
29699.64
29726.71
29727.22
29727.48
29728.00
29728.25
29728.51
29728.77
29729.03
29729.29
29731.09
29731.35
29731.61
29738.57
29738.82
29739.08
29746.56
29746.82
29754.04
29754.29
29754.55
29755.32
29762.03
29762.29
29762.54
29769.76
29770.02
29777.50
29777.75
29785.23
29785.49
29786.00
29792.96
29793.22
29793.48
29800.70
29800.96
29808.43
29808.69
29808.95
29809.21
29816.17
29816.43
29816.68
29823.90
29824.16
29824.42
29831.64
29831.89
29832.15
29839.40
29839.66
29839.92
29840.18
29847.14
29847.39
29847.65
29855.13
29855.39
29862.86
29863.12
29870.60
29870.86
29871.11
29878.59
29878.85
29886.32
29886.58
29893.80
29894.06
29894.32
29894.57
29901.54
29901.79
29902.05
29909.27
29909.53
29916.75
29917.00
29917.26
29924.48
29924.74
29925.00
29932.21
29932.47
29932.73
29932.99
29939.95
29940.21
29940.46
29947.68
29947.94
29955.16
29955.42
29955.68
29962.89
29963.15
29963.41
29970.63
29970.89
29971.14
29978.36
29978.62
29978.88
29986.10
29986.36
29986.61
29993.83
29994.09
30001.31
30001.57
30001.82
30002.08
30002.34
30002.86
30003.11
30003.63
30004.14
30005.18
30083.81
30153.18
30162.97
30184.71
30206.37
30228.28
30249.99
30271.39
30291.75
30312.64
30363.94
30389.46
30413.70
30436.64
30461.14
30537.30
30615.16
30710.29
30787.57
30878.57
30965.97
31046.15
31129.68
31218.89
31299.58
31392.39
31481.82
31564.83
31662.54
31753.28
31837.32
31937.10
32018.82
32103.13
32199.29
32286.43
32389.56
32485.46
32571.83
32667.74
32758.77
32853.91
32953.68
33036.44
33120.74
33214.07
33301.98
33399.18
33495.34
33586.61
33642.81
33690.77
33738.46
33786.93
33832.82
33880.82
33927.74
33978.53
34027.00
34073.66
34121.36
34169.23
34216.15
34264.36
34315.66
34366.97
34425.23
34496.91
34578.12
34657.52
34727.39
34804.48
34877.18
34948.08
35021.30
35098.27
35165.56
35237.23
35306.07
35371.81
35438.32
35508.71
35555.63
35587.34
35622.40
35653.08
35685.57
35718.82
35752.08
35783.28
35816.79
35844.89
35880.73
35910.38
35937.96
35965.66
35993.76
36034.49
36074.45
36101.52
36130.14
36167.27
36179.90
36191.76
36204.39
36216.51
36227.59
36241.77
36254.66
36265.49
36277.09
36288.18
36299.52
36310.35
36321.18
36334.07
36346.96
36367.33
36379.19
36390.79
36401.62
36412.70
36424.05
36434.88
36445.19
36456.02
36466.59
36477.16
36487.98
36499.07
36510.16
36527.43
36539.55
36554.76
36572.55
36585.70
36595.23
36604.26
36614.83
36624.88
36633.91
36643.96
36657.37
36667.94
36676.70
36686.50
36697.07
36707.64
36718.73
36729.81
36739.61
36754.82
36766.42
36778.28
36795.04
36806.90
36819.02
36830.88
36842.48
36856.14
36873.67
36886.56
36896.10
36904.61
36913.12
36922.66
36932.45
36941.73
36949.98
36958.75
36967.00
36976.54
36984.79
36992.78
37001.29
37010.83
37019.85
37029.39
37037.38
37045.38
37053.37
37063.68
37072.45
37081.21
37089.98
37099.00
37106.99
37115.76
37124.78
37133.29
37142.31
37150.30
37159.59
37168.61
37177.38
37186.40
37195.42
37204.96
37214.50
37224.04
37233.32
37242.09
37250.34
37259.10
37268.38
37277.15
37286.95
37296.74
37305.51
37314.79
37324.33
37334.64
37343.66
37353.46
37363.26
37373.05
37381.56
37391.36
37401.16
37410.18
37419.72
37429.26
37438.80
37447.56
37457.62
37466.38
37476.44
37487.01
37495.77
37504.02
37512.53
37520.27
37529.03
37536.77
37546.30
37555.59
37564.61
37572.34
37581.37
37590.65
37598.64
37605.09
37613.85
37621.84
37630.61
37639.12
37647.11
37656.39
37665.41
37674.95
37690.42
37702.02
37717.49
37743.02
37775.50
37796.90
37813.14
37832.22
37836.60
37848.72
37865.73
37886.10
37898.99
37915.75
37926.58
37937.66
37946.43
37956.74
37969.12
37979.69
37988.71
37997.22
38014.75
38024.55
38040.02
38052.91
38063.48
38075.59
38084.62
38094.41
38106.79
38118.13
38128.19
38134.63
38154.48
38171.50
38177.69
38205.02
38237.24
38268.95
38306.85
38363.31
38411.01
38463.09
38510.06
38554.92
38603.64
38658.04
38720.18
38783.08
38829.49
38867.90
38916.37
38967.68
39006.61
39040.89
39074.93
39105.61
39137.06
39169.03
39192.23
39216.32
39237.46
39261.43
39288.76
39294.18
39301.39
39307.84
39314.54
39320.47
39326.66
39333.88
39340.32
39345.74
39352.18
39359.66
39367.39
39375.64
39383.12
39389.82
39396.01
39403.49
39408.90
39415.61
39422.05
39460.46
39501.71
39541.68
39575.19
39578.29
39581.12
39583.70
39586.28
39589.63
39592.72
39595.04
39598.39
39600.71
39603.29
39605.10
39607.16
39608.45
39611.03
39613.86
39617.21
39619.28
39621.86
39624.43
39626.75
39628.82
39631.39
39634.49
39637.32
39640.16
39642.22
39644.54
39646.35
39648.15
39649.96
39652.79
39654.86
39656.92
39658.72
39661.04
39664.65
39666.46
39669.04
39671.10
39672.90
39676.25
39678.57
39681.67
39683.73
39687.86
39690.69
39692.50
39694.82
39696.88
39698.43
39700.49
39705.64
39711.06
39741.48
39783.76
39826.30
39870.39
39925.30
39977.64
40030.23
40054.21
40289.85
41049.36
41848.58
42235.82
42639.04
43048.70
43472.80
43897.93
44272.02
9.47
62.05
111.28
161.04
208.49
253.35
300.79
349.00
397.63
445.59
493.80
538.40
583.00
630.70
681.74
738.46
774.03
822.24
870.20
915.05
959.14
1005.80
1052.98
1099.65
1143.73
1191.17
1236.55
1280.63
1324.46
1371.12
1417.79
1469.39
1513.73
1561.43
1608.61
1656.04
1703.74
1748.34
1792.68
1838.32
1885.24
1932.68
1978.05
2025.49
2069.83
2113.66
2158.78
2205.44
2251.85
2298.00
2344.40
2384.36
2425.25
2561.88
2685.54
2890.76
3287.99
3689.89
4116.23
4497.28
4998.14
5298.87
5734.22
6102.47
6526.78
6931.59
7344.67
7735.35
8130.06
8556.36
8951.07
9385.48
9763.11
10159.53
10555.01
10961.07
11418.42
11813.90
12223.57
12539.64
12945.23
13350.77
13738.77
14087.27
14492.64
14868.53
15261.70
15785.28
16181.28
16575.21
16979.98
17375.46
17774.98
18172.78
18578.06
18974.32
19367.23
19771.45
20166.98
20561.44
20958.73
21366.07
21757.71
23154.02
23486.99
23875.51
24261.71
24650.50
25042.11
25419.62
25726.67
26115.71
26501.14
26891.21
27252.15
27640.16
28028.85
28432.07
28827.46
29214.44
29613.79
30000.51
30387.74
30780.13
31175.10
31560.79
32962.26
33015.29
33406.14
33792.34
34176.22
34572.89
34959.36
35345.04
35747.23
36131.89
36409.85
36610.68
36703.50
37020.64
37026.28
37026.54
37034.02
37034.27
37034.53
37042.01
37042.27
37042.52
37049.74
37050.00
37050.26
37057.48
37057.73
37057.99
37064.95
37065.21
37065.47
37072.69
37072.95
37073.20
37080.42
37080.68
37080.94
37088.16
37088.41
37095.63
37095.89
37096.15
37103.37
37103.62
37103.88
37104.14
37111.10
37111.36
37111.62
37118.84
37119.09
37119.35
37126.57
37126.83
37134.30
37134.56
37142.04
37142.30
37149.52
37149.77
37150.03
37157.25
37157.51
37157.77
37158.02
37164.98
37165.24
37165.50
37172.72
37172.98
37173.02
37173.28
37180.50
37180.75
37181.01
37188.23
37188.49
37188.75
37195.96
37196.22
37196.48
37203.70
37203.96
37211.43
37211.69
37219.17
37219.43
37219.68
37226.90
37227.16
37234.64
37234.89
37242.37
37242.63
37242.89
37243.14
37243.40
37243.66
37244.18
37244.43
37244.95
37245.46
37289.81
37369.96
37397.93
37406.69
37427.36
37449.17
37471.60
37498.93
37526.52
37547.86
37577.51
37608.70
37641.70
37675.48
37709.91
37744.98
37819.74
37916.11
38015.89
38114.63
38208.44
38300.74
38400.25
38491.52
38546.04
38597.09
38649.43
38716.97
38796.64
38874.24
38953.64
39037.69
39112.55
39190.67
39288.89
39374.49
39469.88
39558.85
39626.14
39708.64
39807.64
39899.68
40000.48
40092.78
40161.36
40251.85
40348.53
40430.07
40508.96
40599.71
40685.56
40778.89
40856.94
40940.73
41036.89
41115.01
41203.18
41306.31
41393.45
41492.19
41582.17
41659.77
41732.73
41822.71
41900.57
41991.83
42090.57
42173.07
42278.78
42363.76
42464.30
42559.44
42644.52
42730.11
42822.15
42867.01
42913.67
42958.27
43006.48
43051.60
43095.43
43142.87
43186.83
43235.30
43276.29
43319.86
43364.21
43411.64
43459.60
43507.81
43555.25
43602.43
43650.64
43700.91
43747.06
43797.85
43852.25
43924.18
43994.30
44063.65
44134.04
44204.42
44276.61
44345.96
44413.76
44482.59
44518.69
44549.11
44581.59
44610.21
44640.89
44670.02
44699.67
44729.84
44760.77
44791.45
44821.62
44854.88
44893.80
44915.98
44927.32
44938.15
44949.23
44960.58
44976.05
44988.68
45000.02
45015.75
45026.32
45035.34
45044.11
45054.16
45063.45
45071.70
45080.72
45090.00
45100.31
45110.37
45120.68
45130.73
45141.05
45151.10
45161.16
45170.70
45182.81
45192.35
45201.89
45211.95
45221.48
45231.28
45240.82
45251.65
45260.93
45270.21
45281.04
45290.58
45300.63
45310.43
45322.03
45332.60
45342.40
45352.20
45363.28
45373.34
45383.65
45397.05
45407.62
45417.42
45428.51
45438.82
45449.65
45460.73
45472.08
45485.74
45496.05
45506.62
45516.94
45526.73
45536.71
45548.83
45558.88
45569.45
45581.05
45591.88
45602.97
45613.80
45627.98
45639.06
45648.86
45659.43
45667.94
45677.22
45686.50
45696.30
45707.90
45718.98
45729.30
45740.38
45751.47
45762.30
45773.12
45783.18
45794.27
45806.38
45819.27
45832.16
45844.54
45855.62
45868.77
45880.12
45890.17
45899.71
45909.51
45918.02
45926.52
45935.55
45943.28
45951.53
45960.55
45968.80
45978.09
45986.85
45995.36
46003.61
46012.89
46021.14
46030.42
46039.70
46048.73
46057.75
46066.00
46075.02
46085.34
46095.39
46104.67
46113.44
46122.72
46131.23
46142.57
46151.34
46161.13
46169.90
46178.41
46187.95
46197.48
46207.02
46215.27
46223.27
46232.03
46241.57
46252.62
46261.91
46270.16
46279.44
46288.20
46298.00
46307.02
46316.05
46325.07
46334.35
46344.41
46353.43
46363.74
46373.80
46382.56
46392.36
46401.90
46411.18
46421.23
46430.77
46439.02
46448.56
46459.39
46468.93
46477.95
46486.98
46496.00
46505.28
46514.82
46525.13
46535.45
46545.24
46554.78
46564.58
46574.89
46584.43
46594.23
46602.22
46610.73
46619.23
46627.23
46635.22
46644.24
46652.75
46661.77
46669.77
46677.50
46685.75
46701.48
46717.72
46723.13
46745.30
46765.16
46787.59
46813.11
46832.96
46853.59
46869.83
46872.92
46883.75
46897.16
46912.62
46931.96
46946.66
46961.61
46974.24
46983.27
46994.35
47004.41
47014.20
47026.84
47036.89
47048.23
47057.77
47074.79
47085.36
47092.58
47105.21
47117.07
47127.38
47138.47
47148.01
47158.06
47167.60
47176.11
47184.88
47195.45
47204.98
47218.13
47248.04
47251.91
47268.66
47299.86
47332.09
47387.77
47455.84
47524.67
47587.84
47643.52
47694.83
47750.00
47809.55
47861.38
47917.84
47968.62
48019.41
48068.91
48113.36
48159.25
48210.55
48261.34
48305.95
48356.22
48388.70
48428.92
48446.45
48478.42
48507.81
48537.46
48574.33
48586.70
48610.68
48634.40
48657.34
48686.73
48690.86
48697.56
48703.49
48710.45
48717.67
48725.15
48732.11
48738.04
48743.20
48749.64
48755.57
48763.05
48769.75
48777.48
48783.16
48789.09
48796.05
48803.27
48809.45
48815.38
48821.57
48830.34
48838.33
48845.80
48854.83
48897.37
48938.88
48979.09
49019.31
49037.88
49041.23
49044.32
49048.45
49050.51
49052.83
49055.41
49057.47
49059.79
49061.34
49063.91
49065.98
49068.04
49070.62
49073.20
49075.52
49077.32
49080.16
49083.51
49086.09
49088.41
49090.21
49092.79
49095.37
49097.69
49099.75
49102.33
49104.91
49106.97
49109.03
49111.09
49113.41
49115.73
49119.34
49122.44
49125.27
49127.34
49129.66
49132.23
49134.55
49136.10
49138.42
49140.74
49144.61
49147.96
49151.57
49153.38
49155.44
49158.02
49161.11
49164.20
49168.07
49171.42
49173.74
49175.80
49178.12
49181.48
49183.28
49185.09
49186.89
49188.70
49190.24
49192.30
49194.37
49198.49
49203.13
49211.12
49251.60
49295.17
49337.20
49381.28
49430.78
49484.66
49538.82
49593.48
49631.64
50318.19
51137.26
51890.85
52293.55
52709.92
53136.60
53557.35
53995.11
54435.20
54833.00
8.56
59.20
107.70
155.14
202.71
250.41
297.07
342.45
389.79
434.65
479.25
523.34
569.23
615.12
660.75
706.64
753.91
800.06
846.73
892.88
938.25
983.11
1029.52
1074.63
1118.46
1162.80
1206.38
1251.23
1294.80
1337.86
1384.52
1427.58
1482.22
1526.82
1570.91
1615.00
1658.82
1702.39
1747.77
1793.40
1838.52
1883.64
1928.50
1972.84
2020.54
2063.33
2107.93
2152.79
2196.62
2240.19
2283.76
2327.33
2370.64
2413.96
2457.53
2502.13
2546.99
2591.59
2635.93
2680.02
2724.11
2773.09
2812.54
2857.14
2901.74
2957.11
2967.16
3082.98
3232.46
3372.54
3488.30
3834.52
4260.62
4720.73
5106.70
5533.30
5957.99
6419.58
6825.67
7245.39
7673.87
8106.46
8520.52
8990.27
9391.43
9808.31
10229.77
10663.92
11063.74
11484.49
11983.50
12407.86
12827.32
13242.92
13681.90
14104.71
14474.42
14890.98
15306.32
15727.58
16255.94
16684.43
17097.96
17512.52
17934.04
18394.54
18784.87
19205.11
19626.37
20054.34
20466.18
20882.29
21305.88
21730.23
22144.02
22510.75
23107.68
23523.54
23945.83
24367.10
24781.92
25197.00
25621.10
26034.68
26352.04
26776.40
27203.60
27586.19
28003.07
28431.82
28849.89
29263.42
29670.51
30092.80
30501.18
30909.55
31321.28
31742.29
32150.92
33935.50
34062.92
34475.68
34883.71
35293.38
35716.96
36124.05
36530.36
36945.44
37358.50
37764.82
38167.52
38589.04
38996.90
39403.73
39809.53
40229.50
40633.24
41037.49
41449.02
41860.23
42262.93
42663.17
43081.86
43403.61
43454.14
43546.43
43602.64
44026.26
44029.58
44029.84
44030.10
44037.32
44037.57
44037.83
44045.05
44045.31
44045.57
44052.79
44053.04
44053.30
44060.52
44060.78
44068.25
44068.51
44075.73
44075.99
44076.25
44083.46
44083.72
44083.98
44091.20
44091.46
44091.71
44098.93
44099.19
44099.45
44106.67
44106.93
44107.18
44114.40
44114.66
44114.92
44122.14
44122.39
44129.87
44130.13
44137.61
44137.86
44145.08
44145.34
44145.60
44152.82
44153.07
44153.33
44160.55
44160.81
44161.07
44168.29
44168.54
44168.80
44176.02
44176.28
44176.54
44183.75
44184.01
44184.27
44191.49
44191.75
44192.00
44199.22
44199.48
44199.74
44206.96
44207.21
44214.69
44214.95
44222.17
44222.43
44222.68
44222.94
44223.20
44223.46
44223.97
44224.49
44224.75
44225.26
44226.55
44290.75
44341.73
44364.49
44384.86
44398.59
44420.50
44442.41
44462.78
44487.55
44516.43
44544.79
44571.34
44598.15
44631.41
44698.44
44719.84
44744.75
44770.56
44802.53
44850.74
44948.45
45041.12
45139.61
45233.96
45331.42
45431.65
45520.60
45619.34
45724.01
45815.02
45914.68
46018.84
46112.17
46211.43
46315.32
46417.91
46519.49
46610.24
46706.66
46808.50
46905.95
47010.62
47114.20
47210.59
47318.35
47399.82
47451.38
47505.78
47558.89
47614.58
47673.36
47724.41
47774.68
47825.98
47875.23
47925.50
47979.64
48053.89
48133.55
48217.60
48289.53
48370.23
48454.27
48533.16
48604.06
48687.08
48761.07
48842.28
48929.68
49006.51
49079.21
49157.20
49223.20
49299.52
49375.05
49445.18
49524.33
49604.25
49674.12
49749.66
49849.69
49942.24
50032.12
50105.85
50168.76
50254.87
50342.78
50429.41
50519.90
50601.88
50669.17
50740.33
50822.05
50904.20
50988.24
51067.65
51147.05
51225.43
51306.64
51385.51
51451.51
51487.34
51531.95
51580.93
51630.17
51668.33
51700.81
51739.23
51784.09
51835.13
51885.15
51938.52
51986.47
52039.84
52086.09
52134.30
52180.71
52225.82
52271.46
52322.76
52366.59
52413.51
52460.69
52511.74
52557.89
52605.84
52656.37
52704.58
52754.60
52824.98
52894.07
52963.17
53035.61
53082.28
53111.41
53142.86
53172.25
53202.15
53233.61
53272.79
53309.14
53324.36
53335.70
53351.43
53364.83
53376.18
53388.04
53399.64
53411.24
53422.84
53434.18
53446.04
53461.77
53473.63
53485.49
53497.86
53513.07
53524.16
53535.76
53546.85
53558.96
53574.43
53588.61
53601.25
53613.36
53624.71
53635.79
53646.36
53659.25
53672.14
53684.26
53695.35
53709.53
53722.42
53733.76
53743.56
53753.36
53762.64
53771.40
53779.91
53788.42
53797.70
53806.21
53815.49
53824.51
53834.31
53843.85
53853.39
53862.15
53870.92
53879.43
53888.45
53897.99
53906.50
53915.52
53924.29
53932.79
53942.33
53950.58
53959.09
53967.60
53977.14
53985.90
53996.21
54006.79
54016.32
54025.35
54035.40
54044.68
54052.93
54062.99
54073.30
54083.36
54093.15
54103.21
54113.26
54123.06
54134.92
54144.20
54154.25
54165.86
54176.68
54187.00
54197.57
54209.43
54220.25
54231.34
54241.39
54252.22
54262.28
54272.85
54283.93
54295.79
54306.36
54317.71
54328.54
54338.07
54348.13
54358.70
54370.04
54379.58
54389.12
54400.21
54410.78
54421.61
54436.30
54445.84
54456.41
54466.46
54476.26
54486.32
54496.11
54509.00
54518.80
54528.86
54538.91
54548.19
54559.28
54569.85
54581.45
54591.25
54600.53
54609.81
54619.09
54628.63
54637.91
54646.68
54656.73
54666.79
54677.10
54686.89
54697.21
54707.52
54717.32
54727.63
54735.88
54745.42
54754.44
54764.24
54772.23
54781.00
54789.76
54798.27
54807.04
54815.80
54824.05
54833.07
54841.58
54850.09
54859.11
54867.36
54876.64
54885.67
54894.95
54903.71
54913.25
54922.02
54931.30
54940.58
54949.86
54959.40
54968.43
54978.48
54986.99
54998.07
55006.58
55016.12
55025.14
55034.17
55043.96
55054.02
55062.79
55071.55
55080.83
55090.11
55100.94
55110.48
55119.76
55129.04
55139.10
55149.67
55159.21
55169.26
55178.80
55189.11
55199.17
55209.74
55218.50
55228.04
55237.84
55247.64
55257.69
55267.75
55277.80
55288.11
55298.17
55308.22
55316.99
55325.75
55334.78
55343.80
55353.60
55363.14
55372.42
55381.44
55391.50
55400.26
55410.06
55418.82
55429.14
55438.93
55448.73
55455.95
55463.43
55471.16
55479.67
55487.92
55495.91
55503.90
55516.79
55540.00
55545.41
55560.62
55592.85
55609.09
55623.01
55637.71
55660.14
55680.50
55700.61
55716.86
55720.21
55731.29
55746.50
55763.00
55777.18
55788.01
55799.87
55810.96
55826.17
55842.15
55851.95
55861.75
55872.32
55882.89
55894.23
55905.57
55917.18
55924.91
55931.36
55953.53
55965.90
55975.70
55985.75
55994.78
56003.54
56011.54
56019.79
56029.32
56038.61
56049.69
56059.23
56071.35
56080.63
56087.85
56097.90
56104.86
56117.24
56149.98
56152.30
56154.62
56174.99
56204.64
56233.00
56264.45
56306.21
56362.42
56423.26
56490.29
56545.46
56604.76
56661.74
56714.07
56776.98
56840.66
56901.76
56963.64
57020.36
57081.20
57134.64
57199.10
57255.30
57301.71
57349.14
57400.19
57458.20
57527.04
57585.56
57640.73
57694.10
57729.16
57758.04
57787.94
57815.01
57847.24
57884.36
57893.64
57915.04
57936.18
57956.81
57980.53
58009.14
58022.29
58027.45
58034.93
58042.14
58050.39
58057.36
58064.06
58069.99
58076.43
58082.62
58090.36
58097.32
58103.50
58108.92
58114.85
58121.82
58127.23
58132.65
58138.32
58143.22
58148.12
58154.82
58161.27
58168.74
58175.45
58184.73
58191.43
58198.91
58206.90
58212.31
58218.24
58259.49
58301.26
58342.25
58381.95
58419.08
58434.55
58437.12
58440.73
58443.05
58445.38
58448.21
58451.05
58454.14
58456.72
58460.07
58462.39
58464.97
58467.80
58469.87
58471.41
58474.25
58476.31
58478.63
58480.44
58482.50
58485.08
58486.88
58488.69
58490.23
58493.07
58496.68
58498.74
58500.80
58503.64
58505.96
58507.51
58509.83
58512.15
58515.76
58517.30
58519.37
58522.20
58525.04
58527.10
58530.20
58532.52
58534.32
58536.64
58539.22
58541.28
58543.34
58545.92
58549.02
58550.82
58552.88
58556.23
58557.78
58559.84
58562.68
58565.77
58567.84
58569.64
58572.73
58574.28
58576.34
58579.70
58581.76
58585.88
58588.46
58591.30
58594.13
58596.97
58599.80
58602.38
58603.93
58606.77
58608.05
58609.60
58611.66
58613.21
58615.02
58617.08
58618.88
58620.69
58624.55
58628.68
58634.35
58649.56
58691.07
58734.12
58776.92
58819.46
58864.84
58917.17
58971.31
59024.94
59079.59
59133.48
59135.28
59146.37
59885.00
60680.87
61521.34
62033.35
62443.02
62865.05
63294.31
63708.36
64153.60
64584.15
65017.53
65356.55
9.24
58.75
106.14
152.81
200.16
246.57
292.46
340.41
384.75
431.16
476.54
521.65
566.51
612.14
656.49
701.35
747.55
793.19
838.82
883.68
929.57
973.66
1017.23
1062.60
1106.95
1151.03
1195.12
1239.72
1283.55
1327.89
1372.23
1416.32
1491.60
1508.39
1552.73
1596.30
1640.65
1685.25
1729.85
1774.45
1819.05
1863.40
1907.48
1951.83
1996.17
2039.74
2083.83
2127.66
2171.48
2215.31
2258.88
2302.45
2346.02
2389.59
2432.65
2476.22
2519.53
2562.59
2605.90
2648.95
2692.01
2735.32
2784.05
2827.62
2871.19
2914.76
2965.70
3009.79
3053.87
3097.70
3143.07
3187.16
3230.99
3275.07
3318.90
3362.73
3406.56
3450.39
3494.21
3527.21
3545.80
3677.13
3821.05
3965.94
4115.90
4249.70
4644.98
5048.43
5464.34
5927.73
6293.82
6721.02
7155.06
7591.41
8010.51
8435.39
8866.85
9324.79
9736.52
10144.89
10539.34
10971.46
11400.98
11820.17
12309.96
12741.28
13157.65
13571.95
13992.96
14426.65
14840.44
15207.64
15632.75
16032.62
16489.72
16992.04
17409.70
17827.09
18253.00
18679.42
19116.69
19515.01
19942.46
20360.12
20774.16
21183.49
21614.29
21982.96
22397.01
22815.38
23615.91
23818.50
24244.40
24656.39
25066.82
25488.35
25909.36
26323.40
26634.08
27056.64
27469.39
27847.35
28280.99
28698.90
29113.21
29532.93
29959.61
30373.65
30790.28
31212.06
31637.71
32052.01
32467.09
33043.82
33564.46
33993.20
34409.57
34820.00
35230.96
35647.32
36053.89
36455.56
36875.80
37283.66
37687.65
38094.37
38510.48
38918.59
39317.95
39738.95
40146.81
40557.51
40968.98
41386.89
41789.59
42185.68
42603.08
43009.91
43411.07
43815.06
44233.49
44536.68
44948.40
45358.58
45761.29
46161.41
46583.45
46987.44
47391.18
48796.51
49031.97
49432.10
49850.53
50038.47
50448.39
50865.79
51047.29
51324.96
51411.07
51508.78
51544.10
52031.56
52036.97
52037.23
52044.70
52044.96
52052.18
52052.44
52052.70
52059.91
52060.17
52060.43
52067.65
52067.91
52068.16
52075.38
52075.64
52075.90
52083.12
52083.38
52083.63
52090.85
52091.11
52091.37
52098.59
52098.84
52106.32
52106.58
52113.80
52114.05
52114.31
52121.53
52121.79
52122.05
52129.27
52129.52
52129.78
52137.00
52137.26
52137.52
52144.73
52144.99
52145.25
52152.47
52152.73
52152.98
52160.20
52160.46
52160.72
52167.94
52168.20
52175.67
52175.93
52183.41
52183.66
52191.14
52191.40
52191.66
52198.62
52198.88
52199.13
52206.35
52206.61
52206.87
52214.09
52214.34
52214.60
52221.82
52222.08
52222.34
52229.55
52229.81
52230.07
52237.29
52237.55
52237.80
52245.02
52245.28
52245.54
52252.76
52253.02
52253.27
52260.49
52260.75
52261.01
52261.27
52261.52
52262.04
52262.55
52262.81
52263.33
52263.84
52272.61
52344.02
52395.23
52452.20
52467.87
52480.50
52496.74
52518.14
52540.57
52562.27
52582.64
52605.33
52633.43
52660.25
52688.61
52713.77
52741.88
52769.98
52804.78
52842.94
52876.20
52906.10
52943.24
52989.13
53089.42
53187.13
53282.52
53380.91
53471.92
53570.40
53662.70
53764.28
53852.45
53952.22
54049.42
54139.91
54241.23
54341.66
54437.98
54534.41
54625.16
54724.16
54826.51
54915.20
55010.07
55107.26
55198.53
55295.98
55396.53
55497.07
55583.44
55679.86
55783.03
55882.29
55977.42
56082.09
56177.23
56269.52
56369.04
56468.81
56570.91
56664.23
56759.88
56862.23
56960.46
57058.10
57162.51
57260.48
57354.58
57408.72
57460.29
57514.43
57566.76
57620.13
57681.23
57735.11
57787.71
57838.50
57892.38
57943.94
57995.88
58049.50
58099.77
58150.12
58198.33
58246.80
58295.52
58346.31
58407.93
58482.18
58554.62
58636.61
58718.59
58787.69
58870.45
58952.69
59023.33
59104.80
59188.33
59268.25
59339.92
59417.01
59488.16
59564.22
59644.66
59718.39
59800.63
59878.75
59942.65
60014.58
60087.54
60157.92
60237.84
60311.84
60384.28
60451.05
60522.73
60594.91
60663.23
60732.07
60791.62
60860.98
60926.46
60983.44
61053.82
61123.17
61173.96
61206.19
61245.89
61286.37
61317.56
61364.23
61403.41
61436.67
61481.79
61513.76
61558.62
61599.09
61633.12
61684.95
61734.96
61786.27
61824.94
61858.97
61888.88
61930.90
61978.59
62022.16
62069.60
62113.43
62161.64
62212.95
62258.84
62307.82
62354.23
62399.60
62448.59
62493.96
62541.40
62587.55
62634.98
62677.01
62716.97
62752.80
62773.17
62784.00
62796.38
62808.75
62820.87
62831.70
62843.04
62854.90
62870.11
62883.00
62894.60
62905.17
62916.26
62927.09
62938.17
62949.00
62959.83
62970.40
62986.38
62997.47
63008.55
63018.87
63031.50
63045.42
63056.51
63067.59
63079.20
63092.09
63106.52
63119.16
63131.79
63146.48
63158.86
63169.69
63181.80
63193.66
63205.27
63222.02
63234.40
63245.23
63256.05
63269.98
63282.09
63293.44
63304.52
63316.38
63332.37
63344.23
63356.86
63369.49
63381.87
63392.95
63404.04
63414.61
63425.44
63436.78
63449.16
63460.76
63472.86
63483.95
63498.90
63511.27
63522.36
63533.45
63544.53
63561.29
63570.05
63578.56
63587.07
63595.84
63604.86
63614.66
63623.16
63631.93
63640.70
63648.95
63659.00
63667.77
63676.53
63684.78
63693.29
63701.54
63711.85
63720.88
63730.16
63739.18
63747.95
63757.23
63767.02
63775.79
63784.81
63794.09
63803.38
63813.17
63822.20
63830.45
63840.50
63849.27
63858.29
63868.86
63877.62
63886.91
63895.67
63904.44
63914.23
63923.52
63932.02
63942.08
63950.33
63959.61
63970.44
63979.98
63989.77
63998.54
64008.59
64018.91
64028.70
64039.27
64050.10
64060.41
64071.50
64081.30
64090.84
64101.66
64111.98
64122.03
64133.12
64143.69
64154.00
64165.09
64176.95
64188.80
64198.86
64209.43
64219.23
64228.77
64238.56
64250.42
64260.44
64270.50
64281.32
64290.86
64300.40
64311.23
64321.80
64332.11
64341.39
64349.90
64359.96
64369.24
64378.52
64387.54
64396.82
64405.59
64415.39
64425.44
64434.46
64443.23
64452.25
64462.82
64471.07
64480.36
64490.93
64500.46
64511.29
64521.61
64530.89
64539.65
64548.93
64558.73
64568.53
64578.58
64587.09
64597.14
64606.68
64615.96
64626.02
64635.04
64644.07
64652.83
64662.89
64671.91
64681.19
64689.96
64701.04
64711.10
64721.15
64730.18
64739.46
64748.22
64758.28
64768.33
64778.39
64788.70
64798.75
64807.78
64816.03
64824.28
64833.04
64841.55
64851.35
64860.11
64867.85
64877.13
64885.89
64894.14
64904.20
64912.96
64922.25
64931.27
64939.78
64948.03
64957.31
64967.88
64977.93
64987.47
64996.24
65005.26
65013.51
65022.28
65031.30
65039.81
65047.80
65057.60
65065.85
65074.10
65083.12
65091.63
65099.62
65109.16
65118.44
65126.43
65135.46
65144.48
65154.02
65163.30
65173.87
65183.41
65191.66
65200.17
65209.19
65218.73
65227.75
65236.78
65245.80
65254.31
65263.85
65273.90
65282.67
65291.95
65300.46
65310.00
65319.54
65328.56
65338.36
65347.38
65355.37
65363.88
65373.93
65386.57
65410.03
65425.24
65428.07
65443.29
65479.64
65511.09
65532.75
65548.21
65562.14
65576.83
65594.36
65612.93
65629.94
65632.26
65636.39
65649.54
65665.52
65681.25
65694.91
65711.15
65724.82
65735.39
65747.50
65757.04
65766.58
65778.18
65789.79
65800.36
65809.38
65820.21
65831.29
65840.32
65851.92
65863.26
65873.06
65878.99
65904.00
65916.89
65929.78
65941.38
65954.27
65964.07
65978.25
65985.98
65995.26
66005.57
66014.60
66022.59
66029.81
66036.52
66046.05
66056.11
66063.33
66071.32
66080.60
66088.08
66098.13
66119.02
66148.15
66153.05
66154.34
66178.57
66211.31
66243.02
66275.25
66309.28
66338.16
66370.38
66414.47
66463.71
66512.95
66569.93
66629.74
66688.78
66754.01
66813.30
66871.05
66924.94
66992.23
67052.55
67115.46
67166.77
67223.23
67291.29
67356.77
67416.33
67478.72
67543.17
67604.79
67670.53
67732.66
67797.38
67860.80
67915.71
67968.82
68004.40
68006.46
68051.84
68099.53
68120.16
68147.48
68175.59
68203.17
68232.30
68279.48
68289.80
68307.84
68327.18
68349.87
68371.52
68390.60
68412.77
68442.16
68444.74
68451.70
68457.89
68464.34
68470.52
68476.45
68482.12
68487.54
68493.98
68501.46
68508.16
68514.35
68521.05
68527.24
68533.69
68540.13
68545.80
68553.54
68558.18
68563.59
68569.78
68576.23
68582.67
68589.63
68594.02
68600.20
68605.36
68612.06
68619.28
68625.73
68633.46
68639.91
68646.09
68663.11
68704.10
68744.32
68784.54
68825.02
68863.43
68898.23
68901.07
68903.91
68906.48
68909.32
68911.12
68914.48
68917.31
68919.63
68922.73
68925.56
68928.14
68930.98
68933.81
68936.65
68938.71
68941.29
68943.87
68945.67
68947.48
68949.80
68951.60
68954.44
68956.76
68958.05
68960.62
68963.20
68965.52
68967.33
68968.88
68971.45
68974.80
68977.38
68978.93
68980.99
68983.83
68986.92
68989.24
68991.05
68993.88
68996.98
68999.81
69002.65
69004.20
69006.26
69008.58
69011.41
69013.48
69015.54
69017.09
69018.38
69020.70
69023.53
69025.85
69028.17
69030.75
69032.81
69034.62
69037.20
69040.03
69042.09
69043.64
69047.51
69049.83
69051.89
69053.44
69054.98
69057.56
69059.37
69062.98
69067.10
69070.45
69073.55
69077.67
69079.73
69081.80
69083.86
69087.21
69088.76
69090.05
69092.11
69093.91
69095.98
69097.78
69099.07
69100.62
69102.16
69103.71
69105.52
69108.09
69111.70
69115.05
69118.41
69121.50
69151.41
69193.95
69236.23
69282.63
69334.71
69387.56
69439.90
69492.49
69545.60
69599.23
69652.59
69706.48
69727.10
70404.63
71173.43
71975.74
72776.77
73178.95
73581.40
73989.77
74408.98
74818.90
75243.00
75658.59
76097.13
76524.07
76931.41
76997.16
