10.79
7.33
8.55
9.72
9.27
68.02
119.44
171.78
223.76
275.32
325.86
379.27
429.03
481.11
530.61
581.66
633.43
982.04
1390.79
1832.57
2248.14
2702.67
3075.10
3511.59
3930.20
4343.20
4786.61
5224.45
5646.22
6048.88
6451.84
6884.73
7284.59
7703.41
8112.48
8527.04
8949.08
9366.48
9847.98
10262.55
10491.37
10493.45
10511.49
10511.75
10512.27
10512.52
10512.78
10513.04
10513.30
10513.81
10514.07
10515.10
10515.88
10516.13
10547.07
10613.84
10626.22
10683.71
10702.53
10722.38
10751.37
10812.99
10906.58
11022.85
11084.98
11152.27
11194.60
11246.42
11329.70
11396.74
11457.85
11534.16
11614.86
11682.40
11785.79
11859.78
11920.62
11998.74
12078.06
12155.41
12206.71
12242.29
12285.86
12327.11
12368.10
12415.02
12457.12
12514.61
12575.53
12614.20
12638.95
12665.77
12682.52
12697.22
12709.59
12721.71
12733.05
12749.81
12759.09
12767.34
12776.37
12785.39
12796.22
12807.30
12816.07
12825.35
12834.63
12845.20
12859.64
12870.21
12880.52
12889.80
12900.89
12911.72
12922.29
12934.41
12944.46
12954.77
12965.09
12974.37
12983.13
12991.64
12999.89
13008.40
13017.68
13025.93
13034.44
13043.12
13052.41
13061.69
13070.97
13078.96
13086.95
13094.95
13103.45
13112.48
13120.98
13127.69
13133.88
13142.64
13164.81
13185.70
13197.30
13213.28
13226.43
13239.58
13253.50
13266.65
13277.73
13288.56
13300.68
13316.41
13359.72
13407.67
13457.69
13500.48
13536.58
13570.09
13597.42
13621.40
13628.88
13636.35
13643.83
13650.02
13656.72
13663.42
13690.23
13725.04
13728.65
13732.00
13734.32
13737.41
13739.99
13743.34
13745.92
13748.50
13750.56
13753.40
13755.46
13757.78
13760.36
13763.71
13765.77
13769.38
13772.99
13790.52
13832.03
13882.56
13887.98
14587.16
15006.11
15323.73
9.12
67.23
115.30
167.63
218.86
267.84
319.14
367.88
418.41
468.94
516.64
566.65
613.57
663.59
729.59
765.47
813.68
864.21
911.13
961.66
1005.49
1090.12
1445.66
1850.35
2270.38
2664.26
3107.80
3466.77
3890.50
4288.10
4684.85
5121.34
5553.76
5919.62
6300.21
6702.66
7129.16
7518.20
7934.34
8333.70
8729.46
9125.98
9536.16
10007.01
10399.66
10795.40
11228.12
11579.77
11964.17
12357.99
12742.09
13066.82
13470.55
13848.25
14913.79
15141.30
15529.56
15921.70
16323.08
16573.68
16641.73
16648.18
16669.32
16669.57
16669.83
16672.67
16672.93
16673.18
16673.44
16680.40
16680.66
16680.92
16688.14
16688.39
16695.61
16695.87
16696.13
16703.35
16703.61
16703.86
16704.12
16711.08
16711.34
16729.39
16729.64
16729.90
16730.16
16730.42
16730.68
16730.93
16731.19
16731.45
16734.80
16735.06
16735.32
16742.54
16742.79
16743.05
16750.27
16750.53
16750.79
16751.04
16758.00
16758.26
16758.52
16765.74
16766.00
16766.25
16773.47
16773.73
16773.99
16780.43
16781.21
16781.46
16781.72
16788.94
16789.20
16789.46
16796.68
16796.93
16797.19
16824.52
16824.78
16825.04
16825.29
16825.55
16825.81
16826.07
16826.32
16826.58
16828.39
16828.64
16836.12
16836.38
16836.89
16843.86
16844.11
16844.37
16851.59
16851.85
16852.11
16852.62
16852.88
16853.39
16853.91
16854.43
16854.94
16899.54
16955.64
17007.98
17031.44
17055.00
17074.07
17093.41
17114.29
17135.43
17165.92
17251.00
17326.54
17416.00
17494.12
17580.20
17667.86
17743.91
17818.68
17919.43
17998.32
18092.17
18173.94
18239.47
18327.13
18404.21
18493.42
18594.22
18684.20
18764.64
18864.67
18953.06
19048.65
19136.56
19203.85
19244.59
19292.54
19343.33
19387.41
19430.73
19470.13
19514.54
19561.71
19608.38
19662.00
19732.64
19799.16
19864.02
19932.60
19998.60
20061.25
20101.47
20129.83
20161.54
20194.28
20224.96
20253.32
20280.39
20305.14
20331.38
20352.00
20363.09
20374.18
20387.07
20398.41
20409.75
20420.58
20431.41
20441.72
20452.81
20463.64
20478.33
20489.42
20499.47
20510.82
20521.39
20531.18
20541.75
20553.87
20562.89
20572.18
20581.46
20592.80
20604.40
20616.26
20634.31
20646.68
20661.89
20674.01
20685.36
20695.41
20705.72
20715.78
20725.57
20735.11
20748.52
20758.32
20768.63
20778.43
20786.93
20795.18
20803.18
20812.71
20821.22
20829.21
20837.46
20847.30
20856.33
20865.09
20874.12
20882.37
20891.13
20901.96
20910.73
20919.75
20928.26
20937.28
20946.56
20955.33
20965.38
20973.89
20983.17
20992.20
21002.77
21012.30
21022.10
21030.87
21039.63
21047.37
21054.33
21061.80
21069.80
21077.27
21083.72
21090.94
21098.67
21106.92
21115.95
21128.58
21147.14
21173.70
21192.77
21203.60
21218.04
21237.63
21249.75
21261.09
21273.98
21286.36
21296.16
21314.98
21324.26
21339.47
21346.95
21357.26
21367.83
21386.13
21395.67
21432.54
21484.10
21523.55
21569.95
21610.69
21660.19
21707.88
21752.23
21799.15
21829.83
21866.18
21882.42
21904.85
21921.09
21927.80
21935.27
21943.01
21948.94
21956.41
21963.38
21969.05
21974.72
21982.71
21990.70
22004.37
22046.91
22086.09
22088.67
22092.02
22094.34
22096.92
22099.24
22101.30
22103.37
22106.20
22109.30
22113.16
22116.00
22118.06
22120.64
22122.96
22125.02
22126.83
22129.66
22132.24
22135.59
22137.66
22139.72
22142.55
22144.88
22147.45
22150.03
22152.35
22154.93
22158.02
22163.18
22204.43
22247.23
22300.08
22350.61
22988.70
23571.87
23992.62
24432.96
24686.39
