10.94
10.36
8.79
9.15
9.73
68.26
119.01
171.61
222.36
274.70
323.42
375.73
425.74
478.08
526.55
578.11
624.23
910.20
1318.05
1718.03
2142.13
2532.03
2930.09
3344.16
3772.32
4137.08
4721.02
4962.71
5370.46
5759.59
6149.05
6586.55
6967.08
7399.27
7728.50
8114.89
8508.73
8899.83
9349.71
9761.06
10147.27
10533.47
10944.21
11159.24
11161.48
11161.74
11162.00
11169.22
11169.48
11169.73
11169.99
11176.95
11177.21
11177.47
11184.95
11185.20
11192.42
11192.68
11192.94
11200.16
11200.41
11200.67
11200.93
11207.89
11208.15
11226.20
11226.45
11226.71
11226.97
11227.23
11227.48
11227.74
11228.00
11228.26
11228.52
11228.77
11230.32
11230.58
11231.09
11316.43
11326.48
11337.57
11397.12
11415.95
11435.54
11489.67
11546.13
11636.72
11754.02
11825.18
11908.44
12010.02
12061.06
12108.44
12152.52
12202.02
12264.95
12341.52
12399.77
12482.27
12570.45
12641.60
12709.62
12778.97
12860.96
12932.11
13005.65
13041.75
13083.77
13130.95
13172.46
13213.96
13258.33
13300.36
13344.70
13387.24
13409.41
13420.75
13432.87
13444.21
13458.39
13470.51
13488.30
13500.93
13512.79
13525.43
13533.68
13543.73
13552.75
13561.52
13570.29
13579.57
13589.36
13599.68
13610.76
13621.33
13632.42
13644.02
13654.59
13665.12
13675.95
13686.78
13696.84
13710.24
13721.59
13731.64
13741.18
13750.72
13758.45
13766.45
13775.47
13785.01
13793.77
13802.54
13811.56
13820.33
13830.12
13838.38
13846.88
13855.13
13862.87
13871.63
13880.40
13888.94
13897.19
13905.18
13915.24
13933.03
13954.94
13963.19
13976.08
13991.29
14006.76
14021.20
14035.64
14044.40
14053.68
14065.54
14077.92
14086.94
14124.32
14168.93
14219.97
14272.31
14301.44
14327.22
14354.55
14371.57
14384.97
14391.42
14399.15
14405.34
14412.82
14421.07
14442.21
14482.43
14484.75
14487.58
14490.93
14493.00
14496.09
14498.67
14502.02
14504.86
14507.18
14509.50
14511.30
14513.62
14515.17
14516.71
14519.55
14522.39
14525.74
14527.03
14531.41
14559.77
14604.63
14656.45
14707.24
14758.54
14772.98
15269.01
15748.29
16195.07
16326.30
10.17
67.70
116.04
168.37
219.36
268.34
319.64
368.33
418.86
469.65
517.09
567.36
614.28
664.30
730.04
766.09
814.05
864.06
911.50
961.77
1007.66
1088.24
1419.80
1824.42
2229.47
2616.69
3093.59
3417.98
3825.02
4242.64
4616.88
5037.88
5437.49
5840.61
6221.84
6621.71
7047.41
7420.21
7845.89
8207.08
8601.94
9003.35
9395.48
9874.35
10267.26
10651.14
11043.27
11438.66
11818.42
12210.30
12588.80
12966.62
13359.27
13736.97
14743.98
14932.22
15325.90
15707.46
16139.70
16492.90
16875.23
17258.86
17658.98
17850.81
17903.01
17908.16
17930.33
17930.85
17931.11
17934.20
17934.46
17934.71
17941.93
17942.19
17949.41
17949.67
17949.93
17957.14
17957.40
17957.66
17957.92
17964.88
17965.14
17965.39
17972.61
17972.87
17991.18
17991.43
17991.69
17991.95
17992.21
17992.46
17992.72
17996.33
17996.59
17996.85
18004.07
18004.32
18004.58
18004.84
18011.80
18012.06
18012.32
18019.54
18019.79
18020.05
18027.27
18027.53
18027.79
18028.04
18035.00
18035.26
18035.52
18042.74
18043.00
18043.25
18050.47
18050.73
18050.99
18058.46
18058.72
18058.98
18066.20
18093.27
18093.53
18093.79
18094.04
18094.30
18094.56
18094.82
18095.07
18095.33
18095.59
18095.85
18097.65
18097.91
18098.17
18105.39
18105.64
18105.90
18113.12
18113.38
18113.64
18113.89
18114.15
18114.41
18114.67
18115.18
18115.70
18116.21
18117.25
18200.27
18210.84
18267.56
18290.51
18311.52
18330.34
18349.93
18370.81
18391.18
18460.02
18538.39
18624.24
18676.96
18728.78
18808.96
18893.26
18973.44
19050.53
19136.97
19235.71
19304.03
19389.11
19473.59
19553.00
19612.81
19696.08
19775.28
19862.16
19947.50
20022.78
20099.09
20186.49
20276.72
20365.93
20455.90
20534.54
20619.36
20664.99
20704.18
20752.64
20795.44
20838.24
20885.93
20931.31
20974.36
21022.57
21069.57
21118.55
21164.18
21208.27
21262.67
21329.44
21391.57
21444.94
21474.17
21501.75
21531.14
21563.11
21587.61
21599.46
21610.81
21627.31
21639.43
21648.45
21657.47
21666.75
21676.55
21687.38
21701.56
21711.10
21721.41
21731.72
21741.78
21755.70
21764.98
21774.52
21784.83
21795.40
21805.97
21818.09
21832.53
21844.13
21854.18
21864.24
21874.55
21884.61
21896.98
21907.55
21917.61
21929.46
21940.55
21952.15
21970.46
21984.64
22002.17
22012.48
22024.08
22034.39
22044.96
22055.02
22065.85
22076.68
22092.14
22103.65
22112.67
22120.41
22128.66
22137.16
22146.19
22154.70
22162.69
22171.71
22179.19
22187.95
22196.20
22204.97
22212.96
22221.73
22230.75
22239.26
22248.28
22256.27
22264.27
22272.77
22281.80
22290.56
22299.84
22308.09
22316.86
22325.62
22336.20
22344.19
22353.98
22362.23
22371.26
22380.54
22388.79
22397.55
22405.03
22412.77
22420.24
22433.13
22442.67
22466.13
22492.17
22512.02
22513.05
22520.02
22538.84
22557.66
22571.84
22587.30
22601.74
22614.89
22626.23
22641.19
22653.30
22667.48
22679.60
22695.59
22707.19
22723.69
22733.23
22746.38
22785.82
22827.33
22887.40
22936.64
22985.88
23027.13
23049.30
23088.49
23119.95
23152.69
23185.43
23210.95
23225.91
23242.66
23262.52
23268.45
23275.15
23281.34
23288.30
23295.00
23301.19
23307.12
23314.59
23320.78
23328.00
23335.22
23356.36
23397.09
23429.32
23432.16
23435.25
23438.34
23440.92
23443.76
23446.08
23448.66
23451.75
23455.10
23457.42
23460.26
23463.35
23466.19
23468.51
23470.57
23472.38
23474.44
23476.76
23480.11
23482.69
23485.52
23488.36
23490.94
23493.52
23496.35
23498.41
23500.48
23507.18
23536.83
23579.29
23625.43
23677.77
23729.85
23780.89
23832.97
23883.81
23935.89
24319.00
25032.62
25453.38
25885.21
26327.88
26478.70
9.39
64.80
114.98
162.42
213.27
263.80
309.18
358.68
409.33
457.28
504.72
553.19
601.91
647.29
696.02
746.53
796.55
842.18
890.65
939.38
986.55
1033.22
1082.20
1130.93
1174.76
1222.97
1270.15
1317.59
1362.19
1410.40
1451.89
1537.23
1728.23
2135.71
2518.44
2929.12
3307.05
3700.75
4122.95
4607.52
4905.76
5397.41
5715.92
6129.55
6508.54
6896.13
7350.35
7736.55
8107.03
8506.43
8895.69
9290.52
9687.55
10169.91
10559.85
10949.14
11337.41
11767.14
12142.26
12528.72
12931.39
13315.85
13682.98
14081.04
14697.73
14931.89
15297.47
15681.87
16071.16
16454.27
16852.31
17237.48
17618.79
18013.75
18397.26
18779.79
19178.37
19557.87
19938.66
20334.14
20712.98
21285.49
21665.77
22051.20
22439.98
22822.05
23209.80
23598.33
23979.12
24365.26
24753.27
25103.12
25172.73
25212.92
25213.69
25214.72
25215.75
25216.53
25218.59
25224.26
25230.96
25241.28
25249.53
25249.79
25250.04
25250.30
25268.35
25268.61
25268.86
25269.12
25269.38
25269.64
25269.89
25270.15
25274.02
25274.28
25274.54
25281.75
25282.01
25289.49
25289.75
25290.00
25297.22
25297.48
25298.00
25304.96
25305.21
25305.47
25312.69
25312.95
25313.21
25320.43
25320.68
25320.94
25328.16
25328.42
25328.68
25335.89
25336.15
25336.41
25363.74
25364.00
25364.25
25364.51
25364.77
25365.03
25365.29
25365.54
25365.80
25367.61
25367.86
25368.12
25375.34
25375.60
25383.07
25383.33
25383.59
25390.81
25391.07
25391.32
25398.54
25398.80
25399.06
25399.32
25406.28
25406.54
25406.79
25414.27
25414.53
25422.00
25422.26
25423.04
25429.74
25430.00
25430.25
25437.47
25437.73
25437.99
25445.21
25445.46
25445.72
25452.94
25453.20
25453.46
25453.71
25460.68
25460.93
25461.19
25468.93
25469.18
25476.40
25476.66
25476.93
25477.19
25484.15
25484.41
25484.66
25491.88
25492.14
25492.40
25499.62
25499.88
25507.09
25507.35
25507.61
25514.83
25515.09
25515.34
25515.60
25515.86
25516.12
25516.38
25516.89
25517.41
25517.92
25594.23
25650.38
25663.53
25685.40
25710.15
25732.58
25753.46
25774.66
25795.80
25815.91
25862.83
25885.26
25935.27
26037.23
26111.84
26205.95
26295.41
26382.30
26467.54
26560.09
26641.56
26731.89
26828.31
26916.23
27001.30
27103.91
27186.67
27281.03
27382.09
27464.08
27547.61
27645.32
27734.78
27826.82
27897.04
27949.12
28003.00
28053.66
28101.88
28147.77
28198.81
28247.80
28298.59
28346.02
28396.81
28446.31
28497.10
28569.29
28630.91
28695.62
28767.07
28841.07
28906.55
28982.61
29058.92
29123.89
29184.21
29248.93
29332.97
29392.53
29468.41
29549.11
29615.62
29686.01
29744.79
29778.05
29813.11
29848.17
29889.42
29922.16
29951.30
29992.29
30036.63
30081.23
30126.35
30171.21
30214.27
30259.84
30303.15
30344.14
30380.75
30405.76
30419.68
30432.83
30443.91
30455.77
30466.09
30477.17
30487.48
30498.31
30508.88
30523.84
30534.92
30546.27
30556.58
30567.15
30578.75
30589.32
30600.42
30612.02
30622.85
30633.68
30643.99
30659.71
30672.09
30683.95
30700.96
30711.79
30725.97
30738.09
30749.95
30761.29
30773.15
30788.36
30798.16
30808.21
30818.79
30829.10
30838.38
30848.95
30859.52
30869.32
30879.89
30893.04
30902.32
30910.05
30918.04
30926.81
30935.57
30943.82
30952.33
30960.58
30969.35
30978.11
30986.62
30994.87
31002.86
31012.40
31021.68
31030.19
31037.93
31045.93
31053.92
31063.71
31072.22
31080.73
31089.24
31098.00
31107.80
31116.57
31126.88
31136.93
31145.96
31155.50
31166.32
31177.41
31187.21
31196.75
31207.32
31217.37
31227.94
31238.51
31248.57
31258.36
31267.39
31277.70
31286.21
31297.04
31305.29
31314.05
31323.07
31332.36
31340.86
31350.92
31360.46
31368.71
31377.47
31387.53
31396.29
31406.61
31415.11
31422.85
31432.13
31441.15
31449.92
31458.17
31466.68
31475.96
31485.75
31494.26
31502.51
31510.50
31520.56
31529.58
31538.61
31547.37
31555.11
31563.87
31578.05
31589.14
31624.20
31642.76
31663.13
31677.57
31678.86
31679.63
31693.04
31710.82
31725.78
31740.99
31754.65
31766.77
31779.66
31794.36
31805.96
31817.82
31829.42
31844.89
31857.78
31871.70
31883.82
31889.75
31899.03
31906.76
31915.27
31926.87
31935.38
31961.16
31962.96
31976.37
32006.28
32043.66
32081.82
32125.90
32168.18
32207.11
32243.21
32284.71
32331.64
32379.59
32416.46
32464.67
32526.29
32570.37
32611.36
32618.07
32644.88
32675.04
32709.59
32722.22
32735.63
32751.10
32764.25
32784.87
32792.09
32798.54
32805.75
32811.68
32818.13
32825.35
32832.05
32838.75
32845.20
32851.64
32857.83
32863.25
32870.72
32878.46
32885.42
32914.81
32955.54
32994.99
33010.46
33013.29
33016.13
33018.96
33020.77
33023.86
33026.44
33029.28
33031.08
33032.63
33035.21
33037.79
33041.65
33043.46
33045.78
33048.10
33049.90
33051.71
33054.54
33056.61
33059.44
33062.02
33063.82
33065.89
33068.46
33071.04
33072.85
33074.91
33076.97
33079.81
33081.61
33083.68
33086.00
33088.06
33091.41
33095.28
33098.63
33101.72
33104.56
33107.14
33108.68
33111.26
33115.39
33129.05
33170.30
33211.55
33260.79
33313.64
33366.50
33419.35
33471.94
33523.50
33575.84
33628.18
33680.51
33732.59
33757.86
34117.50
34941.47
35439.82
35861.35
36288.80
36729.66
37166.14
37343.77
11.00
64.10
114.39
160.80
209.30
258.80
307.78
355.22
402.90
451.11
500.61
548.82
593.68
639.57
687.78
737.13
785.86
835.10
879.70
926.37
974.32
1022.27
1068.42
1112.25
1160.20
1207.64
1254.56
1300.71
1343.77
1390.95
1472.41
1487.90
1536.37
1584.84
1632.28
1677.14
1722.25
1769.95
1817.13
1865.08
1900.40
1972.49
2101.78
2383.16
2763.56
3183.77
3622.23
4090.45
4462.58
4883.13
5306.80
5868.45
6160.66
6589.77
6999.55
7421.80
7887.44
8296.84
8703.67
9122.09
9538.70
9967.75
10390.04
10874.49
11302.20
11714.44
12208.95
12563.70
12957.89
13363.21
13782.36
14195.63
14603.75
15096.61
15507.05
15908.72
16334.62
16751.25
17181.98
17602.99
18016.26
18430.57
18856.21
19260.69
19662.36
20087.49
20488.39
20885.52
21956.21
22297.63
22702.14
23107.42
23527.91
23930.87
24334.35
24744.41
25146.08
25547.23
25963.34
26364.76
26723.63
27138.71
27541.84
27859.22
28269.66
28671.33
29084.60
29462.81
29865.77
30289.10
30705.98
32659.43
32882.23
32966.54
33296.55
33303.51
33303.77
33304.03
33304.29
33311.25
33311.50
33311.76
33318.98
33319.24
33319.50
33326.71
33326.97
33334.19
33334.45
33334.71
33341.93
33342.18
33342.44
33349.66
33349.92
33350.18
33357.39
33357.65
33364.87
33365.13
33365.39
33372.61
33372.86
33373.12
33380.34
33380.60
33380.86
33388.07
33388.33
33388.59
33395.81
33396.07
33403.54
33403.80
33404.06
33411.28
33411.54
33411.79
33412.05
33412.31
33412.57
33413.08
33413.60
33413.86
33423.91
33531.18
33562.41
33573.24
33595.45
33617.37
33643.22
33668.23
33689.37
33710.36
33759.09
33782.29
33806.06
33831.07
33855.23
33918.41
33996.27
34088.83
34173.65
34253.80
34352.80
34431.95
34519.21
34606.36
34688.08
34761.04
34840.71
34930.94
35022.72
35105.22
35195.71
35271.81
35345.29
35434.49
35518.02
35611.86
35702.36
35782.54
35865.04
35957.59
36048.86
36140.12
36230.10
36311.82
36404.89
36498.74
36583.04
36671.99
36768.15
36855.29
36949.65
37032.93
37132.44
37228.35
37317.89
37405.04
37510.48
37591.85
37643.15
37693.17
37738.29
37786.75
37836.77
37885.24
37935.77
37980.63
38026.78
38076.28
38126.55
38178.11
38227.87
38279.43
38330.74
38384.11
38440.31
38489.55
38540.60
38592.42
38643.21
38692.19
38738.86
38797.12
38864.67
38932.73
39002.86
39071.95
39141.56
39210.14
39271.75
39305.79
39336.46
39371.01
39402.98
39435.98
39468.98
39496.31
39522.35
39556.89
39595.31
39607.17
39618.77
39628.82
39639.39
39652.54
39664.14
39675.49
39686.57
39696.89
39707.46
39720.35
39731.69
39742.52
39753.61
39764.43
39775.00
39785.06
39795.89
39807.75
39818.83
39830.69
39842.04
39852.09
39862.40
39875.04
39884.32
39894.37
39904.68
39913.71
39924.28
39941.29
39954.96
39967.85
39982.29
39996.72
40008.84
40021.73
40033.33
40044.93
40056.79
40068.14
40089.28
40105.00
40116.35
40127.43
40138.78
40149.86
40159.92
40171.52
40183.64
40194.98
40209.16
40225.40
40236.49
40250.93
40266.39
40279.80
40291.66
40304.81
40315.38
40326.46
40339.61
40352.76
40364.62
40375.45
40386.02
40396.85
40407.68
40418.25
40428.82
40438.87
40449.70
40465.94
40478.83
40489.66
40506.16
40515.96
40528.07
40537.61
40545.86
40555.66
40564.94
40573.45
40581.44
40589.69
40599.23
40608.00
40617.54
40625.79
40634.04
40643.57
40652.34
40660.85
40669.87
40678.89
40687.66
40696.68
40705.71
40713.44
40721.95
40730.71
40740.25
40750.05
40759.07
40767.58
40776.35
40784.86
40793.11
40803.42
40812.70
40821.21
40830.23
40838.22
40848.02
40856.53
40865.04
40874.32
40882.82
40892.36
40902.42
40910.93
40920.21
40928.97
40938.25
40946.55
40956.09
40964.59
40973.36
40982.64
40990.63
40999.66
41007.91
41018.48
41027.50
41037.04
41046.58
41056.63
41066.17
41075.97
41085.51
41095.05
41105.36
41115.67
41125.21
41135.52
41145.58
41155.12
41163.88
41172.39
41181.93
41190.70
41201.01
41220.60
41222.92
41241.23
41267.78
41298.72
41326.56
41348.99
41364.72
41367.04
41367.81
41368.33
41382.77
41400.55
41422.21
41438.45
41457.27
41477.90
41493.11
41508.06
41520.18
41535.13
41549.05
41561.69
41572.26
41583.86
41594.43
41609.64
41620.98
41633.36
41647.28
41662.75
41676.16
41685.44
41698.84
41710.96
41718.44
41729.78
41739.06
41769.23
41771.80
41788.82
41812.28
41840.12
41905.09
41955.88
42014.66
42071.38
42129.91
42182.24
42238.70
42296.20
42345.44
42395.20
42403.19
42446.76
42483.37
42532.61
42573.09
42599.12
42633.26
42663.94
42695.65
42724.53
42760.11
42771.19
42786.66
42802.39
42814.25
42825.59
42837.45
42856.79
42862.97
42870.71
42877.41
42883.60
42889.27
42895.71
42901.39
42907.57
42913.25
42918.66
42923.30
42929.49
42936.19
42943.41
42950.63
42957.07
42966.10
42972.80
42980.02
42986.72
43003.48
43045.25
43085.72
43124.65
43145.02
43147.08
43150.18
43153.27
43155.33
43157.65
43161.00
43164.10
43166.16
43169.51
43172.09
43174.41
43176.99
43179.57
43181.89
43184.98
43187.30
43189.88
43192.71
43195.04
43196.84
43198.64
43200.96
43203.54
43205.61
43208.70
43211.54
43213.34
43216.43
43218.24
43220.82
43222.36
43225.46
43228.04
43230.87
43233.45
43237.32
43240.15
43241.96
43246.08
43248.40
43250.98
43253.82
43256.65
43258.20
43260.78
43263.36
43264.90
43267.22
43269.03
43270.83
43273.15
43277.02
43281.14
43295.32
43335.54
43378.86
43421.65
43474.25
43527.61
43580.46
43633.32
43686.17
43740.05
43793.16
43846.01
43898.86
43952.49
44005.86
44059.22
44112.59
44165.96
44181.43
44438.72
45248.51
46028.91
46449.92
46884.07
47325.96
47777.14
48235.79
48681.03
48862.79
9.36
62.18
111.95
161.71
209.40
254.26
302.73
350.94
400.82
449.29
495.95
540.55
586.70
634.14
681.83
730.29
777.99
826.97
873.38
917.98
963.61
1011.05
1058.75
1104.38
1152.07
1197.45
1241.79
1286.65
1333.06
1379.72
1426.39
1474.94
1522.89
1570.59
1617.25
1664.95
1709.81
1753.64
1800.82
1848.25
1894.92
1942.36
1987.73
2032.07
2076.16
2123.08
2169.75
2215.89
2263.07
2308.19
2352.28
2384.50
2452.43
2584.35
2713.57
2996.16
3461.54
3825.58
4258.76
4695.63
5106.06
5529.39
5950.09
6378.84
6809.14
7238.10
7648.72
8371.62
8539.37
8931.50
9395.03
9772.07
10188.96
10621.31
11104.58
11527.14
11952.27
12343.89
12817.14
13204.89
13614.30
14030.48
14447.35
14851.34
15917.91
16163.32
16584.33
16993.73
17414.48
17840.20
18254.77
18680.41
19102.45
19511.90
19936.60
20360.70
20773.97
21192.92
21610.59
22195.69
22620.82
23029.45
23448.40
23870.70
24279.33
24684.35
25099.95
25491.17
25862.16
26271.57
26673.75
27089.86
27495.14
27893.50
28321.72
28621.04
29035.86
29450.94
29819.61
30237.01
30644.61
31046.80
32705.57
32956.82
33368.55
33778.02
34181.75
34597.35
35011.39
35414.36
35827.89
36240.64
36640.83
37062.87
37478.72
37880.39
38297.54
38708.49
39109.90
39535.29
39948.31
40268.00
40427.53
40512.87
40670.08
40672.42
40672.68
40672.93
40680.15
40680.41
40680.67
40687.89
40688.14
40688.66
40695.62
40695.88
40696.14
40703.36
40703.61
40703.87
40711.09
40711.35
40711.61
40718.82
40719.08
40719.34
40719.60
40726.56
40726.82
40727.07
40734.29
40734.55
40734.81
40742.03
40742.29
40742.54
40742.80
40749.76
40750.02
40750.28
40757.75
40758.01
40765.49
40765.75
40765.80
40766.31
40773.27
40773.53
40773.79
40781.00
40781.26
40788.74
40789.00
40796.47
40796.73
40796.99
40797.25
40804.21
40804.46
40804.72
40811.94
40812.20
40812.46
40819.68
40819.93
40820.19
40827.41
40827.67
40827.93
40828.44
40835.40
40835.66
40843.14
40843.39
40850.61
40850.87
40851.13
40851.64
40858.86
40859.12
40866.34
40866.60
40866.86
40874.07
40874.33
40874.59
40881.81
40882.07
40889.54
40889.80
40890.06
40897.02
40897.28
40897.54
40904.75
40905.01
40905.27
40912.49
40912.75
40913.00
40920.22
40920.48
40927.96
40928.21
40935.43
40935.69
40935.95
40936.21
40943.17
40943.43
40943.68
40950.90
40951.16
40951.42
40958.64
40958.89
40966.37
40966.63
40973.85
40974.11
40974.36
40981.58
40981.84
40982.10
40989.32
40989.57
40989.80
40990.05
40997.02
40997.27
40997.53
41004.75
41005.01
41005.27
41012.48
41012.74
41013.00
41020.22
41020.48
41020.73
41027.95
41028.21
41028.47
41035.69
41035.95
41036.20
41043.42
41043.68
41051.16
41051.41
41058.89
41059.15
41059.41
41059.66
41059.92
41060.44
41060.95
41061.21
41061.73
41069.20
41156.86
41190.96
41220.35
41231.95
41253.23
41274.63
41297.06
41320.78
41344.24
41394.41
41421.22
41446.74
41468.66
41493.15
41517.43
41549.92
41583.95
41670.57
41761.40
41859.37
41956.61
42052.63
42153.18
42245.99
42339.57
42436.58
42529.65
42625.82
42732.81
42825.28
42915.00
43023.02
43114.03
43215.35
43315.89
43381.97
43439.72
43491.29
43545.68
43599.57
43652.16
43706.82
43758.89
43809.94
43863.31
43916.42
43978.04
44056.59
44124.65
44200.71
44277.02
44342.76
44427.07
44517.82
44607.54
44685.91
44743.40
44835.53
44928.60
45020.90
45099.02
45165.27
45251.64
45322.02
45393.18
45485.73
45566.69
45649.96
45720.60
45796.40
45887.92
45976.82
46071.96
46168.89
46253.71
46332.09
46410.72
46471.31
46564.38
46653.84
46733.25
46814.97
46915.52
47000.08
47077.43
47124.86
47175.14
47219.48
47268.98
47321.06
47373.14
47422.38
47470.85
47521.38
47572.94
47619.86
47671.94
47721.18
47769.14
47821.47
47874.07
47923.82
47974.87
48024.63
48075.16
48119.10
48173.50
48222.48
48266.83
48316.07
48366.09
48419.20
48471.53
48522.32
48573.88
48613.84
48651.67
48668.43
48680.54
48692.66
48706.07
48722.05
48735.71
48747.32
48758.66
48770.00
48780.83
48791.66
48803.26
48814.09
48830.85
48843.48
48854.57
48868.23
48880.86
48893.24
48904.32
48915.93
48929.59
48942.74
48958.98
48969.29
48981.67
48993.53
49005.13
49014.15
49023.95
49032.71
49042.25
49051.02
49059.01
49069.07
49078.09
49087.11
49095.88
49105.42
49115.47
49125.01
49134.04
49142.80
49151.31
49160.85
49172.19
49181.47
49190.75
49200.04
49209.06
49218.08
49227.88
49236.90
49248.25
49259.07
49269.64
49279.96
49291.82
49302.64
49312.70
49322.24
49331.78
49342.35
49355.24
49368.13
49379.21
49389.79
49399.07
49409.12
49419.18
49434.13
49447.54
49459.66
49469.71
49479.77
49489.56
49500.65
49513.28
49526.69
49538.03
49548.86
49558.91
49569.23
49579.28
49591.91
49601.97
49610.99
49620.79
49630.59
49640.38
49650.95
49664.10
49675.45
49687.30
49699.16
49709.73
49719.53
49731.91
49744.02
49755.62
49765.68
49775.99
49786.05
49797.65
49813.38
49827.81
49838.90
49849.98
49861.07
49872.16
49882.98
49892.78
49903.35
49913.66
49929.91
49941.77
49953.62
49965.23
49972.96
49981.21
49990.75
49999.00
50007.25
50015.76
50025.04
50033.80
50042.05
50050.30
50059.07
50069.38
50079.54
50088.30
50097.32
50106.35
50115.11
50124.65
50133.93
50143.21
50153.27
50162.29
50171.06
50181.11
50190.39
50199.16
50207.93
50217.46
50226.49
50235.77
50245.82
50254.85
50264.39
50273.93
50282.69
50291.46
50302.03
50312.08
50321.11
50330.64
50340.18
50349.98
50360.55
50370.86
50379.89
50388.65
50397.68
50406.70
50416.24
50425.52
50434.29
50443.31
50452.85
50462.39
50471.93
50481.46
50489.71
50499.00
50508.54
50517.56
50526.58
50535.35
50545.14
50555.46
50565.00
50575.05
50583.82
50593.36
50601.86
50611.92
50621.20
50630.22
50639.25
50648.27
50658.32
50666.83
50675.60
50695.96
50703.96
50706.28
50737.99
50759.90
50783.36
50805.02
50832.61
50852.20
50867.93
50868.70
50869.73
50870.50
50875.14
50892.16
50909.95
50921.81
50934.44
50949.14
50967.44
50982.91
51002.25
51021.32
51034.73
51048.14
51062.32
51075.72
51091.71
51105.89
51117.75
51128.83
51144.04
51157.45
51169.57
51180.14
51192.00
51199.47
51207.72
51219.32
51231.44
51247.68
51260.32
51273.46
51284.04
51293.32
51301.31
51336.89
51340.24
51350.29
51375.30
51420.16
51472.50
51512.20
51558.61
51600.63
51650.90
51698.86
51757.38
51803.79
51858.70
51923.15
51985.80
52039.17
52095.63
52151.57
52186.12
52193.60
52246.19
52300.85
52352.41
52370.71
52411.71
52449.35
52469.97
52507.36
52531.33
52560.98
52588.82
52617.96
52651.99
52661.79
52675.71
52688.08
52701.49
52714.89
52727.27
52739.39
52757.69
52771.10
52777.03
52782.96
52789.40
52794.82
52800.49
52807.45
52813.64
52820.08
52826.01
52831.94
52838.64
52845.61
52852.31
52859.01
52864.94
52871.64
52877.57
52882.47
52889.18
52896.14
52903.10
52909.54
52916.50
52923.21
52931.71
52973.22
53014.73
53055.46
53093.62
53115.54
53118.37
53120.95
53123.79
53126.36
53129.20
53132.29
53135.39
53137.71
53140.80
53143.38
53145.44
53148.02
53150.86
53153.18
53154.98
53157.30
53159.88
53161.68
53164.00
53165.55
53167.87
53169.42
53173.03
53176.38
53178.70
53180.50
53183.34
53185.14
53187.21
53189.79
53191.59
53193.65
53195.71
53197.78
53199.84
53202.42
53205.00
53207.06
53209.38
53211.70
53214.02
53216.34
53218.66
53220.46
53222.53
53224.59
53227.68
53230.00
53233.10
53235.93
53239.03
53242.12
53244.70
53247.54
53251.66
53254.50
53256.82
53259.39
53261.46
53264.04
53266.10
53267.64
53269.45
53271.00
53272.54
53274.61
53280.54
53289.04
53294.20
53326.43
53369.48
53412.02
53454.82
53503.29
53555.62
53607.96
53660.04
53713.40
53766.77
53818.59
53871.70
53924.29
53977.66
54031.03
54084.39
54137.61
54189.94
54242.28
54295.90
54347.98
54400.83
54452.39
54578.21
55372.53
56205.00
56842.57
57271.06
57707.28
58159.48
58597.25
59056.93
59508.87
59964.68
60282.31
9.94
60.39
109.21
156.91
205.25
253.97
299.61
344.98
392.79
437.65
482.51
529.17
575.32
621.47
668.39
712.99
761.41
808.34
854.74
901.15
947.30
992.41
1036.76
1080.84
1124.93
1168.50
1213.88
1259.25
1304.62
1349.48
1394.86
1439.98
1490.26
1534.09
1579.46
1625.61
1671.25
1716.88
1763.54
1807.63
1853.00
1899.15
1944.01
1988.36
2032.18
2076.01
2119.84
2162.89
2207.75
2252.87
2297.73
2342.59
2387.19
2432.31
2476.91
2521.00
2566.11
2610.46
2655.06
2699.66
2744.00
2788.61
2833.46
2878.58
2998.98
3142.23
3270.47
3407.88
3608.13
4012.86
4421.01
4866.21
5269.19
5694.68
6113.36
6526.28
6991.25
7400.69
7839.96
8255.46
8712.60
9133.09
9558.74
9939.79
10371.99
10790.38
11200.30
11707.08
12098.95
12513.26
12941.74
13434.83
13782.87
14208.52
14615.36
15034.56
15459.18
15983.05
16363.32
16754.16
17179.55
17596.70
18005.07
18452.15
18853.31
19260.39
19690.94
20104.23
20512.60
20946.24
21354.62
21763.25
22556.50
22770.03
23196.71
23607.14
24024.54
24447.36
24856.50
25234.71
25654.69
26054.77
26482.22
26898.07
27303.10
27731.07
28143.82
28550.39
28935.71
29282.21
29692.91
30106.44
30474.08
30897.41
31302.69
31706.43
33341.40
33608.68
34028.91
34424.72
34828.20
35243.79
35646.75
36057.19
36474.59
36874.97
37287.67
37696.82
38096.68
38516.66
38922.71
39318.97
39740.50
40138.04
40541.78
40961.24
41364.54
41771.99
42190.42
42585.91
42998.15
43412.45
43822.38
44238.74
44640.67
45041.83
45459.23
45860.90
46266.44
48934.02
49021.35
49262.41
49334.34
49433.59
49793.28
49799.40
49799.66
49799.92
49807.14
49807.39
49807.65
49814.87
49815.13
49822.61
49822.86
49823.12
49830.08
49830.34
49830.60
49837.82
49838.01
49838.27
49845.48
49845.74
49846.00
49853.22
49853.48
49853.73
49860.95
49861.21
49868.69
49868.95
49876.42
49876.68
49876.94
49883.90
49884.16
49884.41
49891.63
49891.89
49892.15
49899.37
49899.62
49899.88
49907.10
49907.36
49907.62
49914.84
49915.09
49922.57
49922.83
49930.30
49930.56
49937.78
49938.04
49938.30
49945.52
49945.77
49946.03
49946.29
49953.25
49953.51
49953.77
49960.98
49961.24
49961.50
49968.72
49968.98
49969.23
49976.45
49976.71
49976.97
49984.19
49984.45
49984.70
49991.92
49992.18
49992.44
49999.66
49999.91
50007.39
50007.65
50015.12
50015.38
50015.64
50022.86
50023.12
50023.38
50030.59
50030.85
50038.07
50038.33
50038.59
50045.80
50046.06
50046.32
50046.58
50046.84
50047.09
50047.61
50048.12
50048.64
50048.90
50058.95
50148.41
50190.61
50215.89
50229.56
50246.62
50267.50
50289.93
50310.82
50336.75
50391.66
50419.77
50445.29
50471.84
50500.72
50528.98
50555.02
50577.45
50604.27
50641.65
50698.11
50796.85
50880.77
50978.74
51073.10
51168.23
51268.71
51364.87
51462.84
51561.84
51651.98
51752.53
51849.46
51942.28
52045.14
52144.14
52237.66
52332.79
52431.53
52531.56
52627.73
52724.66
52820.83
52920.67
53023.79
53112.74
53217.93
53315.54
53409.64
53512.25
53608.93
53698.71
53796.42
53895.68
54000.61
54099.61
54197.57
54290.13
54347.36
54399.96
54448.17
54501.79
54561.61
54616.52
54674.01
54726.35
54778.94
54833.34
54893.93
54952.71
55006.33
55060.47
55115.13
55170.04
55223.67
55274.71
55327.57
55380.68
55437.65
55495.40
55545.93
55611.42
55695.72
55766.88
55851.70
55932.39
55999.94
56078.83
56148.70
56224.50
56300.55
56372.22
56448.79
56522.23
56620.46
56689.29
56761.22
56832.89
56905.86
56996.09
57082.97
57163.67
57229.15
57309.07
57399.82
57475.88
57526.93
57602.96
57688.29
57767.96
57852.00
57925.48
57963.89
58012.36
58062.12
58108.79
58145.39
58174.79
58223.00
58270.95
58316.84
58358.86
58405.01
58456.32
58504.53
58556.35
58601.98
58653.29
58705.11
58754.35
58802.04
58848.71
58895.89
58947.45
58995.33
59045.09
59090.46
59130.68
59168.32
59191.01
59202.09
59212.92
59223.49
59235.61
59246.44
59258.30
59272.48
59284.59
59295.68
59307.02
59323.78
59335.38
59347.24
59357.81
59368.64
59386.17
59400.09
59412.47
59423.81
59435.16
59445.73
59456.04
59466.87
59477.70
59488.52
59498.58
59512.50
59524.36
59536.73
59547.30
59557.36
59571.80
59583.91
59595.26
59607.38
59617.69
59628.52
59644.24
59655.84
59668.22
59682.91
59693.74
59704.83
59716.17
59726.74
59737.57
59748.40
59763.09
59774.70
59786.55
59797.64
59811.82
59824.71
59837.09
59848.17
59858.74
59869.31
59881.69
59894.32
59905.92
59917.01
59927.58
59938.15
59948.98
59959.03
59970.12
59980.95
59991.52
60002.34
60015.75
60025.80
60035.60
60045.91
60055.71
60071.44
60080.46
60089.48
60098.77
60109.08
60117.59
60126.87
60136.15
60145.43
60154.71
60164.51
60174.30
60183.07
60193.12
60201.63
60210.66
60221.48
60231.02
60240.30
60250.36
60259.90
60271.24
60279.49
60289.29
60298.83
60308.11
60318.42
60326.93
60337.24
60347.04
60356.32
60366.12
60376.69
60385.71
60394.73
60403.76
60413.04
60422.58
60431.34
60440.37
60449.65
60459.19
60469.50
60478.27
60487.03
60496.83
60506.11
60515.13
60525.45
60534.47
60544.27
60554.58
60564.38
60573.66
60583.71
60592.48
60602.27
60611.04
60620.32
60630.63
60640.69
60651.26
60661.31
60671.37
60681.16
60690.96
60701.79
60714.68
60724.22
60734.27
60745.10
60755.16
60765.21
60778.36
60790.73
60801.82
60811.88
60822.19
60833.02
60843.07
60855.70
60866.02
60876.07
60885.87
60895.41
60905.98
60915.52
60925.31
60935.37
60945.16
60955.48
60965.02
60976.10
60985.64
60996.21
61006.78
61017.09
61026.38
61034.88
61043.65
61053.45
61062.47
61073.04
61082.84
61092.38
61102.43
61113.26
61121.77
61130.79
61139.81
61148.84
61156.31
61165.08
61173.59
61181.84
61190.34
61199.88
61209.42
61217.93
61226.44
61235.98
61244.74
61252.73
61261.50
61270.52
61280.06
61289.34
61298.62
61307.91
61317.70
61326.47
61335.49
61344.00
61352.77
61362.56
61371.33
61380.87
61390.41
61399.69
61409.74
61418.51
61427.02
61436.81
61445.58
61454.86
61464.14
61472.91
61481.32
61490.86
61499.88
61509.42
61518.96
61528.76
61553.25
61564.59
61568.46
61582.90
61615.90
61651.99
61673.65
61690.92
61709.23
61729.59
61746.09
61747.64
61748.67
61749.45
61750.22
61752.80
61771.10
61789.92
61806.94
61826.27
61840.45
61857.21
61869.84
61883.25
61897.43
61909.80
61923.21
61941.52
61953.12
61968.84
61980.70
61993.85
62003.65
62016.28
62030.72
62044.90
62058.56
62073.26
62090.79
62104.71
62116.83
62130.49
62140.80
62149.57
62158.34
62165.30
62171.74
62179.99
62188.24
62196.23
62205.26
62214.80
62226.40
62235.16
62244.19
62253.21
62280.80
62296.27
62300.39
62310.19
62348.86
62389.08
62441.41
62487.05
62536.03
62581.41
62627.30
62671.90
62725.27
62768.58
62812.41
62850.30
62889.49
62935.90
62978.95
63027.16
63083.62
63132.09
63186.23
63239.34
63267.44
63316.43
63356.39
63399.18
63445.59
63505.92
63568.05
63625.03
63677.62
63720.68
63760.89
63796.99
63822.77
63850.61
63880.52
63908.36
63954.87
63959.51
63973.43
63986.84
63999.47
64010.30
64020.87
64033.76
64047.17
64058.51
64070.37
64096.15
64100.79
64107.50
64115.23
64122.71
64130.70
64136.89
64144.36
64151.84
64157.77
64164.47
64170.92
64177.88
64182.78
64188.71
64194.38
64200.05
64206.24
64212.17
64217.84
64225.83
64232.28
64240.79
64246.46
64252.13
64259.09
64266.57
64273.27
64281.00
64288.48
64325.86
64366.60
64407.59
64447.81
64485.96
64506.07
64509.17
64511.75
64514.84
64517.68
64520.00
64522.06
64525.15
64528.25
64530.57
64533.14
64536.50
64538.82
64542.17
64544.75
64546.55
64548.10
64550.42
64552.22
64554.03
64557.38
64559.44
64561.50
64563.05
64566.14
64569.24
64571.82
64573.36
64575.17
64577.23
64578.78
64581.61
64584.19
64586.51
64588.57
64591.41
64592.96
64595.54
64597.86
64600.18
64601.72
64603.53
64605.85
64608.17
64610.23
64612.81
64614.36
64616.68
64619.51
64621.32
64623.12
64625.44
64627.50
64629.82
64632.14
64634.72
64637.30
64639.88
64642.97
64645.04
64647.36
64650.19
64652.77
64655.86
64658.70
64660.76
64662.31
64664.63
64668.75
64670.82
64673.14
64675.20
64677.26
64678.81
64680.61
64682.68
64684.48
64686.03
64687.57
64689.89
64693.25
64697.11
64702.01
64729.86
64773.68
64817.51
64860.57
64905.17
64958.02
65010.10
65061.40
65115.80
65168.65
65222.28
65275.13
65328.75
65383.15
65436.78
65490.14
65543.51
65596.11
65648.70
65701.04
65754.40
65808.03
65861.14
65915.54
65969.16
66022.27
66075.38
66128.23
66171.80
66709.86
67500.05
68365.27
68998.20
69421.27
69856.20
70308.40
70763.96
71205.33
71669.65
72125.72
72590.82
73029.87
73204.93
9.54
58.50
105.92
153.10
200.23
246.89
292.53
340.22
385.11
431.52
476.38
522.01
566.61
612.50
656.33
701.96
748.13
793.76
839.65
884.77
929.63
973.46
1018.83
1063.18
1107.52
1152.38
1196.72
1240.55
1284.38
1328.72
1374.36
1418.44
1491.14
1508.97
1553.31
1598.17
1643.03
1687.63
1732.23
1776.84
1821.18
1865.52
1909.87
1953.95
1998.04
2042.12
2085.70
2129.78
2173.61
2217.44
2261.01
2304.58
2348.41
2391.72
2435.03
2478.60
2521.91
2565.23
2608.54
2652.11
2695.42
2738.48
2786.43
2830.00
2873.83
2919.72
2968.81
3012.64
3056.46
3100.81
3146.44
3190.27
3234.36
3278.70
3322.53
3366.87
3410.70
3454.79
3498.87
3527.49
3571.77
3708.25
3847.01
3990.71
4139.37
4276.27
4707.99
5117.18
5554.79
5954.11
6383.89
6791.94
7257.44
7675.86
8083.73
8543.38
8938.60
9395.96
9825.48
10237.72
10627.21
11062.75
11455.14
11951.68
12372.62
12793.63
13220.31
13629.72
14114.14
14483.45
14889.24
15315.89
15732.77
16141.66
16684.94
17048.97
17466.63
17876.04
18297.82
18727.85
19161.94
19562.84
19982.55
20391.70
20818.71
21237.76
21642.79
22072.04
22474.95
23071.18
23479.81
23893.34
24317.96
24678.38
25104.55
25516.79
25922.59
26357.00
26760.06
27168.18
27602.07
28009.68
28423.21
28849.37
29257.49
29589.51
29996.08
30409.36
30798.91
31207.03
31634.48
32055.75
33913.80
33990.39
34397.22
34817.45
35232.01
35630.33
36055.21
36455.33
36859.07
37281.62
37687.93
38092.99
38508.07
38907.42
39323.02
39729.07
40134.35
40557.42
40954.71
41364.12
41774.55
42167.33
42587.31
42992.85
43389.62
43815.53
44210.75
44612.68
45031.11
45430.46
45845.80
46246.44
46647.60
49330.14
49492.87
49915.17
50311.43
50660.25
51037.68
51448.12
51866.81
52262.29
52670.15
53079.82
53477.11
53897.60
54292.75
54690.81
55108.21
55506.01
55916.96
56113.42
56534.43
56942.03
57271.00
57545.05
57611.05
57711.08
57772.44
58292.13
58292.45
58292.71
58292.97
58300.19
58300.45
58307.92
58308.18
58315.40
58315.66
58315.91
58323.13
58323.39
58323.65
58330.87
58331.12
58331.38
58338.60
58338.86
58339.12
58346.34
58346.59
58346.85
58354.07
58354.33
58354.59
58361.80
58362.06
58362.32
58369.54
58369.80
58370.05
58377.27
58377.53
58385.01
58385.27
58392.74
58393.00
58400.48
58400.73
58400.99
58408.21
58408.47
58415.95
58416.20
58423.42
58423.68
58423.94
58431.16
58431.41
58431.67
58438.89
58439.15
58439.41
58446.62
58446.88
58447.14
58454.36
58454.62
58454.88
58462.09
58462.35
58462.61
58469.83
58470.09
58470.34
58477.56
58477.82
58478.08
58478.34
58478.59
58479.11
58479.62
58479.88
58480.40
58480.91
58488.39
58566.53
58613.61
58634.23
58664.68
58667.51
58688.14
58710.05
58732.57
58753.97
58776.66
58801.74
58828.81
58856.65
58889.14
58958.49
58989.68
59018.82
59048.98
59075.02
59116.79
59146.95
59181.55
59242.13
59333.91
59426.98
59507.68
59595.54
59688.35
59771.62
59865.98
59960.86
60048.77
60141.07
60240.84
60327.21
60426.98
60522.04
60606.86
60698.64
60785.27
60879.88
60975.27
61059.32
61144.35
61240.77
61339.52
61427.69
61524.37
61618.73
61706.64
61803.58
61905.93
61997.87
62099.45
62201.54
62294.87
62392.84
62492.09
62583.62
62681.07
62779.16
62871.72
62968.02
63064.44
63163.95
63267.85
63366.59
63457.60
63558.15
63652.51
63755.63
63855.41
63954.41
64057.27
64151.63
64249.60
64347.57
64432.91
64539.64
64610.02
64661.59
64713.92
64769.09
64826.33
64879.70
64941.05
64998.55
65056.55
65112.76
65161.74
65212.27
65266.93
65321.59
65377.02
65428.84
65486.33
65544.59
65603.12
65659.84
65710.88
65766.30
65819.41
65878.97
65936.72
65992.41
66055.05
66111.00
66170.55
66230.37
66285.80
66341.48
66395.62
66462.14
66527.62
66580.99
66637.20
66717.38
66798.07
66880.31
66958.43
67026.23
67095.33
67172.41
67245.38
67328.65
67411.16
67479.48
67554.25
67627.72
67695.53
67768.75
67835.00
67904.36
67975.00
68042.29
68112.93
68155.72
68185.63
68219.92
68255.24
68286.18
68321.24
68355.01
68384.66
68425.14
68458.91
68495.00
68545.54
68595.81
68632.42
68663.10
68697.39
68740.18
68781.95
68826.81
68866.77
68908.54
68943.60
68963.71
68975.05
68986.91
68998.25
69009.08
69020.17
69039.25
69051.36
69063.22
69075.08
69086.94
69100.61
69115.30
69126.64
69138.76
69149.59
69160.16
69172.02
69190.58
69204.50
69216.36
69227.19
69240.60
69255.04
69266.64
69279.53
69290.87
69301.96
69320.26
69332.64
69343.72
69355.07
69366.15
69377.75
69390.13
69402.76
69414.62
69425.96
69436.54
69448.91
69465.15
69476.50
69487.58
69498.41
69508.72
69520.07
69538.89
69548.17
69560.54
69571.63
69582.71
69601.28
69613.14
69625.25
69636.34
69650.00
69663.41
69675.27
69686.61
69697.70
69708.27
69727.09
69739.46
69750.55
69760.86
69772.98
69787.68
69798.76
69810.11
69820.42
69830.47
69848.00
69860.38
69871.21
69881.52
69892.35
69902.40
69912.20
69923.03
69933.34
69943.14
69953.45
69968.40
69979.75
69990.57
70001.92
70012.23
70024.35
70039.82
70050.64
70061.73
70072.82
70083.90
70098.86
70110.07
70120.90
70131.47
70142.04
70153.64
70167.05
70178.14
70190.00
70200.57
70211.14
70221.96
70240.01
70251.36
70262.18
70273.27
70286.42
70298.02
70309.62
70320.19
70333.86
70349.32
70360.15
70371.50
70382.32
70393.41
70404.24
70414.29
70423.32
70433.37
70443.68
70452.45
70461.21
70470.75
70480.04
70489.57
70498.08
70507.62
70516.90
70525.67
70535.98
70544.75
70554.29
70564.34
70574.14
70582.64
70591.93
70600.43
70609.71
70619.00
70628.02
70636.79
70647.36
70657.15
70665.40
70674.68
70684.48
70693.76
70703.04
70712.84
70722.12
70731.92
70740.94
70750.48
70760.02
70770.85
70779.87
70788.64
70798.69
70807.71
70817.51
70827.57
70836.59
70845.61
70854.89
70864.69
70873.97
70884.80
70894.08
70904.14
70912.64
70921.93
70932.24
70941.52
70951.32
70961.11
70970.39
70979.68
70988.44
70997.46
71007.26
71016.03
71024.79
71035.36
71044.64
71054.44
71063.21
71072.23
71082.80
71091.05
71100.33
71109.10
71118.12
71127.14
71136.68
71146.48
71154.73
71164.01
71173.81
71182.83
71192.11
71201.91
71210.68
71219.70
71230.01
71239.29
71249.09
71259.92
71269.97
71279.00
71288.79
71298.85
71309.93
71320.76
71332.11
71341.90
71349.89
71359.16
71368.19
71377.98
71387.78
71396.55
71405.57
71415.88
71425.42
71434.45
71443.73
71453.52
71464.09
71472.34
71481.37
71490.91
71501.48
71510.50
71520.81
71530.09
71539.89
71550.72
71560.52
71570.83
71580.88
71591.20
71600.73
71610.27
71619.81
71628.06
71637.09
71645.85
71653.84
71661.06
71670.09
71679.11
71686.59
71695.87
71704.89
71713.91
71722.42
71731.70
71739.70
71748.20
71756.45
71765.22
71775.02
71784.81
71792.80
71805.44
71830.96
71843.08
71844.88
71847.98
71866.54
71891.80
71925.32
71956.26
71990.55
72013.75
72034.12
72054.23
72073.05
72078.46
72079.75
72081.55
72081.81
72082.33
72082.84
72098.05
72122.79
72142.38
72165.84
72185.69
72204.25
72221.53
72237.51
72255.04
72270.51
72285.72
72298.61
72311.76
72323.11
72335.22
72348.89
72359.71
72372.86
72386.79
72399.68
72411.02
72424.43
72435.25
72447.63
72460.26
72470.32
72477.54
72502.29
72512.08
72524.46
72536.83
72553.59
72568.03
72577.82
72593.04
72605.93
72616.75
72626.04
72635.83
72645.11
72655.94
72663.93
72671.93
72681.98
72692.04
72703.38
72711.63
72721.68
72760.10
72769.89
72774.79
72781.50
72813.46
72850.59
72899.06
72945.21
72998.83
73049.36
73100.67
73149.65
73195.54
73242.46
73296.61
73347.39
73397.41
73443.30
73498.99
73556.22
73612.17
73673.01
73733.60
73784.90
73835.69
73876.43
73924.38
73976.71
74034.98
74080.87
74135.27
74143.52
74148.16
74195.08
74242.00
74295.37
74338.68
74383.29
74426.86
74465.27
74534.88
74586.96
74651.15
74663.53
74692.14
74717.41
74745.25
74774.64
74802.75
74830.85
74876.22
74881.12
74897.88
74913.35
74929.33
74942.74
74953.82
74964.91
74976.00
74987.86
75002.04
75015.18
75029.11
75052.05
75055.92
75062.36
75069.32
75076.80
75083.50
75092.01
75098.97
75105.93
75112.12
75118.05
75125.01
75131.46
75138.68
75145.38
75152.60
75159.04
75166.00
75172.71
75179.15
75185.34
75192.56
75198.49
75204.68
75210.35
75215.76
75221.95
75227.62
75233.81
75241.03
75249.02
75256.50
75263.46
75282.54
75323.53
75364.52
75403.71
75442.64
75481.31
75515.34
75517.66
75520.24
75523.33
75525.39
75527.71
75530.29
75533.39
75536.22
75539.06
75542.67
75545.25
75548.86
75550.92
75553.24
75555.56
75557.62
75560.46
75562.78
75564.84
75566.64
75569.48
75571.54
75573.35
75575.41
75577.99
75579.79
75582.63
75585.21
75587.79
75590.11
75592.17
75593.97
75596.29
75597.84
75600.16
75601.71
75604.03
75606.35
75607.89
75609.96
75612.54
75614.86
75616.92
75618.72
75620.53
75622.85
75624.65
75627.23
75628.78
75631.36
75634.71
75636.25
75637.80
75639.86
75642.18
75644.50
75649.14
75651.98
75654.04
75656.11
75657.65
75659.97
75662.55
75664.87
75667.96
75669.77
75671.83
75675.96
75678.28
75681.63
75683.69
75687.30
75689.11
75690.65
75693.75
75696.58
75699.16
75701.22
75703.03
75706.12
75707.93
75709.99
75711.79
75713.86
75715.40
75718.75
75720.30
75722.36
75724.43
75726.23
75728.55
75730.10
75732.93
75738.35
75744.28
75751.75
75756.39
75791.71
75834.25
75877.57
75900.51
