9.38
8.34
9.26
9.54
7.64
67.64
118.55
171.14
222.54
274.88
324.38
377.99
427.49
480.08
528.81
580.63
630.41
953.73
1379.27
1823.79
2239.63
2699.34
3071.98
3512.49
3933.86
4348.34
4794.04
5232.95
5652.28
6063.09
6468.37
6902.00
7371.62
7726.89
8137.30
8552.38
8979.06
9538.26
9881.61
10295.40
10405.15
10410.04
10417.26
10417.52
10425.00
10425.25
10432.47
10432.73
10432.99
10445.36
10445.62
10445.88
10448.20
10448.46
10448.71
10456.19
10456.45
10456.71
10463.93
10464.18
10471.66
10471.92
10479.39
10479.65
10487.13
10487.39
10487.64
10494.86
10512.91
10513.17
10513.68
10513.94
10514.46
10514.71
10514.97
10515.23
10515.49
10516.78
10517.29
10517.81
10578.14
10618.10
10630.99
10690.03
10708.07
10728.70
10781.89
10838.36
10938.46
11037.46
11110.68
11167.40
11210.02
11273.19
11356.72
11417.96
11479.64
11561.11
11643.91
11722.80
11818.70
11885.48
11948.90
12031.66
12104.07
12184.77
12225.76
12261.85
12308.00
12347.96
12390.50
12437.16
12478.39
12544.39
12601.11
12626.64
12652.93
12679.75
12692.64
12706.30
12718.16
12729.76
12746.00
12756.83
12765.60
12774.62
12783.13
12793.18
12805.04
12814.58
12824.12
12833.92
12844.49
12856.09
12868.98
12879.04
12889.35
12899.66
12909.97
12920.29
12933.43
12944.00
12954.32
12964.37
12973.91
12982.68
12991.18
12999.69
13008.20
13017.48
13026.50
13034.50
13042.75
13051.53
13061.32
13070.09
13078.60
13086.59
13094.07
13101.80
13110.82
13120.36
13127.32
13133.77
13140.21
13155.17
13179.14
13196.93
13208.28
13222.97
13234.83
13245.92
13260.61
13270.41
13283.04
13299.29
13304.18
13304.70
13331.51
13373.28
13428.71
13469.44
13512.50
13536.99
13572.57
13600.15
13623.10
13630.32
13637.02
13645.27
13651.20
13659.19
13666.15
13701.99
13727.00
13729.57
13732.15
13735.25
13738.08
13741.43
13744.79
13747.62
13750.46
13752.78
13754.58
13757.68
13759.22
13762.06
13763.86
13767.21
13770.57
13773.66
13794.80
13837.08
13882.97
13980.94
14641.97
15067.36
15324.66
10.48
67.39
116.20
168.79
219.77
269.53
321.09
368.71
420.27
470.54
519.01
569.80
616.46
666.74
718.67
767.13
816.63
867.68
914.60
964.36
1006.12
1100.91
1472.88
1932.95
2325.41
2745.54
3171.41
3583.75
4112.64
4441.66
4856.74
5296.91
5729.88
6144.09
6540.41
6980.14
7398.31
7838.75
8240.68
8656.11
9077.73
9503.38
9988.03
10399.75
10811.74
11246.99
11634.23
12036.67
12446.99
12855.12
13195.19
13590.93
14013.48
14528.59
14935.16
15352.04
15758.87
16171.15
16559.93
16614.07
16644.83
16647.66
16653.07
16672.41
16672.67
16672.93
16673.18
16675.76
16676.02
16676.28
16683.50
16683.75
16691.23
16691.49
16691.75
16698.96
16699.22
16706.70
16706.96
16714.18
16714.43
16732.48
16732.74
16733.00
16733.25
16733.51
16733.77
16734.03
16734.29
16737.89
16738.15
16738.41
16738.67
16745.63
16745.89
16746.14
16753.36
16753.62
16753.88
16761.10
16761.36
16761.61
16762.13
16768.83
16769.09
16769.35
16776.57
16776.82
16777.08
16784.56
16784.82
16792.04
16792.29
16792.55
16792.81
16800.03
16800.29
16827.61
16827.87
16828.13
16828.39
16828.64
16828.90
16829.16
16829.42
16829.68
16831.48
16831.74
16832.00
16839.21
16839.47
16839.73
16846.95
16847.21
16847.46
16854.68
16854.94
16855.20
16855.71
16855.97
16856.23
16856.75
16857.26
16857.78
16858.04
16912.95
16949.43
17002.80
17025.49
17046.99
17065.81
17085.15
17105.77
17126.66
17167.35
17253.46
17326.42
17412.27
17489.91
17575.88
17658.90
17740.62
17810.49
17910.23
17990.15
18082.96
18166.35
18231.86
18304.31
18389.90
18468.54
18576.04
18666.79
18745.94
18839.79
18930.08
19026.76
19118.16
19193.45
19234.44
19279.55
19329.31
19372.11
19417.23
19457.70
19497.71
19544.63
19590.78
19639.76
19698.80
19769.44
19836.99
19902.66
19966.09
20031.57
20089.32
20117.68
20147.84
20176.72
20209.72
20238.85
20266.95
20294.28
20315.84
20347.03
20358.89
20369.72
20380.03
20393.18
20404.27
20415.09
20425.66
20437.27
20447.58
20458.41
20471.55
20484.96
20495.27
20506.10
20517.45
20527.76
20537.30
20547.35
20560.24
20569.52
20578.80
20588.60
20599.95
20611.29
20622.89
20641.45
20653.57
20669.81
20681.93
20692.24
20702.30
20712.61
20722.41
20731.95
20742.00
20755.15
20764.95
20774.74
20784.54
20793.30
20801.81
20810.06
20819.09
20827.34
20835.59
20844.46
20853.74
20862.50
20871.27
20879.78
20888.29
20897.05
20906.85
20915.10
20924.12
20932.11
20941.14
20950.93
20959.96
20969.50
20978.26
20987.54
20997.08
21007.14
21016.16
21025.96
21035.50
21044.00
21051.74
21058.70
21065.66
21073.39
21080.61
21087.32
21094.79
21102.79
21109.23
21117.22
21130.37
21145.32
21170.59
21191.99
21207.46
21214.93
21229.89
21246.64
21260.82
21271.65
21283.51
21295.89
21310.32
21321.41
21334.04
21344.61
21353.89
21363.43
21375.29
21389.47
21402.11
21441.55
21493.37
21534.36
21582.06
21619.18
21676.42
21722.82
21766.91
21784.70
21818.73
21851.99
21877.25
21900.71
21924.18
21931.65
21939.13
21946.35
21952.79
21959.75
21965.94
21972.13
21978.06
21985.79
21991.98
21998.68
22033.49
22074.74
22092.27
22095.36
22098.46
22100.52
22102.58
22104.90
22107.22
22110.06
22112.64
22114.96
22116.76
22119.86
22122.18
22125.01
22127.85
22129.65
22131.71
22134.04
22136.36
22139.19
22141.77
22144.86
22147.96
22151.05
22153.37
22155.95
22158.53
22161.11
22164.71
22178.64
22220.92
22263.63
22314.42
22351.80
23081.67
23607.61
24016.50
24448.07
24688.36
10.84
65.98
116.04
164.77
215.98
266.00
313.69
371.44
415.78
461.67
511.69
562.22
607.08
656.32
705.56
757.20
804.38
853.11
902.61
950.04
997.74
1046.46
1095.71
1141.34
1190.32
1239.57
1283.39
1332.12
1380.85
1466.18
1468.60
1583.09
1876.95
2284.48
2697.82
3090.32
3551.49
3904.71
4319.04
4717.67
5117.42
5546.36
5927.67
6337.10
6738.36
7132.55
7558.04
7958.16
8360.19
8757.74
9156.33
9561.61
9960.19
10432.48
10840.85
11235.30
11697.51
12039.11
12416.29
12808.61
13163.36
13567.55
13945.25
14335.84
14850.73
15237.96
15624.16
16023.26
16410.49
16805.18
17198.34
17594.09
17986.22
18377.95
18779.62
19167.66
19555.92
19947.02
20345.34
20730.26
21113.77
21690.81
22077.79
22468.63
22860.77
23128.63
23204.17
23251.23
23255.10
23267.73
23273.92
23274.18
23274.43
23292.48
23292.74
23293.25
23293.51
23293.77
23294.03
23294.29
23298.41
23298.67
23306.14
23306.40
23306.92
23313.88
23314.14
23321.61
23321.87
23329.35
23329.61
23329.86
23337.08
23337.34
23344.82
23345.07
23352.29
23352.55
23352.81
23353.32
23360.29
23360.54
23388.13
23388.39
23388.90
23389.16
23389.68
23389.93
23390.19
23391.74
23392.00
23392.25
23399.47
23399.73
23399.99
23407.21
23407.46
23407.72
23407.98
23414.94
23415.20
23415.46
23422.93
23423.19
23430.67
23430.93
23438.40
23438.66
23438.92
23446.14
23446.39
23446.65
23453.87
23454.13
23454.39
23461.61
23461.86
23462.12
23469.60
23469.86
23470.11
23477.33
23477.59
23485.07
23485.32
23486.10
23493.06
23493.32
23493.57
23500.79
23501.06
23508.53
23508.79
23516.01
23516.27
23516.52
23523.74
23524.00
23524.26
23524.52
23531.48
23531.73
23531.99
23539.21
23539.47
23539.73
23539.98
23540.24
23540.50
23541.02
23541.53
23541.79
23579.69
23673.79
23686.63
23708.09
23731.06
23755.55
23778.76
23798.36
23819.24
23839.35
23886.27
23910.77
23956.66
24037.09
24131.45
24221.11
24304.12
24405.45
24489.89
24588.37
24685.57
24769.59
24861.11
24963.46
25056.02
25158.30
25251.11
25337.22
25433.38
25489.33
25539.34
25585.07
25635.34
25685.36
25731.76
25779.20
25826.89
25906.05
25969.47
26034.25
26112.88
26177.34
26259.32
26340.53
26412.98
26481.04
26567.66
26633.92
26714.10
26797.12
26866.73
26927.05
27014.20
27086.38
27170.43
27234.88
27305.52
27373.33
27441.13
27501.89
27533.61
27568.93
27604.25
27645.24
27689.84
27724.13
27770.54
27812.56
27855.61
27899.96
27941.98
27983.49
28025.77
28066.76
28113.71
28154.19
28217.35
28284.12
28312.12
28338.93
28373.22
28397.71
28410.35
28422.72
28434.07
28445.67
28460.62
28473.00
28489.24
28501.87
28513.47
28525.07
28536.42
28547.76
28560.91
28573.54
28590.56
28603.71
28618.40
28630.00
28641.86
28652.43
28661.97
28671.51
28680.02
28688.79
28697.55
28706.57
28716.89
28725.91
28733.90
28742.67
28751.18
28760.71
28768.71
28777.47
28785.98
28795.52
28805.06
28814.60
28823.88
28834.19
28843.99
28852.75
28863.32
28874.67
28884.46
28894.52
28904.32
28913.86
28923.65
28935.25
28947.63
28958.20
28967.22
28977.28
28987.07
28997.64
29012.34
29023.17
29032.45
29041.47
29051.01
29059.52
29068.29
29076.79
29086.59
29097.16
29106.18
29114.95
29123.46
29133.77
29142.54
29151.56
29159.81
29169.09
29179.14
29186.36
29194.36
29202.35
29211.37
29220.65
29228.39
29236.12
29244.37
29253.14
29262.16
29270.15
29278.14
29286.65
29295.42
29304.18
29311.92
29319.91
29328.42
29337.18
29346.98
29354.97
29362.71
29371.47
29380.24
29389.20
29398.23
29406.73
29415.76
29425.04
29434.06
29442.83
29451.59
29459.07
29467.84
29477.12
29485.62
29499.80
29527.39
29547.79
29564.03
29585.43
29599.35
29605.02
29621.27
29636.99
29648.34
29661.74
29676.70
29687.27
29699.90
29712.27
29720.27
29738.31
29748.88
29759.71
29768.99
29778.02
29787.30
29798.38
29810.50
29820.04
29846.59
29847.37
29849.69
29868.77
29897.38
29939.47
29996.45
30049.81
30095.70
30156.29
30215.33
30269.47
30324.64
30367.44
30385.23
30424.67
30456.12
30494.02
30516.20
30548.16
30582.20
30605.91
30631.70
30657.48
30680.68
30686.35
30692.54
30699.76
30706.46
30712.65
30719.35
30726.57
30732.24
30739.20
30745.65
30750.80
30758.28
30765.24
30771.43
30777.62
30801.34
30842.84
30883.32
30903.95
30907.04
30910.13
30912.71
30915.80
30918.12
30920.96
30923.28
30926.12
30929.47
30932.30
30934.37
30937.46
30940.04
30942.10
30944.16
30946.74
30949.58
30952.16
30953.70
30955.77
30958.86
30960.92
30962.73
30965.05
30968.14
30970.20
30971.75
30974.07
30976.39
30978.45
30980.00
30983.09
30986.19
30988.25
30991.09
30993.92
30996.50
30999.08
31000.62
31002.69
31006.55
31010.42
31041.88
31084.67
31127.21
31182.12
31236.27
31270.55
31773.29
32593.39
33016.72
33437.21
33862.86
34293.41
34532.91
7.70
62.94
114.01
160.67
209.21
258.96
308.46
355.39
402.86
451.59
500.06
549.30
593.64
640.57
689.04
738.46
787.71
835.66
880.00
928.73
976.43
1024.89
1069.50
1115.39
1163.60
1210.52
1258.47
1302.30
1347.93
1395.37
1471.94
1492.37
1540.58
1588.79
1635.20
1679.80
1728.01
1775.45
1823.66
1868.00
1898.16
1987.43
2112.06
2389.78
2803.07
3230.91
3657.03
4102.90
4517.91
4919.14
5345.28
5751.10
6204.46
6629.38
7050.65
7461.35
7910.70
8317.79
8793.28
9172.01
9591.45
10011.00
10427.11
10927.00
11341.05
11756.13
12211.18
12584.75
12994.16
13405.86
13783.56
14205.40
14597.27
15123.21
15546.79
15961.35
16379.26
16801.82
17229.61
17646.75
18063.63
18483.87
18900.42
19308.02
19714.06
20122.95
20539.84
20945.38
21345.30
21931.84
22334.80
22736.73
23160.06
23567.15
23972.69
24336.72
24743.12
25147.37
25459.84
25873.62
26279.68
26687.02
27065.75
27475.87
27882.44
28289.01
28706.66
29115.81
29458.19
29525.48
29575.75
29619.41
29619.66
29621.21
29622.24
29626.11
29632.81
29639.51
29650.60
29659.88
29660.14
29660.39
29660.65
29660.91
29661.17
29665.29
29665.55
29665.81
29673.03
29673.29
29673.54
29680.76
29681.02
29681.28
29681.54
29688.50
29688.75
29689.01
29696.23
29696.49
29723.82
29724.07
29724.33
29724.59
29724.85
29725.11
29725.36
29725.62
29725.88
29726.14
29727.94
29728.20
29728.46
29728.71
29735.68
29735.93
29736.19
29743.41
29743.67
29743.93
29751.14
29751.40
29751.66
29752.18
29758.88
29759.14
29759.39
29766.61
29766.87
29767.13
29774.35
29774.61
29774.86
29782.08
29782.34
29782.60
29782.86
29790.07
29790.33
29797.81
29798.07
29805.54
29805.80
29806.06
29806.32
29813.28
29813.54
29813.79
29821.01
29821.27
29821.53
29828.75
29829.00
29829.26
29836.58
29836.84
29837.09
29837.35
29844.31
29844.57
29844.83
29852.30
29852.56
29860.04
29860.30
29860.55
29867.77
29868.03
29868.29
29875.77
29876.02
29876.28
29883.50
29883.76
29884.02
29891.23
29891.49
29898.71
29898.97
29899.23
29906.45
29906.70
29906.96
29914.18
29914.44
29914.70
29921.91
29922.17
29922.43
29929.65
29929.91
29937.12
29937.38
29937.64
29944.86
29945.12
29945.38
29952.59
29952.85
29953.11
29960.33
29960.59
29968.06
29968.32
29975.54
29975.80
29976.05
29983.27
29983.53
29983.79
29991.01
29991.27
29991.52
29998.74
29999.00
29999.26
29999.52
29999.77
30000.03
30000.55
30001.06
30001.32
30001.84
30072.50
30142.63
30159.65
30178.33
30200.24
30221.90
30242.83
30265.26
30286.40
30307.54
30357.30
30383.08
30407.31
30430.52
30452.43
30526.11
30604.48
30694.46
30777.16
30867.13
30957.88
31035.48
31120.30
31210.80
31291.75
31382.24
31472.37
31554.10
31645.88
31746.09
31824.98
31919.86
32013.44
32095.68
32191.59
32278.99
32384.18
32479.82
32566.45
32655.39
32753.07
32845.89
32949.27
33031.77
33117.36
33210.18
33297.32
33391.16
33489.90
33581.17
33641.50
33690.22
33737.66
33786.13
33832.54
33879.36
33927.06
33977.07
34025.80
34074.53
34122.22
34171.69
34218.09
34264.50
34317.09
34369.17
34425.12
34494.73
34575.16
34656.63
34724.70
34802.55
34875.77
34941.26
35015.25
35088.21
35162.00
35232.13
35300.71
35369.29
35437.86
35506.44
35558.00
35589.46
35623.49
35654.94
35687.94
35720.17
35755.75
35785.65
35821.75
35848.30
35882.59
35911.21
35937.50
35966.55
35994.65
36032.29
36075.60
36102.93
36130.77
36168.16
36184.14
36196.52
36208.89
36220.23
36231.58
36245.24
36258.13
36269.48
36281.08
36291.65
36302.73
36313.82
36324.91
36338.57
36351.20
36372.34
36384.46
36395.55
36406.12
36416.69
36427.77
36438.86
36449.43
36459.74
36470.57
36481.40
36491.97
36502.54
36514.66
36530.38
36544.82
36558.74
36577.30
36589.94
36598.96
36607.47
36617.52
36626.55
36636.60
36646.91
36661.09
36670.89
36680.43
36690.23
36700.54
36711.62
36722.97
36734.57
36744.88
36760.61
36771.70
36783.81
36800.57
36812.43
36823.77
36835.38
36846.46
36860.38
36877.40
36890.80
36900.09
36909.11
36917.62
36926.64
36935.66
36944.69
36952.94
36962.22
36970.47
36979.49
36988.00
36995.73
37004.24
37012.75
37023.06
37031.31
37039.56
37048.33
37056.84
37066.63
37075.91
37084.42
37093.19
37101.70
37109.95
37119.74
37128.51
37136.76
37145.27
37153.52
37162.54
37171.05
37179.55
37188.32
37197.09
37206.11
37215.65
37224.67
37234.21
37242.72
37251.48
37259.48
37269.02
37278.30
37287.06
37296.86
37305.62
37315.68
37325.48
37335.53
37345.33
37354.35
37364.15
37373.69
37382.45
37392.51
37402.05
37411.33
37420.61
37430.15
37439.43
37450.00
37459.80
37469.34
37479.39
37490.22
37497.70
37506.46
37514.20
37522.96
37531.47
37539.46
37549.00
37556.99
37565.24
37573.75
37581.23
37589.99
37598.24
37606.75
37615.52
37624.54
37634.34
37642.59
37650.58
37658.57
37668.37
37678.16
37692.86
37704.98
37721.22
37749.58
37780.00
37801.14
37818.41
37835.95
37839.30
37851.41
37869.20
37887.77
37900.66
37917.93
37928.76
37939.84
37949.64
37961.76
37972.59
37984.45
37992.95
38002.23
38016.93
38027.76
38040.39
38054.57
38066.95
38077.77
38087.57
38097.37
38110.26
38121.86
38130.37
38138.88
38161.30
38173.94
38175.23
38180.90
38210.55
38243.29
38276.80
38313.93
38367.81
38418.34
38469.91
38523.54
38569.18
38619.71
38674.62
38736.24
38776.97
38792.44
38835.24
38875.20
38925.47
38972.91
39009.26
39048.71
39063.14
39088.67
39119.86
39149.00
39183.29
39202.19
39221.52
39245.24
39275.66
39285.72
39293.20
39300.67
39308.41
39313.30
39320.01
39326.97
39333.67
39340.38
39345.79
39352.49
39360.74
39367.19
39375.70
39381.62
39387.81
39394.00
39398.90
39405.86
39411.79
39432.16
39473.92
39514.66
39553.33
39569.57
39572.66
39574.98
39577.56
39580.14
39583.23
39584.78
39587.88
39590.45
39595.35
39597.41
39599.22
39601.54
39603.86
39606.44
39608.24
39610.82
39613.40
39616.23
39618.04
39620.10
39622.16
39624.74
39627.58
39629.64
39633.77
39636.34
39638.15
39640.21
39642.79
39644.34
39646.14
39648.20
39650.78
39653.10
39656.97
39659.80
39662.12
39664.96
39667.28
39670.63
39672.18
39674.76
39677.59
39679.91
39682.75
39685.33
39686.88
39688.42
39690.23
39692.29
39695.12
39700.02
39705.44
39735.60
39777.62
39819.39
39864.77
39917.62
39970.21
40023.58
40048.33
40287.58
41050.45
41847.09
42233.29
42638.31
43047.72
43472.85
43900.05
44266.14
8.30
61.77
110.93
160.69
207.66
252.78
299.70
347.91
396.44
444.39
492.35
537.21
581.04
628.21
675.14
738.30
770.84
818.54
866.49
912.12
956.47
1001.33
1048.25
1094.91
1141.06
1187.73
1234.13
1277.96
1321.27
1370.26
1413.83
1465.71
1510.06
1556.21
1603.39
1650.57
1697.23
1743.64
1787.98
1831.29
1878.21
1924.88
1971.29
2021.04
2063.84
2107.93
2151.50
2196.61
2242.76
2288.91
2334.29
2381.21
2406.43
2536.39
2670.04
2834.78
3253.13
3669.97
4116.98
4517.88
4955.33
5350.60
5785.82
6333.48
6650.03
7107.54
7510.25
7925.01
8364.40
8776.39
9202.81
9627.27
10045.51
10467.12
10897.93
11364.48
11783.95
12217.07
12733.12
12973.66
13396.98
13812.06
14179.81
14577.21
15001.82
15418.96
15945.41
16374.16
16791.81
17208.18
17676.07
18058.92
18475.80
18894.75
19311.63
19740.25
20155.32
20572.98
20989.86
21422.47
21832.24
22419.27
22839.77
23251.75
23620.16
24043.23
24449.03
24854.57
25251.75
25673.02
25982.65
26392.57
26814.87
27186.38
27595.01
28009.45
28433.55
28850.20
29258.31
29673.65
30090.53
30500.97
30911.15
31325.45
31742.59
32418.38
32825.21
33233.32
33640.67
34064.77
34468.05
34874.88
35286.09
35709.68
36116.50
36407.32
36607.90
36700.45
36993.30
36999.97
37000.23
37000.48
37007.70
37007.96
37008.22
37015.70
37015.95
37023.43
37023.69
37023.95
37031.16
37031.42
37039.16
37039.41
37046.89
37047.15
37047.41
37054.62
37054.88
37062.10
37062.36
37062.62
37069.84
37070.09
37070.35
37077.57
37077.83
37085.05
37085.30
37085.56
37085.82
37092.78
37093.04
37093.30
37100.52
37100.77
37101.03
37108.25
37108.51
37115.98
37116.24
37123.46
37123.72
37123.98
37131.20
37131.45
37131.71
37138.93
37139.19
37139.45
37146.66
37146.92
37147.18
37154.40
37154.66
37162.13
37162.39
37169.61
37169.87
37169.98
37170.24
37177.46
37177.71
37185.19
37185.45
37192.93
37193.18
37193.44
37200.66
37200.92
37208.39
37208.65
37215.87
37216.13
37216.39
37223.61
37223.86
37224.12
37231.34
37231.60
37231.86
37239.07
37239.33
37239.59
37239.85
37240.11
37240.36
37240.88
37241.14
37241.65
37242.17
37255.32
37345.29
37375.83
37399.80
37413.98
37433.82
37457.22
37481.71
37504.66
37528.89
37579.92
37601.84
37625.04
37649.02
37673.77
37699.43
37732.18
37771.36
37878.10
37979.62
38069.59
38163.44
38257.40
38358.46
38451.79
38524.23
38576.15
38626.94
38687.52
38768.22
38837.83
38922.65
38992.52
39073.33
39147.58
39234.98
39328.05
39424.73
39520.12
39585.04
39660.32
39755.97
39846.72
39948.30
40040.34
40119.23
40195.80
40297.12
40381.61
40466.17
40551.25
40627.82
40714.96
40806.59
40884.96
40969.52
41062.08
41143.29
41237.91
41330.98
41434.36
41515.83
41605.03
41678.51
41764.62
41843.51
41929.62
42028.10
42113.95
42200.84
42299.06
42389.72
42485.88
42580.24
42663.77
42759.16
42825.16
42871.83
42915.91
42960.26
43007.44
43051.52
43097.93
43141.50
43188.23
43233.09
43276.15
43319.72
43363.55
43411.76
43459.97
43509.21
43556.91
43602.54
43651.27
43699.22
43747.17
43796.16
43858.55
43929.96
43998.80
44069.70
44142.14
44207.62
44276.98
44346.33
44415.16
44483.61
44512.75
44542.91
44573.33
44603.24
44633.40
44663.05
44693.73
44723.89
44754.06
44783.96
44813.87
44847.39
44886.57
44907.97
44919.06
44929.37
44940.46
44951.54
44968.04
44979.39
44991.25
45006.71
45018.57
45027.34
45036.88
45046.42
45055.44
45064.21
45072.71
45082.25
45093.34
45103.39
45113.19
45123.50
45133.04
45143.36
45153.15
45163.21
45174.04
45184.86
45194.14
45204.20
45213.48
45222.76
45232.82
45243.13
45253.18
45262.98
45273.81
45283.09
45293.14
45302.68
45314.80
45326.14
45335.17
45345.74
45355.79
45365.85
45376.16
45385.70
45400.14
45409.68
45419.99
45430.82
45440.61
45451.44
45462.27
45475.68
45487.28
45497.07
45507.64
45516.93
45526.98
45536.88
45550.28
45560.34
45571.94
45583.28
45593.85
45604.42
45618.86
45629.69
45640.00
45650.05
45659.08
45668.36
45677.64
45686.92
45698.27
45708.84
45718.63
45729.72
45740.80
45751.63
45761.95
45772.00
45782.83
45794.17
45805.52
45820.73
45832.07
45843.16
45855.53
45868.94
45877.96
45888.27
45897.81
45907.09
45915.60
45924.62
45933.13
45941.90
45950.92
45959.69
45968.45
45977.73
45986.50
45995.52
46003.77
46012.80
46021.30
46030.07
46038.84
46048.38
46057.14
46065.39
46075.96
46084.73
46094.01
46103.03
46112.57
46121.34
46131.39
46140.67
46149.18
46157.95
46165.94
46175.22
46184.50
46195.33
46203.58
46212.09
46220.59
46229.36
46239.41
46249.96
46258.21
46267.23
46275.48
46284.51
46294.56
46304.36
46314.16
46322.92
46332.46
46342.00
46351.80
46362.62
46372.42
46381.19
46390.73
46400.01
46409.80
46419.09
46428.88
46438.42
46447.70
46456.73
46466.52
46475.29
46485.09
46494.62
46503.39
46513.70
46523.50
46533.55
46543.09
46552.63
46561.91
46571.71
46581.77
46591.30
46598.78
46607.80
46616.05
46624.05
46633.33
46641.58
46650.60
46658.85
46667.10
46675.09
46683.60
46702.94
46714.54
46722.79
46744.19
46764.30
46786.21
46812.51
46831.33
46850.41
46867.94
46871.03
46879.28
46892.95
46906.61
46924.91
46941.67
46955.59
46969.00
46979.05
46990.40
47002.00
47010.51
47022.11
47032.42
47041.45
47050.73
47066.20
47078.83
47086.30
47097.13
47110.80
47119.56
47131.94
47142.25
47150.50
47162.62
47169.84
47177.31
47186.85
47199.74
47208.25
47244.86
47248.47
47261.88
47291.01
47320.91
47376.86
47435.12
47504.48
47566.61
47624.10
47677.47
47729.03
47782.14
47841.95
47888.62
47941.98
47989.94
48037.38
48083.52
48131.54
48178.20
48229.50
48282.10
48329.54
48347.84
48356.35
48407.39
48442.46
48474.17
48503.04
48530.63
48573.17
48582.96
48603.59
48626.02
48648.71
48672.43
48690.99
48696.40
48703.62
48710.32
48718.57
48726.05
48731.98
48738.94
48744.61
48750.29
48756.47
48763.69
48769.11
48775.81
48781.74
48787.93
48794.11
48801.33
48808.55
48815.00
48820.93
48830.21
48836.14
48846.45
48851.86
48879.71
48921.99
48961.95
49002.17
49039.04
49041.36
49044.45
49047.03
49048.83
49051.41
49053.99
49056.31
49058.89
49061.21
49063.27
49065.59
49068.43
49070.49
49072.55
49074.61
49077.71
49079.51
49082.09
49084.41
49087.25
49089.82
49092.14
49093.95
49096.27
49098.85
49100.65
49102.97
49105.55
49107.87
49110.45
49113.80
49116.12
49118.96
49121.79
49124.11
49126.95
49128.50
49130.82
49132.36
49134.68
49137.78
49139.32
49143.19
49146.80
49149.64
49153.25
49156.86
49158.92
49160.98
49164.07
49165.62
49168.46
49171.55
49173.61
49175.42
49178.00
49179.54
49181.86
49183.67
49184.96
49187.28
49188.57
49190.63
49192.69
49196.82
49201.97
49207.90
49244.00
49285.76
49327.79
49371.10
49422.40
49475.77
49528.69
49582.31
49631.81
50089.69
50874.98
51710.81
52161.21
52566.49
52992.66
53402.06
53848.08
54279.14
54699.12
54833.70
9.59
59.30
108.02
155.20
204.28
251.72
297.87
342.98
390.63
435.23
479.84
524.95
571.36
617.25
662.62
708.77
755.90
802.30
848.71
894.60
939.98
986.64
1031.76
1075.84
1119.93
1163.76
1207.59
1252.45
1296.27
1341.13
1385.99
1431.11
1483.53
1527.87
1571.96
1615.79
1660.39
1706.02
1751.65
1797.03
1842.40
1887.00
1932.64
1977.75
2022.36
2067.21
2111.04
2154.87
2198.44
2241.75
2285.07
2328.12
2372.98
2417.32
2461.93
2506.27
2550.87
2595.21
2639.82
2683.64
2727.99
2772.33
2815.90
2860.25
2904.85
2957.40
2964.36
3081.50
3230.96
3371.69
3488.49
3840.97
4263.68
4719.29
5101.05
5523.50
5945.30
6408.88
6803.94
7223.14
7643.87
8072.85
8484.42
8959.24
9347.76
9763.87
10184.91
10614.75
11007.76
11424.64
11926.95
12341.77
12756.85
13171.67
13610.05
14022.81
14433.25
14810.80
15210.66
15627.80
16724.28
16988.88
17402.41
17831.16
18241.59
18660.76
19080.22
19508.71
19923.27
20332.02
20748.49
21170.27
21583.29
21994.24
22374.74
22947.34
23370.93
23789.62
24202.38
24612.81
25037.17
25450.19
25881.90
26175.80
26592.69
27007.77
27385.72
27819.10
28233.41
28646.94
29056.09
29476.84
29881.34
30284.05
30699.12
31110.08
31515.88
31921.16
32340.36
33003.14
33418.73
33820.40
34223.62
34646.43
35053.57
35458.86
35862.07
36282.05
36685.27
37087.08
37495.97
37908.21
38308.86
38709.24
39129.99
39530.11
39932.04
40337.84
40747.76
41146.94
41547.84
41962.66
42363.04
42761.04
43162.46
43424.91
43465.13
43557.68
43600.22
43653.80
43656.63
43657.40
43658.69
43659.98
43661.01
43662.56
43663.59
43664.88
43666.43
43667.46
43668.75
43669.78
43671.32
43672.36
43673.64
43678.03
43678.54
43679.32
43690.66
43697.36
43703.81
43710.77
43716.96
43722.89
43723.14
43723.40
43723.66
43723.92
43731.14
43731.39
43731.91
43738.87
43739.13
43739.39
43746.61
43746.86
43754.34
43754.60
43755.11
43762.07
43762.33
43769.55
43769.81
43770.07
43777.54
43777.80
43778.32
43785.28
43785.54
43793.01
43793.27
43833.75
43834.00
43834.26
43834.52
43834.78
43835.04
43835.29
43835.55
43835.81
43836.07
43836.32
43836.58
43836.84
43837.10
43837.36
43837.61
43837.87
43840.45
43840.71
43840.96
43848.18
43848.44
43855.92
43856.18
43856.43
43863.65
43863.91
43864.17
43871.39
43871.64
43871.90
43879.12
43879.38
43879.64
43880.15
43887.11
43887.37
43894.85
43895.11
43902.58
43902.84
43910.32
43910.57
43911.09
43918.05
43918.31
43918.57
43925.79
43926.04
43926.30
43933.52
43933.78
43934.04
43934.29
43941.51
43941.77
43942.03
43949.25
43949.50
43949.76
43956.98
43957.24
43964.46
43964.71
43964.97
43965.23
43972.19
43972.45
43972.71
43979.93
43980.18
43980.44
43987.66
43987.92
43988.18
43995.39
43995.65
44002.87
44003.13
44003.39
44003.58
44010.80
44011.05
44018.27
44018.53
44018.79
44026.01
44026.27
44026.52
44033.74
44034.00
44034.26
44041.48
44041.73
44041.99
44049.21
44049.47
44049.73
44056.95
44057.20
44057.46
44064.68
44064.94
44072.41
44072.67
44079.89
44080.15
44080.41
44087.62
44087.88
44088.14
44095.36
44095.62
44095.88
44103.09
44103.35
44103.61
44110.83
44111.09
44111.34
44118.56
44118.82
44119.08
44126.30
44126.55
44126.81
44134.03
44134.29
44134.55
44141.77
44142.02
44142.28
44149.50
44149.76
44157.23
44157.49
44164.97
44165.23
44172.70
44172.96
44180.18
44180.44
44180.70
44187.91
44188.17
44188.43
44188.69
44195.91
44196.16
44203.38
44203.64
44203.90
44211.12
44211.38
44211.63
44218.85
44219.11
44219.37
44219.62
44219.88
44220.14
44220.66
44221.17
44221.43
44221.95
44225.30
44292.33
44340.45
44364.87
44381.62
44393.65
44415.57
44429.23
44449.34
44472.54
44495.78
44521.05
44548.38
44574.67
44627.78
44653.82
44677.02
44702.26
44736.55
44772.10
44810.51
44892.24
44988.40
45070.13
45176.09
45267.33
45360.14
45460.17
45548.09
45649.66
45747.12
45847.66
45942.80
46041.28
46133.27
46234.34
46332.82
46433.81
46531.78
46619.69
46716.89
46817.18
46924.43
47018.01
47115.53
47211.95
47315.85
47390.10
47441.97
47495.60
47548.96
47604.39
47663.18
47710.36
47760.89
47811.55
47861.05
47913.12
47964.17
48041.77
48114.22
48194.40
48270.20
48350.89
48434.16
48509.96
48581.12
48662.07
48735.29
48810.83
48900.29
48968.87
49049.82
49125.36
49192.65
49265.35
49342.07
49408.32
49487.99
49566.11
49635.20
49705.07
49797.36
49889.40
49985.57
50057.38
50122.60
50191.18
50277.80
50365.98
50463.95
50540.52
50615.54
50683.60
50761.72
50838.08
50930.12
51005.66
51083.78
51157.25
51236.40
51320.19
51388.61
51449.71
51480.65
51528.86
51576.30
51625.80
51661.38
51691.80
51732.02
51775.33
51826.89
51875.36
51925.12
51971.78
52023.86
52070.01
52115.90
52161.53
52206.71
52250.03
52300.82
52344.39
52390.54
52437.71
52485.15
52530.79
52577.96
52626.43
52675.16
52722.08
52786.02
52855.63
52923.18
52991.24
53057.75
53086.11
53116.54
53145.93
53173.84
53202.97
53238.29
53276.19
53305.32
53316.92
53334.20
53345.54
53357.91
53370.03
53381.89
53392.98
53405.09
53417.21
53428.55
53440.16
53455.88
53468.26
53479.34
53496.36
53507.45
53518.79
53530.13
53541.48
53557.46
53568.29
53582.98
53594.33
53605.93
53616.50
53627.59
53638.93
53650.79
53664.45
53676.05
53686.88
53702.35
53714.21
53726.07
53735.61
53745.15
53753.66
53762.16
53771.19
53779.70
53788.72
53797.23
53806.51
53815.27
53823.78
53832.80
53842.34
53850.34
53859.10
53867.61
53877.66
53886.69
53895.20
53903.70
53911.95
53920.46
53930.00
53938.25
53947.02
53955.27
53964.03
53974.09
53983.88
53992.91
54001.67
54011.47
54021.01
54029.77
54039.05
54049.11
54058.39
54067.93
54077.73
54086.49
54096.29
54105.83
54117.95
54128.00
54137.80
54148.62
54159.45
54170.28
54180.34
54191.94
54203.54
54214.11
54224.42
54235.25
54245.56
54256.39
54267.22
54278.30
54288.36
54299.70
54310.02
54320.33
54330.12
54340.95
54351.01
54361.32
54371.12
54381.69
54392.00
54402.83
54417.01
54427.32
54437.38
54447.43
54457.48
54467.54
54477.34
54488.68
54498.73
54509.05
54518.33
54527.61
54538.95
54549.78
54560.87
54569.89
54579.43
54588.20
54598.25
54606.50
54615.52
54624.29
54635.12
54645.17
54655.74
54663.99
54675.59
54685.91
54694.67
54704.47
54714.52
54724.32
54733.60
54743.14
54751.39
54760.41
54768.92
54778.46
54787.74
54796.77
54805.53
54814.30
54823.06
54831.31
54840.08
54847.55
54856.06
54864.57
54873.85
54883.13
54892.41
54900.15
54909.43
54917.42
54927.48
54935.98
54944.75
54953.52
54962.54
54972.59
54981.88
54990.64
54999.15
55008.17
55018.23
55027.77
55036.27
55045.30
55054.32
55063.34
55073.40
55082.16
55091.96
55101.24
55109.75
55120.06
55129.09
55139.66
55149.71
55158.73
55169.05
55177.30
55186.58
55196.12
55204.88
55214.42
55224.22
55234.02
55243.55
55253.87
55263.66
55273.72
55281.97
55289.96
55298.98
55308.78
55318.58
55328.38
55337.14
55346.68
55355.96
55365.24
55374.27
55384.58
55393.86
55403.40
55412.68
55420.67
55428.41
55435.62
55444.39
55452.12
55460.89
55468.88
55477.39
55494.41
55514.26
55518.38
55536.69
55566.34
55583.35
55595.98
55609.13
55632.08
55650.90
55671.01
55687.77
55690.86
55701.69
55716.38
55733.14
55746.29
55755.83
55766.40
55779.80
55793.47
55806.62
55819.77
55829.82
55839.36
55849.16
55861.79
55871.59
55882.16
55891.95
55900.46
55916.19
55930.11
55940.94
55949.70
55957.44
55967.75
55974.45
55983.22
55993.27
56001.78
56013.12
56021.89
56032.72
56044.84
56053.60
56060.56
56068.81
56075.26
56103.88
56119.09
56120.63
56123.73
56143.84
56173.23
56201.07
56232.27
56290.27
56348.02
56411.19
56477.70
56534.16
56591.91
56647.09
56697.36
56758.20
56821.88
56883.24
56946.92
57002.35
57061.65
57118.91
57180.01
57239.82
57287.26
57333.66
57366.15
57386.77
57429.05
57477.01
57522.90
57573.95
57619.32
57630.41
57653.87
57681.20
57712.39
57740.49
57771.43
57807.01
57817.32
57837.17
57859.09
57878.68
57901.37
57927.15
57942.36
57947.52
57954.48
57960.92
57968.40
57974.84
57982.32
57989.02
57995.73
58001.66
58009.39
58016.09
58022.02
58028.21
58033.88
58040.71
58046.12
58052.05
58058.24
58063.39
58068.04
58076.03
58080.93
58088.14
58095.62
58105.42
58111.86
58118.57
58126.82
58132.23
58138.42
58172.96
58214.21
58254.43
58293.88
58330.75
58356.53
58358.59
58361.17
58364.00
58366.58
58370.71
58373.29
58376.38
58378.70
58380.76
58383.86
58386.43
58388.24
58391.07
58393.14
58394.94
58397.00
58399.32
58401.64
58403.45
58406.03
58408.35
58410.67
58414.02
58415.82
58418.40
58421.50
58423.82
58427.43
58428.97
58431.29
58433.10
58435.68
58438.25
58440.32
58442.38
58445.47
58447.54
58449.08
58451.14
58453.72
58455.53
58457.59
58459.14
58461.97
58464.29
58466.10
58468.42
58471.00
58473.57
58476.41
58478.47
58480.02
58482.60
58484.66
58488.01
58490.07
58492.14
58495.75
58500.13
58502.19
58504.25
58507.35
58510.18
58513.79
58515.86
58518.18
58520.24
58522.82
58524.88
58526.43
58527.97
58529.52
58531.32
58533.39
58534.93
58537.00
58538.54
58541.38
58544.99
58549.37
58554.79
58576.96
58619.24
58661.00
58704.06
58745.82
58795.58
58847.92
58901.29
58954.39
59007.50
59059.84
59628.06
60380.10
61208.96
61833.13
62226.81
62625.90
63047.68
63454.51
63883.77
64308.64
64736.61
65144.73
65281.89
9.19
58.38
106.23
152.89
200.51
246.92
293.84
339.99
386.02
432.16
478.05
523.43
568.29
613.92
658.52
704.16
751.70
795.53
841.42
887.31
931.91
977.55
1021.12
1066.49
1111.09
1155.18
1200.04
1244.64
1288.47
1332.30
1376.64
1421.50
1490.85
1512.78
1557.64
1602.50
1647.36
1692.22
1737.08
1781.68
1826.28
1870.88
1915.23
1959.31
2003.66
2047.74
2091.57
2135.91
2180.26
2224.09
2267.91
2311.48
2355.31
2398.62
2441.94
2485.25
2528.56
2571.88
2615.19
2658.76
2702.33
2745.38
2788.44
2832.52
2876.09
3009.90
3019.64
3064.25
3108.59
3153.19
3197.54
3241.88
3286.22
3330.31
3374.39
3418.48
3462.57
3506.65
3523.67
3591.91
3729.55
3872.39
4017.73
4171.10
4369.38
4788.21
5205.09
5619.18
6111.70
6476.00
6877.55
7356.67
7774.09
8183.79
8614.26
9041.20
9502.39
9887.05
10319.92
10771.75
11140.16
11563.75
11992.75
12478.79
12895.93
13328.80
13743.10
14197.84
14599.77
15023.35
15386.28
15785.12
16216.18
16744.59
17163.02
17591.50
18008.13
18425.27
18847.57
19279.07
19693.63
20104.32
20525.33
20940.84
21351.80
21723.56
22152.05
22563.00
22969.71
23565.77
23976.21
24391.54
24816.16
25226.86
25637.55
26061.14
26478.79
26784.40
27207.99
27635.18
28005.14
28421.77
28848.45
29264.04
29677.32
30097.55
30523.46
30937.76
31348.97
31772.56
32190.73
32602.46
34084.88
34117.21
34544.14
34949.43
35348.59
35764.96
36172.30
36574.23
36978.23
37396.40
37798.59
38198.97
38610.95
39022.16
39420.74
39826.80
40247.29
40655.92
41058.37
41471.12
41875.52
42273.32
42679.38
43092.91
43493.29
43891.35
44306.69
44615.03
45016.96
45433.84
45834.48
46234.09
46646.59
47057.29
47457.67
49303.61
49496.14
49858.62
50107.41
50511.15
50927.52
51152.59
51338.73
51431.02
51533.12
51548.07
51605.46
51605.72
51605.98
51607.27
51608.55
51609.84
51611.13
51612.42
51613.45
51615.00
51616.29
51617.32
51618.87
51620.16
51621.19
51622.48
51626.60
51627.63
51629.18
51630.47
51631.50
51633.05
51634.34
51635.37
51636.66
51638.20
51639.49
51640.52
51641.81
51652.12
51658.83
51665.53
51672.49
51682.03
51684.87
51690.80
51691.05
51691.31
51691.57
51698.79
51699.05
51699.30
51706.52
51706.78
51747.52
51747.77
51748.03
51748.29
51748.80
51749.06
51749.58
51749.84
51750.09
51750.35
51750.61
51750.87
51751.12
51751.38
51751.64
51754.22
51754.48
51754.73
51754.99
51761.95
51762.21
51762.47
51769.69
51769.95
51770.20
51777.42
51777.68
51777.94
51778.20
51785.16
51785.41
51785.67
51792.89
51793.15
51793.41
51800.62
51800.88
51801.14
51808.36
51808.62
51808.88
51809.13
51816.09
51816.35
51816.61
51824.09
51824.34
51831.82
51832.08
51832.59
51839.55
51839.81
51840.07
51847.29
51847.55
51847.80
51855.02
51855.28
51855.54
51862.76
51863.02
51863.27
51863.53
51870.49
51870.75
51871.01
51878.23
51878.48
51878.74
51886.22
51886.48
51893.95
51894.21
51894.47
51901.69
51901.95
51902.20
51909.68
51909.94
51910.04
51910.29
51917.51
51917.77
51925.24
51925.50
51932.72
51932.98
51933.23
51940.45
51940.71
51940.97
51948.19
51948.45
51948.70
51955.92
51956.18
51956.44
51963.66
51963.91
51971.13
51971.39
51971.65
51978.87
51979.12
51979.38
51986.60
51986.86
51987.12
51994.34
51994.59
52001.81
52002.07
52002.33
52009.55
52009.80
52010.06
52017.28
52017.54
52017.80
52025.02
52025.27
52025.53
52032.75
52033.01
52033.27
52040.48
52040.74
52048.22
52048.48
52055.70
52055.95
52056.21
52063.43
52063.69
52063.95
52071.16
52071.42
52071.68
52078.90
52079.16
52079.41
52086.63
52086.89
52087.15
52094.37
52094.62
52094.88
52102.10
52102.36
52102.62
52109.84
52110.09
52117.57
52117.83
52125.30
52125.56
52132.78
52133.04
52133.30
52140.52
52140.77
52141.03
52141.29
52148.51
52148.77
52155.98
52156.24
52156.50
52163.72
52163.98
52164.23
52171.45
52171.71
52171.97
52179.19
52179.45
52179.70
52186.92
52187.18
52187.44
52194.66
52194.91
52195.17
52202.39
52202.65
52202.91
52210.12
52210.38
52210.64
52217.86
52218.12
52218.38
52225.59
52225.85
52226.11
52233.33
52233.59
52241.06
52241.32
52248.80
52249.05
52256.53
52256.79
52264.27
52264.52
52264.78
52265.04
52265.30
52265.81
52266.33
52266.69
52267.20
52267.46
52288.34
52362.18
52409.49
52456.93
52480.85
52488.07
52508.69
52531.12
52553.05
52574.97
52596.37
52622.41
52648.70
52677.06
52706.69
52732.00
52761.14
52793.11
52832.81
52866.58
52898.81
52933.10
52971.13
53061.11
53152.89
53255.75
53356.54
53444.97
53545.52
53645.55
53736.56
53839.59
53936.79
54034.75
54125.76
54228.63
54330.53
54422.41
54526.05
54618.61
54718.64
54818.93
54912.52
55008.68
55102.18
55196.54
55296.31
55399.69
55498.18
55590.99
55686.12
55792.19
55888.87
55988.39
56094.61
56191.29
56284.87
56386.45
56489.83
56591.93
56685.77
56780.90
56884.54
56985.61
57083.64
57189.09
57289.38
57375.49
57428.86
57484.80
57536.62
57590.25
57650.06
57708.07
57763.24
57813.77
57866.11
57921.28
57973.61
58025.95
58080.09
58131.14
58181.85
58229.03
58279.56
58330.87
58382.43
58443.27
58525.00
58609.56
58682.01
58763.48
58848.55
58917.39
59000.92
59082.39
59159.22
59240.43
59325.25
59396.92
59469.37
59551.09
59627.41
59703.98
59789.57
59865.37
59936.66
60001.62
60081.55
60151.67
60229.53
60306.10
60380.09
60452.28
60523.44
60594.08
60666.27
60736.39
60797.23
60869.16
60933.36
60992.40
61065.10
61133.42
61187.82
61219.47
61258.91
61299.65
61331.88
61378.28
61419.02
61452.53
61498.16
61529.62
61576.28
61615.98
61650.02
61704.41
61756.49
61805.48
61843.63
61875.86
61908.86
61953.20
62000.12
62047.05
62096.29
62140.12
62189.36
62241.95
62288.88
62337.86
62383.23
62429.38
62478.11
62525.55
62574.27
62619.65
62667.09
62708.08
62746.75
62778.20
62789.55
62800.12
62814.55
62825.90
62836.98
62847.55
62859.67
62875.40
62887.77
62899.89
62910.46
62921.55
62932.63
62943.98
62954.80
62965.38
62976.46
62992.45
63003.53
63014.62
63025.19
63035.24
63051.48
63062.57
63074.43
63085.26
63096.34
63112.59
63125.22
63137.34
63151.52
63164.66
63175.75
63188.12
63200.24
63211.84
63228.60
63239.17
63250.52
63261.60
63275.01
63287.90
63298.98
63310.59
63321.93
63338.17
63350.29
63362.92
63375.04
63387.93
63399.79
63410.88
63421.96
63432.27
63442.84
63457.02
63469.05
63480.91
63492.00
63506.18
63519.33
63530.93
63542.02
63553.88
63571.41
63579.66
63588.68
63597.19
63605.44
63613.95
63624.00
63632.25
63641.27
63649.78
63659.06
63669.12
63678.14
63686.13
63694.38
63703.41
63711.66
63721.97
63730.48
63739.50
63748.52
63756.52
63766.31
63774.82
63783.59
63792.61
63801.38
63810.91
63820.71
63829.73
63839.02
63848.04
63857.06
63866.09
63876.40
63884.91
63893.67
63902.70
63911.46
63920.74
63930.28
63939.05
63948.84
63957.87
63967.66
63978.75
63988.29
63997.83
64007.88
64018.45
64028.51
64039.34
64049.65
64059.96
64070.79
64081.88
64091.93
64101.98
64112.81
64123.90
64133.44
64144.01
64154.58
64165.15
64176.49
64187.84
64198.92
64208.98
64219.55
64229.86
64240.43
64250.48
64261.66
64272.48
64283.05
64293.62
64303.42
64312.70
64323.02
64333.84
64344.16
64353.95
64362.72
64372.00
64381.28
64390.82
64399.84
64409.64
64418.41
64427.69
64436.45
64445.48
64454.50
64464.04
64473.84
64482.60
64491.62
64501.94
64511.99
64523.34
64532.88
64542.67
64551.95
64561.49
64571.55
64580.83
64590.88
64600.16
64610.22
64620.27
64630.33
64639.61
64649.15
64658.43
64667.71
64678.28
64688.08
64696.84
64706.38
64716.44
64726.23
64735.00
64744.54
64753.30
64762.07
64772.64
64783.47
64793.52
64804.35
64815.18
64823.43
64831.42
64840.45
64848.70
64857.20
64866.74
64875.25
64883.50
64892.78
64901.80
64910.57
64920.37
64929.91
64938.93
64947.95
64956.46
64965.74
64976.05
64985.59
64995.39
65004.93
65014.21
65023.23
65031.74
65040.25
65048.50
65057.27
65067.84
65077.12
65086.14
65095.68
65104.70
65113.47
65122.75
65131.52
65140.80
65149.05
65157.55
65167.09
65175.60
65184.37
65194.94
65203.45
65212.21
65221.23
65230.00
65237.99
65247.02
65256.81
65265.84
65275.12
65284.14
65292.39
65301.41
65309.92
65319.98
65328.23
65336.48
65345.24
65353.75
65362.00
65371.02
65380.30
65393.71
65417.69
65431.09
65434.70
65452.23
65489.10
65518.75
65536.80
65551.49
65565.93
65580.37
65596.87
65615.43
65632.96
65636.05
65640.44
65653.84
65670.34
65686.84
65697.93
65714.95
65729.12
65738.92
65749.75
65760.58
65770.63
65781.98
65794.35
65804.92
65813.43
65825.29
65834.05
65843.34
65855.97
65865.77
65876.34
65883.04
65905.47
65917.59
65933.57
65945.95
65958.58
65970.18
65981.52
65991.06
65998.28
66006.02
66013.49
66022.26
66028.70
66035.41
66045.46
66056.03
66063.25
66070.21
66079.75
66087.23
66097.28
66105.02
66149.10
66154.00
66157.09
66185.97
66221.29
66256.87
66291.67
66324.93
66356.38
66388.87
66441.98
66487.35
66538.40
66598.98
66658.02
66720.67
66777.91
66840.30
66898.82
66956.57
67022.05
67084.70
67145.29
67197.37
67255.89
67329.62
67386.86
67451.83
67512.16
67575.06
67628.69
67696.23
67753.98
67821.02
67886.50
67943.22
67998.91
68050.21
68099.20
68121.62
68149.73
68176.80
68205.93
68234.03
68274.77
68296.42
68311.38
68332.26
68350.82
68372.99
68393.10
68416.82
68450.08
68453.69
68460.65
68466.06
68472.25
68478.18
68484.11
68489.78
68495.45
68502.16
68508.86
68516.08
68523.30
68529.74
68536.96
68542.12
68548.56
68556.04
68561.20
68566.61
68572.28
68577.95
68585.43
68591.62
68597.80
68602.96
68608.63
68614.56
68620.49
68628.23
68634.93
68642.15
68649.11
68656.33
68663.29
68697.58
68738.05
68778.79
68820.30
68860.77
68898.16
68914.14
68917.23
68920.33
68923.16
68925.23
68926.77
68929.09
68931.41
68934.25
68937.34
68939.92
68942.24
68944.30
68945.85
68947.66
68949.98
68952.81
68955.39
68957.97
68959.77
68961.58
68964.93
68966.99
68968.80
68971.12
68972.66
68974.98
68976.53
68979.37
68980.91
68982.72
68984.78
68986.84
68989.42
68991.48
68993.29
68995.61
68997.67
69000.51
69003.09
69005.15
69009.27
69012.37
69014.95
69017.27
69019.84
69022.42
69026.03
69027.84
69029.38
69031.70
69032.99
69034.28
69036.09
69037.38
69039.95
69042.27
69043.82
69046.66
69048.98
69051.55
69053.88
69056.20
69058.26
69061.87
69063.67
69066.25
69069.09
69071.41
69073.98
69076.05
69079.66
69083.27
69084.81
69087.39
69089.71
69091.77
69093.84
69095.38
69098.99
69101.05
69102.60
69104.41
69106.73
69108.79
69110.85
69112.40
69113.69
69115.23
69116.78
69118.33
69119.88
69123.74
69127.09
69130.70
69133.28
69159.84
69203.15
69246.20
69288.23
69337.73
69391.35
69444.98
69499.38
69553.26
69606.88
69660.77
69713.62
69743.01
70433.17
71212.54
72031.87
72834.18
73225.28
73635.98
74051.83
74480.31
74893.07
75327.74
75753.91
76198.12
76628.66
77013.84
