7.27
10.24
9.07
9.36
10.21
67.85
118.23
170.83
221.02
273.35
321.56
373.17
422.93
474.23
523.22
574.01
616.77
892.80
1319.67
1739.24
2162.85
2592.40
3003.72
3433.32
3844.91
4264.90
4704.51
5149.30
5553.33
5959.37
6359.75
6813.07
7202.11
7599.51
8008.36
8423.77
8830.86
9237.43
9725.70
10131.50
10537.29
10965.41
11198.72
11203.63
11203.89
11204.41
11211.37
11211.62
11211.88
11219.10
11219.36
11237.41
11237.66
11237.92
11238.18
11238.70
11238.95
11239.21
11239.47
11239.73
11239.98
11241.02
11241.53
11242.05
11277.37
11339.76
11351.36
11408.59
11427.67
11445.98
11477.34
11528.64
11610.63
11713.11
11799.21
11878.88
11971.85
12044.81
12094.59
12140.48
12185.61
12242.33
12304.85
12375.05
12434.54
12525.03
12603.40
12676.11
12740.82
12819.19
12894.21
12968.46
13026.23
13061.29
13104.86
13149.21
13191.75
13232.22
13274.55
13316.57
13361.69
13402.68
13419.44
13431.30
13443.42
13455.02
13468.43
13483.89
13497.56
13510.19
13523.86
13534.17
13543.45
13552.99
13562.01
13570.26
13579.29
13588.57
13599.14
13609.71
13620.54
13631.36
13642.45
13653.79
13664.88
13674.46
13685.55
13696.12
13705.91
13718.80
13730.92
13741.49
13751.03
13760.57
13768.82
13776.81
13785.32
13795.12
13804.66
13813.42
13821.67
13830.95
13840.49
13849.00
13856.99
13865.50
13872.98
13881.74
13889.99
13899.05
13907.30
13915.03
13923.02
13939.27
13960.41
13973.81
13980.52
13996.76
14014.03
14027.18
14041.10
14053.99
14062.50
14073.59
14088.54
14093.70
14126.18
14171.30
14212.29
14269.27
14309.74
14328.56
14361.30
14377.29
14394.82
14402.04
14409.00
14416.22
14422.66
14429.11
14436.84
14467.01
14497.43
14500.01
14503.36
14505.94
14508.77
14510.84
14513.67
14516.25
14519.09
14522.18
14523.98
14526.56
14528.62
14531.20
14532.75
14535.33
14538.68
14541.00
14555.44
14597.72
14649.80
14699.55
14751.89
14785.66
14938.29
15576.38
16002.02
16341.05
9.74
67.01
115.33
167.66
218.63
267.62
318.66
367.14
417.67
468.46
515.64
565.66
612.58
662.34
729.11
763.95
811.39
861.41
908.33
958.60
1005.27
1085.15
1433.24
1845.73
2277.66
2686.48
3132.95
3530.32
3956.77
4371.30
4792.86
5231.59
5652.75
6074.91
6480.11
6925.87
7347.65
7804.39
8148.05
8568.22
8987.55
9402.11
9895.20
10313.12
10717.62
11208.79
11547.04
11946.39
12346.46
12761.42
13156.24
13555.59
13906.99
14414.84
14824.76
15211.99
15615.47
16025.13
16443.44
16847.43
17253.23
17673.21
17870.33
17936.16
17951.37
17951.62
17951.88
17952.14
17953.43
17953.69
17953.95
17954.20
17961.42
17961.68
17968.90
17969.16
17969.41
17976.63
17976.89
17977.15
17977.41
17984.37
17984.62
17984.88
17992.10
17992.36
18010.41
18010.66
18010.92
18011.18
18011.44
18011.70
18011.95
18012.21
18015.82
18016.08
18016.34
18023.55
18023.81
18024.07
18024.33
18031.29
18031.55
18031.80
18039.02
18039.28
18039.54
18046.76
18047.02
18047.27
18047.53
18054.49
18054.75
18055.01
18062.23
18062.48
18062.74
18069.96
18070.22
18070.48
18077.70
18077.95
18078.21
18078.47
18085.69
18112.76
18113.02
18113.27
18113.53
18113.79
18114.05
18114.30
18114.56
18114.82
18115.08
18115.34
18117.14
18117.40
18124.88
18125.13
18132.61
18132.87
18133.38
18133.64
18133.90
18134.67
18135.19
18135.70
18140.34
18223.03
18231.28
18288.52
18312.23
18332.72
18351.80
18371.13
18392.02
18412.64
18511.64
18566.55
18652.56
18702.00
18751.24
18832.71
18918.56
18998.22
19077.37
19165.99
19263.70
19330.73
19412.72
19496.81
19575.44
19638.61
19722.91
19801.77
19888.14
19972.45
20049.53
20123.78
20212.98
20301.41
20391.39
20482.91
20560.26
20643.53
20687.62
20728.61
20775.79
20820.13
20864.22
20913.98
20958.58
21004.21
21050.36
21096.27
21146.29
21190.38
21235.49
21293.24
21358.73
21423.44
21468.30
21496.91
21524.24
21553.38
21587.66
21605.71
21616.80
21628.66
21645.67
21658.30
21667.07
21675.84
21685.38
21695.17
21706.26
21718.89
21729.46
21739.77
21749.83
21760.40
21774.58
21783.60
21793.14
21804.48
21814.54
21826.14
21839.80
21852.44
21863.27
21873.84
21883.38
21893.69
21903.74
21916.89
21926.95
21937.26
21948.60
21959.95
21971.55
21990.11
22003.00
22021.05
22032.39
22044.51
22055.34
22065.91
22075.96
22086.79
22097.62
22113.09
22124.55
22133.31
22140.79
22148.52
22156.77
22165.54
22174.30
22182.81
22191.06
22199.31
22207.56
22215.55
22223.55
22232.83
22241.34
22250.62
22260.67
22269.18
22277.69
22285.94
22294.96
22304.24
22313.27
22321.77
22330.54
22339.05
22347.30
22357.09
22365.34
22374.37
22382.88
22391.90
22400.66
22409.43
22417.94
22425.41
22431.60
22440.11
22453.00
22463.83
22492.45
22520.80
22533.44
22534.21
22547.62
22565.92
22587.32
22602.79
22614.91
22629.86
22642.49
22657.45
22669.56
22684.26
22695.09
22710.04
22723.96
22734.53
22754.38
22756.70
22786.35
22823.99
22872.98
22925.31
22973.01
23024.31
23061.18
23102.95
23136.72
23169.20
23200.91
23234.17
23248.87
23264.34
23278.52
23291.92
23298.37
23305.07
23311.26
23318.48
23324.41
23331.37
23337.55
23344.52
23351.22
23358.70
23372.10
23413.61
23452.54
23457.44
23460.02
23462.85
23465.69
23468.27
23471.36
23474.20
23477.03
23479.35
23481.93
23485.02
23486.83
23488.89
23490.95
23493.27
23496.37
23498.69
23501.52
23503.59
23505.91
23508.23
23510.55
23513.64
23515.70
23520.34
23523.44
23525.50
23529.37
23544.06
23586.09
23628.25
23676.20
23729.05
23781.64
23834.75
23886.57
23939.75
23966.30
24759.33
25268.25
25692.87
26139.92
26513.23
