10.96
9.15
10.94
9.12
9.76
68.26
118.61
170.69
220.98
273.06
321.53
373.48
422.73
474.29
522.76
573.80
617.61
898.09
1300.46
1706.59
2130.59
2508.77
2917.52
3328.77
3742.09
4095.87
4493.70
4916.57
5324.27
5722.50
6109.21
6653.46
6899.48
7282.34
7679.83
8065.55
8463.11
8856.27
9251.50
9719.72
10112.88
10324.55
10367.48
10372.38
10379.34
10379.59
10379.85
10382.43
10387.07
10387.33
10387.59
10394.80
10395.06
10395.32
10407.70
10407.95
10408.21
10410.53
10410.79
10411.30
10418.27
10418.52
10426.00
10426.26
10433.73
10433.99
10434.51
10441.47
10441.73
10449.20
10449.46
10449.72
10456.94
10457.20
10475.24
10475.50
10475.76
10476.02
10476.27
10476.53
10476.79
10477.30
10477.56
10478.59
10479.37
10479.62
10487.88
10575.53
10587.39
10643.85
10662.93
10682.52
10706.76
10769.96
10851.95
10941.58
11028.72
11095.50
11138.29
11188.15
11264.98
11339.53
11398.31
11466.95
11552.80
11620.00
11711.27
11794.80
11857.45
11926.80
12010.07
12091.67
12151.23
12188.35
12230.63
12274.46
12315.20
12358.51
12402.34
12450.82
12512.51
12562.01
12587.28
12614.09
12634.97
12648.64
12662.04
12673.64
12687.05
12700.71
12710.77
12719.54
12728.56
12737.07
12748.15
12758.72
12768.78
12778.06
12787.60
12798.43
12813.12
12822.14
12833.75
12844.32
12855.40
12865.46
12876.54
12887.37
12897.68
12907.74
12917.02
12926.56
12935.07
12942.80
12951.57
12960.85
12969.36
12977.86
12986.37
12994.88
13004.93
13013.70
13022.20
13030.71
13037.93
13046.18
13054.95
13063.97
13071.96
13078.66
13085.11
13093.36
13116.30
13138.22
13149.30
13165.55
13178.70
13192.10
13208.86
13220.98
13232.32
13244.18
13254.49
13265.06
13307.60
13362.26
13415.37
13459.20
13494.26
13529.32
13555.36
13567.99
13574.44
13581.66
13587.59
13593.52
13600.99
13613.62
13655.13
13665.70
13668.80
13671.12
13673.95
13677.30
13679.62
13683.23
13686.59
13689.42
13691.23
13693.29
13695.61
13697.67
13699.99
13702.05
13704.38
13706.95
13709.53
13714.95
13745.62
13788.16
13833.28
13890.77
14560.31
14972.81
15269.81
