1 2
2 3 5
3 4
4 247
5 6
6 7 printf fflush
7 8 9
8 12
9 10 11
10 12
11 12
12 13 14
13 17
14 15
15 16
16 247
17 18
18 19 21
19 20
20 247
21 22
22 23 printf fflush
23 24 25
24 63
25 26
26 27
27 28 30
28 29
29 247
30 31
31 32 printf fflush
32 33 34
33 37
34 35 36
35 37
36 37
37 38 39
38 42
39 40
40 41
41 51
42 43
43 44 45
44 48
45 46 47
46 48
47 48
48 49 50
49 51
50 51
51 52
52 53 55
53 54
54 247
55 56
56 57 printf fflush
57 58 59
58 62
59 60
60 61
61 247
62 63
63 64
64 65 67
65 66
66 247
67 68
68 69 printf fflush
69 70 71
70 154
71 72
72 73
73 74
74 75 77
75 76
76 247
77 78
78 79 printf fflush
79 80 81
80 111
81 82
82 83
83 84
84 85 87
85 86
86 247
87 88
88 89 printf fflush
89 90 91
90 109
91 92
92 93 94
93 97
94 95 96
95 97
96 97
97 98 99
98 102
99 100 101
100 102
101 102
102 103 104
103 107
104 105 106
105 107
106 107
107 108
108 83
109 110
110 73
111 112
112 113 115
113 114
114 247
115 116
116 117 printf fflush
117 118 119
118 122
119 120 121
120 122
121 122
122 123 124
123 127
124 125
125 126
126 247
127 128
128 129 131
129 130
130 247
131 132
132 133 printf fflush
133 134 135
134 138
135 136 137
136 138
137 138
138 139 140
139 153
140 141
141 142
142 143 145
143 144
144 247
145 146
146 147 printf fflush
147 148 149
148 152
149 150
150 151
151 247
152 153
153 154
154 155
155 156 158
156 157
157 247
158 159
159 160 printf fflush
160 161 162
161 245
162 163
163 164
164 165
165 166 168
166 167
167 247
168 169
169 170 printf fflush
170 171 172
171 202
172 173
173 174
174 175
175 176 178
176 177
177 247
178 179
179 180 printf fflush
180 181 182
181 200
182 183
183 184 185
184 188
185 186 187
186 188
187 188
188 189 190
189 193
190 191 192
191 193
192 193
193 194 195
194 198
195 196 197
196 198
197 198
198 199
199 174
200 201
201 164
202 203
203 204 206
204 205
205 247
206 207
207 208 printf fflush
208 209 210
209 213
210 211 212
211 213
212 213
213 214 215
214 218
215 216
216 217
217 247
218 219
219 220 222
220 221
221 247
222 223
223 224 printf fflush
224 225 226
225 229
226 227 228
227 229
228 229
229 230 231
230 244
231 232
232 233
233 234 236
234 235
235 247
236 237
237 238 printf fflush
238 239 240
239 243
240 241
241 242
242 247
243 244
244 245
245 246
246 247
247
248 249 printf fflush __CrownInt printf fflush __CrownInt printf fflush __CrownInt printf fflush __CrownInt printf fflush __CrownInt printf fflush __CrownInt printf fflush __CrownInt printf fflush __CrownInt printf fflush __CrownInt printf fflush __CrownInt printf fflush __CrownInt printf fflush __CrownInt printf fflush __CrownInt printf fflush __CrownInt printf fflush printf fflush 1
249 250
250 251
251 252
252 253 258
253 254 fprintf fopen
254 255 256
255 257 fprintf
256 257 fclose
257 exit
258 259
259 260
260 261
261 262 printf fflush printf fflush
262 263
263
