10.23
10.86
7.20
7.69
9.79
68.17
119.09
171.42
223.07
274.89
324.65
378.00
427.50
479.84
528.56
580.38
629.71
944.25
1371.30
1806.95
2217.50
2689.30
3067.97
3493.19
3909.70
4330.59
4775.62
5199.34
5635.35
6032.24
6635.26
6880.47
7270.54
7678.32
8085.80
8500.74
8912.21
9625.06
9805.78
10216.99
10623.82
11031.38
11102.84
11113.92
11114.18
11114.44
11114.70
11114.95
11120.62
11120.88
11121.14
11128.36
11128.62
11129.13
11136.09
11136.35
11136.61
11143.83
11144.09
11156.72
11156.98
11157.23
11159.30
11159.55
11159.81
11167.29
11167.55
11174.77
11175.02
11175.28
11175.80
11182.76
11183.02
11183.27
11190.49
11190.75
11198.23
11198.48
11198.74
11205.96
11206.22
11224.27
11224.52
11224.78
11225.04
11225.55
11225.81
11226.33
11226.59
11227.10
11228.13
11228.65
11228.91
11316.05
11326.36
11373.28
11398.29
11416.59
11436.70
11496.52
11558.65
11648.70
11760.33
11837.16
11925.96
12018.26
12066.98
12113.69
12155.97
12207.54
12267.57
12345.69
12402.83
12491.00
12573.76
12644.76
12711.02
12785.27
12863.64
12934.29
13003.93
13039.25
13081.27
13128.71
13170.22
13211.47
13255.38
13298.18
13341.75
13384.54
13406.20
13417.54
13429.14
13441.26
13455.44
13468.33
13485.35
13498.50
13509.84
13522.47
13531.24
13541.55
13550.83
13559.60
13568.36
13577.64
13587.44
13598.27
13609.10
13619.93
13630.24
13641.32
13652.15
13662.72
13672.77
13683.09
13693.40
13707.06
13718.15
13728.98
13738.52
13747.80
13756.05
13764.30
13772.80
13783.12
13791.88
13800.91
13809.93
13818.70
13827.72
13836.48
13844.73
13853.24
13860.98
13869.48
13877.99
13886.92
13895.94
13904.19
13912.44
13929.20
13948.54
13960.39
13971.48
13987.46
14003.45
14016.60
14030.00
14041.09
14050.11
14061.20
14075.89
14081.05
14114.82
14159.43
14201.45
14258.17
14298.13
14331.90
14357.43
14373.41
14385.53
14391.71
14398.93
14404.86
14412.08
14419.04
14441.99
14479.89
14482.46
14485.82
14488.91
14491.23
14494.84
14497.93
14500.51
14502.83
14504.89
14507.21
14509.28
14511.60
14513.66
14515.98
14518.04
14522.43
14524.49
14526.55
14529.64
14557.49
14605.18
14655.97
14707.79
14760.90
14773.02
15299.21
15758.12
16201.56
16326.08
9.16
67.27
115.31
167.39
218.62
267.61
318.39
367.30
416.80
468.11
515.80
564.53
612.48
661.46
729.53
763.67
810.59
860.35
908.30
957.80
1006.01
1077.73
1407.00
1836.94
2265.02
2672.56
3126.75
3516.37
3942.67
4355.44
4777.56
5216.12
5638.55
6066.02
6463.41
6908.13
7329.14
7740.72
8127.95
8549.52
8967.96
9382.27
9876.49
10292.60
10697.11
11197.27
11525.98
11925.85
12326.14
12740.91
13135.21
13535.07
13890.34
14394.46
14804.64
15191.88
15595.35
16004.76
16421.22
16826.50
17232.04
17652.53
17848.55
17913.80
17929.01
17929.27
17929.53
17929.79
17931.07
17931.33
17931.59
17931.85
17938.81
17939.07
17939.32
17946.54
17946.80
17947.06
17954.28
17954.54
17954.79
17955.05
17962.01
17962.27
17962.53
17969.75
17970.00
17988.05
17988.31
17988.57
17988.82
17989.08
17989.34
17989.60
17989.86
17993.46
17993.72
17993.98
18001.20
18001.46
18001.71
18001.97
18008.93
18009.19
18009.45
18016.67
18016.93
18017.18
18024.40
18024.66
18024.92
18025.18
18032.14
18032.39
18032.65
18039.87
18040.13
18040.39
18047.61
18047.86
18048.12
18055.34
18055.60
18055.86
18056.11
18063.07
18090.14
18090.40
18090.66
18090.92
18091.18
18091.43
18091.69
18091.95
18092.21
18092.46
18092.72
18092.98
18094.79
18095.04
18102.52
18102.78
18110.25
18110.51
18110.77
18111.03
18111.29
18111.54
18112.32
18112.83
18113.35
18115.67
18198.14
18208.19
18265.17
18288.63
18309.09
18328.16
18347.50
18368.38
18388.75
18459.39
18536.99
18622.84
18674.31
18726.91
18808.89
18894.23
18972.86
19049.17
19134.44
19234.98
19302.79
19386.84
19472.74
19551.12
19610.93
19693.43
19773.10
19859.21
19944.03
20019.05
20095.36
20182.50
20272.74
20362.46
20454.50
20532.10
20617.18
20662.29
20702.00
20749.18
20791.46
20833.22
20881.18
20926.04
20969.35
21018.07
21064.32
21114.59
21158.68
21203.28
21257.42
21323.93
21386.07
21438.66
21467.16
21495.00
21524.65
21556.10
21581.37
21591.94
21602.77
21618.49
21631.64
21640.41
21649.69
21659.23
21669.28
21680.62
21694.55
21703.83
21713.88
21724.45
21734.51
21748.69
21757.97
21766.99
21777.56
21788.39
21798.70
21810.30
21825.26
21836.34
21846.91
21856.97
21867.02
21877.08
21889.71
21899.51
21910.08
21921.94
21933.02
21944.62
21963.45
21977.62
21994.90
22005.47
22017.59
22027.90
22038.47
22049.55
22059.87
22070.95
22086.42
22097.91
22107.19
22115.18
22123.18
22131.43
22140.19
22148.70
22156.95
22165.46
22173.19
22182.21
22190.21
22198.46
22206.71
22215.21
22225.27
22234.04
22242.29
22250.79
22259.04
22267.55
22277.35
22285.86
22295.14
22303.90
22312.15
22320.92
22331.75
22338.96
22348.25
22357.27
22366.29
22375.32
22383.57
22391.82
22399.81
22406.51
22414.50
22425.59
22433.58
22458.07
22484.89
22507.06
22511.70
22513.76
22532.58
22548.82
22568.93
22581.57
22595.23
22610.44
22621.79
22635.71
22648.86
22662.78
22675.41
22689.07
22701.19
22710.47
22728.00
22733.42
22768.48
22811.28
22870.06
22919.82
22968.03
23014.69
23052.07
23072.44
23107.76
23137.93
23170.93
23204.44
23218.62
23234.35
23248.01
23261.16
23268.12
23275.86
23282.56
23289.52
23294.68
23300.86
23307.82
23314.53
23321.23
23329.22
23336.18
23374.86
23414.56
23428.74
23431.06
23433.89
23436.47
23439.05
23441.37
23444.46
23447.04
23449.62
23452.20
23455.29
23458.13
23461.22
23463.03
23465.35
23467.67
23469.99
23472.31
23474.89
23477.72
23481.07
23484.94
23486.75
23489.58
23491.64
23493.71
23495.77
23498.09
23506.86
23544.24
23587.04
23635.51
23686.82
23738.64
23791.75
23842.79
23893.77
23933.73
24487.00
25119.93
25543.00
25979.99
26411.31
26476.54
9.99
64.69
115.00
162.18
213.14
263.41
309.05
358.80
409.33
457.02
504.72
553.70
601.91
647.55
696.27
746.88
796.38
841.49
890.73
938.95
986.12
1032.79
1081.77
1130.24
1174.07
1222.28
1270.23
1316.64
1361.76
1409.97
1450.30
1538.10
1748.12
2151.76
2558.96
3003.50
3404.29
3816.87
4259.84
4688.56
5080.63
5531.81
5938.14
6360.16
6768.57
7187.26
7642.95
8039.46
8453.62
8864.92
9282.54
9701.74
10469.76
10607.15
11024.55
11433.44
11863.08
12283.32
12692.21
13098.85
13497.64
13908.08
14268.50
14794.00
15194.39
15592.96
15995.41
16397.86
16821.46
17226.75
17629.19
18041.69
18450.86
18855.10
19264.50
19675.46
20079.96
20482.82
21366.34
21467.93
21882.50
22285.46
22686.87
23102.72
23505.17
23906.32
24318.70
24723.98
25098.58
25166.38
25221.94
25226.57
25236.89
25245.14
25245.39
25245.65
25263.96
25264.21
25264.47
25264.73
25265.25
25265.50
25269.37
25269.63
25269.89
25270.14
25277.11
25277.36
25277.62
25284.84
25285.10
25285.36
25292.57
25292.83
25293.35
25300.31
25300.57
25300.82
25308.04
25308.30
25315.78
25316.04
25316.29
25323.51
25323.77
25331.25
25331.50
25359.09
25359.35
25359.86
25360.12
25360.64
25360.89
25362.70
25362.96
25363.21
25370.43
25370.69
25370.95
25371.21
25378.43
25378.68
25385.90
25386.16
25386.42
25393.89
25394.15
25394.41
25401.63
25401.89
25402.14
25409.36
25409.62
25409.88
25417.10
25417.36
25417.61
25424.83
25425.09
25425.35
25425.61
25432.57
25432.82
25433.08
25440.56
25440.82
25448.29
25448.55
25456.03
25456.29
25456.54
25464.02
25464.28
25464.54
25471.75
25472.01
25472.11
25479.32
25479.58
25479.84
25487.05
25487.31
25494.79
25495.05
25502.27
25502.52
25502.78
25510.00
25510.26
25510.52
25510.77
25511.03
25511.29
25511.55
25512.06
25512.58
25513.35
25592.24
25645.84
25660.02
25681.72
25706.47
25729.68
25750.30
25771.49
25792.38
25812.48
25859.41
25882.87
25938.04
26040.39
26116.56
26207.71
26300.01
26387.15
26470.14
26565.79
26646.74
26737.89
26834.05
26921.96
27007.82
27108.11
27192.41
27286.00
27387.06
27469.82
27553.97
27649.88
27742.43
27839.11
27898.62
27949.93
28002.78
28054.48
28101.40
28149.36
28200.40
28250.16
28299.92
28348.90
28398.66
28449.96
28499.72
28572.94
28637.65
28701.07
28784.18
28846.31
28913.86
28987.85
29065.19
29128.61
29190.49
29268.86
29341.82
29402.93
29479.45
29559.89
29625.37
29694.72
29745.51
29780.32
29817.70
29849.67
29892.72
29923.14
29954.86
29996.88
30041.74
30085.57
30133.52
30175.80
30220.92
30265.62
30308.16
30347.35
30384.73
30402.52
30415.67
30428.30
30440.16
30452.02
30462.33
30473.16
30483.73
30494.30
30505.39
30520.86
30532.46
30543.29
30553.86
30564.94
30576.54
30587.63
30598.07
30609.42
30619.73
30630.82
30641.64
30657.63
30669.23
30684.44
30698.88
30709.71
30724.40
30736.26
30748.12
30758.69
30770.55
30786.54
30795.56
30805.61
30816.18
30825.72
30835.78
30846.09
30856.14
30865.94
30880.64
30890.69
30899.20
30906.93
30915.18
30923.95
30932.46
30940.45
30948.96
30957.46
30966.75
30974.48
30982.47
30990.72
30998.71
31009.29
31017.79
31026.04
31034.04
31041.93
31049.67
31059.98
31068.49
31077.00
31086.02
31094.53
31104.07
31114.12
31123.92
31133.97
31143.51
31153.05
31164.14
31174.96
31185.02
31194.04
31204.10
31213.89
31224.21
31235.04
31245.09
31254.37
31263.91
31274.74
31283.76
31293.82
31302.84
31311.86
31321.40
31330.68
31339.96
31349.25
31359.56
31367.55
31377.09
31385.86
31395.65
31405.45
31413.70
31421.69
31431.23
31440.51
31448.76
31457.01
31465.26
31474.54
31483.57
31492.07
31500.32
31508.83
31518.11
31526.88
31535.64
31543.89
31552.14
31563.75
31574.32
31593.91
31627.17
31646.76
31666.61
31675.89
31676.93
31679.50
31696.78
31713.54
31730.81
31744.21
31757.62
31770.00
31783.66
31796.29
31808.93
31822.85
31831.87
31848.89
31864.10
31874.67
31884.72
31895.81
31901.48
31909.21
31921.33
31930.87
31939.38
31962.84
31965.16
31983.72
32016.21
32052.56
32094.07
32137.12
32181.46
32221.43
32256.75
32304.18
32349.04
32391.58
32436.44
32500.64
32546.79
32590.36
32623.10
32653.52
32687.04
32711.01
32728.29
32740.14
32753.55
32769.79
32785.26
32792.48
32799.96
32805.89
32813.36
32819.81
32826.51
32832.18
32838.89
32844.82
32850.75
32857.71
32863.12
32870.08
32877.56
32884.00
32918.55
32959.29
32998.21
33009.56
33012.65
33015.75
33018.32
33020.64
33023.22
33025.54
33027.61
33030.18
33032.50
33035.08
33037.40
33040.24
33041.79
33044.36
33046.17
33048.49
33051.07
33053.90
33056.74
33059.32
33061.12
33062.93
33065.25
33067.82
33069.37
33072.21
33074.79
33076.85
33079.17
33081.23
33082.78
33085.61
33087.16
33090.51
33093.61
33097.47
33101.34
33103.40
33105.46
33107.27
33109.33
33113.71
33117.58
33147.49
33187.45
33230.76
33283.87
33336.72
33388.80
33440.88
33494.25
33547.10
33599.43
33651.51
33703.85
33756.18
33757.47
34494.56
35228.55
35641.82
36071.86
36503.69
36951.00
37343.64
9.42
63.84
114.66
161.32
210.63
260.39
309.89
356.30
404.29
454.04
503.03
550.98
595.32
643.79
692.26
742.21
791.97
838.38
884.27
932.99
980.95
1028.38
1072.47
1120.68
1169.66
1216.84
1261.96
1306.30
1354.26
1401.95
1451.25
1500.23
1548.44
1595.88
1639.96
1688.69
1736.39
1784.86
1829.46
1875.61
1898.29
2021.29
2147.30
2489.05
2929.21
3364.51
3755.77
4184.99
4617.13
5119.04
5458.04
5903.74
6301.55
6745.07
7155.63
7569.16
8044.64
8433.42
8853.23
9279.64
9698.29
10114.14
10983.23
11031.59
11444.35
11872.83
12293.85
12704.03
13111.12
13521.88
13925.91
14351.04
14720.75
15252.01
15665.54
16061.29
16491.57
16912.84
17331.21
17756.60
18181.73
18594.23
19003.21
19419.58
19827.44
20234.52
20649.09
21050.53
21641.02
22045.53
22449.78
22873.11
23278.39
23683.41
24105.45
24506.86
24900.81
25321.56
25721.94
26122.07
26541.53
26899.63
27303.00
27723.24
28031.25
28445.55
28855.99
29259.72
29644.38
30054.30
30465.77
30888.32
31560.06
31979.27
32385.84
32744.97
32912.55
32984.48
33027.56
33028.59
33029.62
33030.65
33036.07
33042.77
33049.73
33059.53
33068.29
33068.55
33068.81
33069.07
33073.71
33073.96
33074.22
33081.44
33081.70
33089.18
33089.43
33096.91
33097.17
33097.68
33104.64
33104.90
33132.49
33132.75
33133.26
33133.52
33134.04
33134.29
33134.55
33136.10
33136.36
33136.61
33143.83
33144.09
33144.35
33151.82
33152.08
33152.34
33159.56
33159.82
33167.29
33167.55
33175.03
33175.29
33175.80
33182.76
33183.02
33183.28
33190.50
33190.75
33191.01
33198.23
33198.49
33198.75
33205.96
33206.22
33206.48
33206.74
33213.70
33213.96
33214.21
33221.43
33221.69
33221.95
33229.43
33229.68
33229.94
33237.16
33237.42
33244.89
33245.09
33245.34
33252.56
33252.82
33253.07
33260.29
33260.55
33260.81
33261.07
33268.29
33268.54
33275.76
33276.02
33276.28
33284.01
33284.27
33284.53
33291.75
33292.00
33299.22
33299.48
33299.74
33306.96
33307.21
33307.47
33314.69
33314.95
33315.21
33322.43
33322.68
33326.81
33329.90
33330.16
33330.42
33337.64
33337.89
33338.15
33345.37
33345.63
33345.89
33353.11
33353.36
33360.84
33361.10
33368.32
33368.57
33368.83
33376.05
33376.31
33376.57
33383.79
33384.04
33384.30
33391.52
33391.78
33392.04
33399.25
33399.51
33399.77
33406.99
33407.25
33407.50
33407.76
33408.02
33408.28
33408.79
33409.05
33409.57
33410.08
33482.36
33544.55
33564.91
33582.98
33605.41
33628.87
33655.77
33677.94
33698.31
33746.92
33770.38
33793.58
33817.60
33841.79
33872.21
33962.20
34053.72
34140.34
34220.64
34318.35
34398.27
34484.73
34561.30
34653.86
34732.23
34798.49
34893.36
34975.35
35073.06
35161.75
35239.09
35312.64
35403.13
35483.31
35575.61
35666.62
35745.77
35827.89
35922.25
36010.68
36105.04
36192.69
36274.42
36362.85
36460.82
36541.51
36632.52
36728.43
36816.60
36898.07
36993.46
37079.05
37173.67
37269.23
37358.43
37453.05
37550.14
37613.82
37663.07
37709.99
37757.43
37807.70
37858.23
37908.50
37954.65
38001.57
38049.79
38098.25
38148.79
38199.57
38250.36
38304.76
38354.78
38412.27
38463.32
38513.59
38566.70
38616.97
38667.25
38713.39
38767.02
38825.03
38895.67
38967.08
39037.21
39105.79
39178.49
39247.32
39285.22
39318.22
39351.22
39383.71
39418.00
39450.22
39482.19
39506.94
39537.11
39576.81
39597.95
39608.26
39618.83
39629.66
39642.55
39654.41
39665.24
39676.58
39687.15
39697.72
39708.04
39721.44
39733.04
39743.61
39754.18
39764.75
39775.07
39785.89
39797.75
39808.84
39820.70
39831.27
39842.10
39851.89
39864.79
39874.07
39884.12
39894.18
39903.71
39913.25
39924.08
39942.39
39955.02
39968.17
39984.15
39995.50
40007.87
40019.47
40030.56
40042.42
40054.28
40073.61
40089.08
40102.49
40113.57
40124.40
40135.75
40146.57
40157.92
40170.04
40181.64
40192.72
40210.77
40222.89
40236.55
40252.54
40266.46
40278.57
40291.46
40302.55
40314.15
40324.98
40340.71
40352.31
40363.65
40373.71
40384.28
40394.85
40405.42
40415.99
40426.30
40436.87
40449.25
40464.97
40476.83
40490.24
40502.36
40512.93
40524.53
40533.55
40541.80
40552.89
40560.62
40569.13
40577.12
40585.11
40595.17
40603.93
40612.44
40620.43
40628.43
40638.48
40646.99
40656.27
40664.26
40672.25
40680.76
40690.04
40698.55
40708.35
40716.60
40724.85
40734.13
40743.67
40751.92
40760.43
40768.93
40777.44
40787.50
40795.75
40804.77
40813.79
40822.56
40832.61
40841.38
40849.63
40858.14
40866.64
40875.41
40885.46
40894.49
40903.77
40912.54
40920.79
40929.55
40939.57
40949.37
40957.88
40966.64
40975.15
40983.92
40993.20
41002.48
41013.05
41022.33
41031.36
41040.89
41051.46
41061.00
41071.32
41080.86
41090.39
41100.45
41109.99
41120.56
41130.61
41138.86
41146.34
41155.62
41163.10
41171.61
41180.37
41195.84
41207.70
41213.37
41234.51
41260.55
41296.64
41321.65
41345.11
41357.49
41358.52
41359.29
41361.87
41381.72
41398.48
41417.04
41435.35
41457.00
41472.47
41488.71
41502.89
41514.50
41528.93
41544.66
41554.97
41567.86
41579.46
41587.46
41604.99
41615.30
41628.45
41642.11
41659.13
41673.05
41684.65
41698.57
41709.14
41718.94
41728.48
41757.87
41759.93
41762.51
41773.34
41797.57
41822.07
41883.68
41933.96
41993.51
42049.97
42104.37
42154.90
42211.88
42269.11
42323.77
42375.33
42427.15
42472.53
42519.96
42564.31
42602.72
42647.22
42675.58
42704.97
42737.20
42765.81
42780.25
42796.49
42812.48
42823.56
42835.16
42851.41
42865.07
42871.26
42877.45
42883.12
42890.08
42896.27
42901.94
42907.35
42913.02
42918.70
42924.62
42929.52
42935.20
42941.38
42948.34
42955.30
42961.23
42970.52
42978.51
42988.05
42993.46
43007.64
43048.63
43089.37
43128.30
43151.50
43154.08
43156.66
43159.49
43161.55
43164.13
43166.97
43169.29
43172.12
43174.45
43176.25
43179.86
43181.92
43184.50
43187.59
43189.40
43191.72
43194.30
43196.10
43198.42
43200.74
43203.06
43204.87
43207.45
43210.54
43213.12
43215.95
43218.53
43221.11
43223.17
43226.52
43229.10
43230.65
43234.00
43236.32
43238.90
43242.51
43244.31
43246.38
43248.44
43252.05
43255.66
43258.23
43261.33
43265.20
43267.26
43268.80
43270.35
43272.93
43275.77
43277.31
43279.63
43282.73
43286.59
43294.33
43337.12
43380.18
43422.46
43474.28
43527.65
43581.02
43633.09
43686.46
43740.34
43793.45
43847.08
43900.96
43953.81
44006.15
44059.00
44111.34
44165.22
44185.33
44391.06
45196.73
46010.64
46429.07
46862.97
47307.95
47751.91
48218.80
48667.14
48866.43
10.00
62.34
111.52
161.02
208.24
253.10
300.02
347.97
396.50
444.71
492.66
537.26
581.09
628.27
675.19
738.61
770.64
818.07
866.54
912.18
956.52
1001.12
1048.04
1094.71
1140.86
1187.78
1234.18
1278.01
1321.58
1370.57
1413.11
1465.25
1509.59
1554.96
1602.14
1649.58
1695.21
1742.65
1787.00
1831.08
1876.46
1923.12
1969.53
2021.35
2062.08
2106.43
2150.25
2194.08
2240.49
2286.64
2332.53
2378.16
2397.53
2522.45
2654.81
2791.72
3166.02
3574.98
3989.02
4354.43
4755.45
5158.77
5578.71
5947.00
6350.66
6747.95
7147.59
7538.88
7933.11
8362.90
8764.83
9128.09
9521.11
9914.56
10296.22
10700.21
11163.66
11555.28
11954.89
12317.63
12792.04
13121.01
13506.44
13902.00
14278.02
14665.51
15051.97
15525.79
15909.93
16276.79
16676.66
17059.00
17448.81
17849.69
18234.35
18634.99
19025.32
19406.36
19810.83
20193.42
20581.17
20982.59
21360.23
22781.80
23104.05
23488.96
23885.73
24264.98
24646.02
25029.91
25392.72
25783.30
26116.40
26504.41
26886.23
27255.93
27651.67
28021.37
28332.29
28696.32
29079.95
29469.50
29811.88
30205.04
30580.16
30957.08
31727.16
32017.71
32393.60
32769.75
33160.85
33534.16
33919.32
34300.36
34679.86
35072.77
35449.18
35834.09
36217.97
36588.68
36990.61
37371.39
37748.32
38139.42
38512.73
38901.77
39284.36
39666.44
40061.41
40379.80
40458.43
40524.69
40870.34
40876.69
40876.95
40877.21
40884.43
40884.68
40884.94
40892.16
40892.42
40892.68
40899.89
40900.15
40900.41
40907.63
40907.89
40915.11
40915.36
40915.62
40922.84
40923.10
40923.36
40930.57
40930.83
40931.09
40938.31
40938.57
40945.79
40946.04
40946.30
40946.56
40953.52
40953.78
40954.04
40961.25
40961.51
40961.77
40968.99
40969.25
40969.50
40976.72
40976.98
40977.24
40984.46
40984.71
40984.82
40992.04
40992.29
40992.55
40999.77
41000.03
41000.29
41007.50
41007.76
41008.02
41015.24
41015.50
41015.75
41022.97
41023.23
41023.49
41030.71
41030.96
41031.22
41038.44
41038.70
41046.18
41046.43
41053.91
41054.17
41054.43
41054.68
41054.94
41055.46
41055.97
41056.23
41056.75
41061.13
41147.24
41185.72
41215.33
41223.84
41245.31
41264.65
41287.85
41311.57
41333.74
41385.16
41409.65
41435.43
41457.86
41481.07
41505.55
41533.91
41567.43
41637.55
41718.57
41821.18
41910.64
42012.92
42103.95
42194.95
42289.31
42382.11
42473.63
42571.09
42660.03
42764.45
42852.99
42941.42
43042.74
43141.74
43230.17
43327.97
43384.17
43439.09
43490.13
43544.79
43599.45
43650.23
43704.63
43754.13
43804.66
43857.77
43910.11
43972.50
44050.39
44118.20
44191.16
44266.70
44331.67
44415.20
44503.11
44592.32
44669.92
44722.51
44811.84
44905.94
44995.92
45077.64
45139.78
45216.35
45295.50
45366.39
45441.93
45533.71
45618.54
45686.08
45753.89
45849.02
45930.69
46024.54
46123.02
46202.43
46279.77
46351.96
46430.07
46495.30
46584.25
46672.68
46752.34
46829.94
46931.00
47016.86
47080.02
47128.49
47175.67
47221.56
47270.80
47320.30
47370.57
47419.30
47467.25
47516.24
47567.54
47613.18
47663.19
47712.43
47761.16
47812.21
47862.74
47911.46
47961.74
48008.92
48060.48
48103.19
48154.24
48204.25
48249.37
48293.71
48343.73
48397.36
48448.92
48496.87
48548.95
48592.26
48630.42
48658.91
48670.51
48683.14
48696.04
48709.44
48725.94
48738.06
48749.66
48761.00
48772.09
48782.92
48794.00
48804.83
48815.92
48832.93
48844.79
48855.62
48869.54
48880.89
48892.75
48903.32
48914.14
48931.16
48946.89
48959.00
48971.12
48981.69
48993.55
49004.64
49013.40
49023.71
49032.48
49041.50
49049.75
49058.26
49068.06
49076.05
49084.56
49093.58
49103.12
49113.69
49122.71
49131.48
49140.76
49149.79
49158.29
49169.38
49178.92
49187.94
49196.96
49205.47
49216.04
49225.84
49235.38
49246.21
49257.29
49267.35
49278.43
49290.04
49300.86
49310.66
49320.71
49330.77
49340.82
49351.91
49366.61
49378.21
49387.75
49396.80
49406.08
49416.14
49427.22
49443.46
49456.61
49466.41
49476.21
49486.00
49496.57
49509.21
49522.10
49532.41
49542.98
49553.04
49563.35
49573.14
49585.78
49595.83
49605.89
49615.43
49625.48
49635.02
49645.85
49659.25
49670.08
49682.46
49693.80
49704.11
49714.17
49726.29
49737.89
49748.46
49758.51
49768.57
49778.62
49790.22
49805.95
49820.64
49830.96
49841.53
49852.36
49863.44
49874.27
49884.84
49895.41
49905.72
49921.96
49934.60
49945.94
49956.25
49964.76
49973.01
49982.29
49990.54
49998.54
50006.79
50015.29
50023.54
50032.57
50041.07
50050.36
50060.41
50069.75
50079.04
50087.54
50096.05
50105.33
50115.64
50124.15
50133.18
50142.20
50151.22
50160.25
50170.04
50179.58
50188.35
50196.60
50205.62
50214.39
50223.67
50233.21
50241.71
50252.03
50261.57
50270.59
50279.10
50288.89
50298.69
50307.71
50316.48
50326.02
50335.56
50345.61
50354.38
50362.37
50372.68
50381.19
50389.96
50399.50
50408.78
50417.29
50427.34
50435.85
50445.13
50454.15
50463.95
50472.20
50481.22
50491.28
50500.82
50510.10
50519.12
50528.40
50538.71
50547.22
50556.50
50565.27
50574.04
50582.80
50591.82
50601.36
50610.90
50619.41
50628.95
50639.26
50647.25
50656.02
50668.14
50688.76
50691.86
50705.00
50734.91
50755.02
50774.87
50796.01
50822.82
50840.87
50857.37
50858.14
50859.18
50859.69
50863.04
50876.96
50896.04
50909.45
50923.37
50936.52
50955.60
50972.87
50990.92
51011.29
51022.89
51039.13
51054.34
51069.29
51081.67
51094.82
51106.68
51118.02
51130.14
51146.89
51160.30
51170.36
51183.50
51189.69
51196.14
51208.51
51219.34
51233.52
51246.41
51261.88
51271.42
51281.21
51291.01
51323.24
51328.65
51332.52
51351.60
51382.79
51430.23
51478.18
51520.98
51569.19
51617.92
51670.51
51718.46
51774.15
51821.33
51872.12
51939.93
51997.42
52048.72
52104.41
52158.81
52209.60
52263.74
52318.39
52364.03
52405.02
52444.98
52488.55
52518.20
52534.44
52562.29
52591.42
52620.55
52654.84
52664.89
52679.07
52692.22
52705.11
52719.04
52730.64
52740.43
52753.32
52772.14
52778.85
52784.00
52789.68
52795.86
52802.31
52809.27
52815.71
52822.68
52827.57
52834.02
52840.46
52846.91
52853.10
52860.32
52865.99
52873.21
52879.39
52884.55
52890.22
52897.18
52903.11
52909.04
52917.04
52924.25
52931.99
52950.29
52991.54
53031.76
53071.21
53107.82
53123.03
53125.61
53128.18
53130.76
53133.86
53136.95
53139.27
53141.85
53143.91
53146.23
53148.29
53150.87
53153.19
53155.77
53157.57
53160.15
53162.99
53165.05
53166.60
53168.66
53172.01
53173.82
53175.88
53178.20
53180.78
53183.10
53185.68
53188.00
53190.06
53192.12
53193.67
53195.73
53199.08
53201.92
53203.46
53206.04
53207.85
53210.68
53212.75
53215.32
53216.87
53220.22
53222.80
53224.35
53226.41
53229.50
53232.86
53235.18
53236.72
53238.79
53241.88
53244.97
53248.84
53251.16
53255.03
53257.09
53259.15
53261.73
53264.05
53266.11
53267.92
53269.46
53271.27
53273.07
53275.65
53277.97
53285.96
53292.15
53297.31
53330.82
53373.62
53415.90
53457.67
53506.91
53558.21
53610.81
53663.92
53715.48
53767.30
53818.09
53868.88
53920.44
53971.49
54024.08
54075.64
54127.72
54179.26
54232.11
54284.96
54338.07
54391.70
54443.77
54454.86
54944.96
55739.54
56560.67
57017.00
57435.17
57864.95
58305.29
58739.70
59187.78
59630.45
60070.27
60283.74
10.98
59.86
108.58
155.50
204.58
252.02
298.17
343.54
391.19
436.05
480.13
526.02
572.43
618.32
663.95
710.36
757.47
803.88
851.57
896.18
942.58
988.99
1033.33
1077.42
1121.50
1165.33
1208.64
1254.28
1299.39
1344.25
1389.37
1434.75
1486.13
1530.48
1574.30
1619.42
1665.05
1710.69
1756.32
1802.21
1847.07
1891.93
1937.82
1982.94
2027.02
2070.85
2114.42
2157.99
2201.56
2244.62
2289.48
2334.34
2378.94
2423.28
2467.88
2512.48
2557.34
2602.46
2646.29
2690.63
2734.20
2778.55
2823.66
2867.75
2998.46
3103.24
3244.44
3382.36
3525.05
3955.22
4352.68
4791.14
5183.03
5619.97
6030.15
6454.57
6902.86
7310.69
7727.57
8163.71
8797.44
9048.23
9461.25
9839.97
10277.73
10686.43
11098.09
11597.79
11988.89
12413.77
12830.14
13238.25
13678.82
14089.25
14498.12
14923.26
15334.47
16083.41
16234.68
16644.86
17056.33
17465.48
17876.95
18301.57
18714.43
19130.03
19554.13
19964.31
20380.75
20800.98
21206.78
21626.76
22040.99
22629.71
23040.93
23445.69
23881.39
24290.03
24696.60
25132.04
25487.31
25932.66
26315.25
26721.82
27138.96
27558.94
27966.29
28381.88
28791.76
29101.65
29516.21
29915.05
30295.58
30705.24
31104.34
31528.18
32768.77
33000.11
33418.80
33825.63
34215.88
34636.88
35035.46
35435.59
35854.79
36257.23
36662.26
37079.66
37475.22
37886.18
38295.58
38698.54
39114.14
39513.49
39914.64
40327.92
40729.59
41136.68
41554.70
41952.21
42363.16
42768.96
43167.02
43594.73
43998.72
44395.75
44814.44
45211.47
45612.37
46029.77
47396.18
47655.46
48058.42
48455.71
48871.56
49229.92
49270.91
49363.47
49428.70
49888.12
49892.06
49892.32
49892.58
49899.80
49900.05
49900.31
49907.53
49907.79
49915.27
49915.52
49922.74
49923.00
49923.26
49930.48
49930.73
49930.99
49938.21
49938.47
49938.73
49945.95
49946.20
49946.46
49953.68
49953.94
49954.20
49961.41
49961.67
49961.93
49969.15
49969.41
49976.88
49977.14
49984.62
49984.88
49992.35
49992.61
50000.09
50000.34
50000.60
50007.82
50008.08
50015.30
50015.55
50015.81
50023.03
50023.29
50023.55
50030.77
50031.02
50031.28
50038.50
50038.76
50039.02
50039.27
50039.53
50039.79
50040.30
50040.82
50041.08
50041.59
50043.66
50130.80
50178.65
50201.09
50220.16
50234.30
50255.70
50277.36
50299.53
50323.47
50377.36
50404.43
50431.50
50457.02
50485.38
50513.19
50540.26
50561.66
50587.44
50622.50
50658.60
50752.44
50847.73
50941.31
51035.93
51130.55
51224.85
51318.44
51417.95
51508.19
51604.09
51703.05
51793.02
51889.45
51996.95
52082.80
52182.58
52281.67
52371.13
52472.45
52573.51
52661.94
52763.00
52865.31
52957.61
53051.19
53157.15
53247.64
53346.21
53450.88
53538.02
53632.38
53735.25
53821.36
53928.10
54032.77
54119.65
54221.75
54300.64
54353.23
54402.99
54455.32
54511.27
54565.67
54623.42
54673.95
54727.32
54781.20
54837.92
54897.99
54953.68
55008.07
55061.96
55115.07
55167.66
55220.51
55271.56
55326.47
55377.52
55438.36
55489.67
55546.90
55614.71
55698.50
55777.90
55851.38
55931.56
56000.14
56080.32
56156.63
56223.92
56305.39
56365.71
56447.70
56525.59
56617.12
56694.98
56755.56
56836.77
56902.77
56998.94
57077.57
57159.55
57236.38
57307.54
57404.22
57471.51
57525.39
57599.93
57685.27
57767.51
57847.69
57919.88
57953.65
58005.21
58056.26
58097.77
58133.35
58166.61
58213.01
58258.90
58302.99
58345.27
58389.61
58438.60
58488.10
58538.89
58585.55
58635.31
58687.90
58736.63
58784.84
58831.25
58878.94
58929.47
58976.17
59025.93
59069.75
59110.23
59147.61
59168.24
59179.32
59189.89
59200.21
59212.07
59223.15
59233.98
59248.42
59260.54
59271.36
59282.45
59299.46
59310.55
59321.89
59332.46
59343.04
59360.57
59374.49
59387.38
59399.24
59411.10
59421.93
59433.01
59443.58
59455.18
59466.01
59476.58
59490.76
59502.88
59515.00
59525.82
59536.65
59550.83
59563.98
59575.07
59586.93
59597.24
59608.07
59624.82
59636.68
59648.80
59663.75
59675.87
59686.96
59698.04
59708.87
59720.47
59731.04
59745.48
59759.40
59770.75
59781.32
59795.75
59807.61
59818.96
59830.04
59841.64
59853.50
59866.39
59879.80
59891.14
59902.23
59912.80
59923.63
59934.71
59945.03
59955.34
59966.17
59977.51
59988.08
60002.26
60013.09
60022.37
60032.68
60043.00
60057.43
60066.20
60075.48
60084.76
60094.56
60102.55
60111.32
60120.34
60128.85
60138.39
60147.67
60157.72
60166.49
60175.77
60184.54
60194.33
60204.13
60213.93
60223.72
60232.23
60241.25
60251.05
60260.33
60269.10
60278.64
60287.66
60296.94
60305.96
60315.76
60324.79
60334.32
60343.86
60354.43
60362.43
60371.96
60380.99
60390.79
60401.36
60409.61
60418.63
60427.91
60437.19
60446.99
60457.04
60465.04
60474.57
60484.37
60493.91
60503.71
60513.50
60523.30
60532.84
60542.12
60552.18
60562.23
60571.77
60581.05
60591.11
60600.39
60609.93
60620.50
60630.29
60640.09
60650.40
60660.20
60670.00
60679.54
60690.36
60702.22
60712.02
60722.07
60732.64
60742.70
60753.27
60768.48
60779.57
60789.88
60799.68
60809.99
60820.04
60830.61
60842.99
60853.56
60862.84
60872.89
60882.69
60892.49
60904.09
60912.60
60921.88
60932.19
60941.73
60951.53
60962.61
60972.15
60982.72
60993.55
61003.86
61013.92
61022.94
61030.93
61042.02
61051.30
61060.58
61070.12
61080.95
61090.75
61101.32
61110.60
61119.11
61128.90
61137.67
61144.89
61153.39
61162.16
61170.67
61179.43
61187.43
61197.74
61207.54
61216.04
61224.29
61232.54
61241.05
61250.07
61259.10
61268.64
61277.66
61286.17
61295.19
61305.76
61313.75
61322.78
61332.83
61341.34
61350.36
61360.16
61369.44
61379.24
61388.78
61397.80
61408.63
61417.14
61426.16
61435.18
61444.46
61453.75
61463.03
61472.05
61481.05
61489.82
61498.84
61509.16
61518.44
61527.98
61552.21
61563.04
61566.91
61581.86
61613.31
61648.89
61671.32
61688.08
61705.61
61726.23
61742.48
61743.77
61745.31
61745.83
61746.34
61746.86
61747.12
61749.44
61765.94
61782.70
61800.23
61816.73
61830.39
61844.31
61857.20
61870.35
61882.73
61895.88
61912.38
61924.49
61940.22
61951.82
61962.91
61972.70
61986.11
62001.06
62013.18
62030.20
62043.86
62054.69
62065.52
62080.21
62088.20
62099.29
62105.99
62113.21
62121.20
62127.65
62138.48
62150.59
62161.42
62169.41
62177.92
62216.59
62220.98
62228.45
62260.68
62302.96
62354.78
62403.25
62451.72
62494.00
62541.95
62589.13
62639.92
62682.20
62727.06
62767.80
62806.98
62852.62
62894.12
62940.81
62993.40
63045.74
63102.97
63161.50
63207.90
63255.08
63299.43
63337.58
63388.89
63459.53
63529.39
63559.82
63606.74
63653.14
63695.94
63733.07
63738.74
63765.55
63793.65
63823.04
63851.56
63897.71
63902.09
63916.79
63930.71
63944.12
63957.27
63967.32
63980.73
63992.33
64003.93
64016.56
64038.48
64043.89
64051.62
64059.62
64069.41
64075.60
64083.34
64089.78
64096.74
64103.19
64109.63
64116.59
64124.07
64130.00
64135.41
64142.38
64148.05
64155.78
64163.00
64167.64
64174.09
64181.82
64189.30
64195.23
64203.73
64211.21
64218.43
64225.91
64232.87
64263.80
64304.28
64344.76
64384.98
64423.13
64451.49
64455.36
64457.94
64460.77
64464.38
64467.73
64470.05
64472.38
64476.76
64479.34
64482.17
64484.49
64487.33
64490.16
64492.74
64495.06
64497.38
64499.96
64502.02
64504.60
64507.95
64509.50
64512.08
64513.88
64515.69
64519.30
64521.88
64524.45
64526.26
64528.58
64531.16
64534.25
64536.57
64539.15
64541.47
64544.56
64547.66
64550.49
64552.81
64554.62
64556.16
64559.26
64561.06
64562.61
64564.41
64566.73
64568.80
64570.34
64572.41
64574.47
64577.05
64580.14
64583.75
64586.07
64588.65
64591.23
64593.80
64596.12
64598.96
64601.80
64604.38
64607.73
64609.53
64611.85
64615.20
64617.01
64619.33
64620.88
64623.20
64624.74
64627.32
64629.64
64631.70
64633.25
64635.57
64637.38
64638.92
64640.47
64642.53
64644.85
64648.20
64652.07
64657.23
64672.95
64713.95
64757.26
64799.80
64842.08
64893.90
64947.01
64999.86
65052.71
65105.05
65157.64
65210.75
65264.12
65316.71
65368.79
65421.64
65474.49
65527.60
65579.94
65632.27
65685.12
65737.72
65790.57
65844.20
65896.79
65950.16
66002.23
66055.09
66108.97
66112.32
66357.24
67150.02
67970.63
68775.52
69190.09
69620.89
70060.46
70506.48
70942.95
71409.08
71852.26
72310.65
72764.66
73141.58
9.41
58.54
105.11
151.25
198.11
244.25
289.63
334.75
381.29
426.66
472.04
516.90
562.27
606.88
650.70
695.05
740.25
785.11
829.97
874.83
919.69
963.78
1008.12
1052.21
1095.78
1139.61
1183.43
1227.00
1270.57
1313.89
1357.20
1400.77
1444.08
1497.73
1541.82
1585.91
1629.99
1673.82
1717.65
1761.73
1805.56
1849.39
1892.96
1936.53
1980.10
2023.67
2067.24
2110.55
2154.12
2197.70
2240.75
2284.32
2327.63
2370.95
2414.00
2457.05
2500.37
2542.65
2585.45
2628.76
2670.52
2713.84
2772.88
2799.43
2842.48
2885.80
3010.06
3026.26
3070.09
3113.66
3157.74
3201.57
3245.14
3288.71
3332.54
3375.85
3419.42
3462.73
3506.30
3523.84
3581.17
3714.57
3865.64
3997.29
4158.15
4287.71
4684.97
5080.61
5471.59
5869.26
6274.03
6639.61
7115.15
7464.40
7865.07
8251.53
8650.72
9306.61
9474.38
9880.69
10263.54
10624.00
11030.39
11395.71
11799.70
12255.34
12662.42
13047.59
13434.57
13831.86
14243.57
14624.88
15002.83
15389.31
15785.82
16163.00
16683.78
17022.03
17421.38
17786.96
18189.40
18581.79
18964.64
19374.08
19751.26
20144.68
20532.18
20915.23
21313.81
21690.73
22087.77
22463.22
23041.89
23419.58
23811.71
24201.01
24538.23
24936.29
25311.41
25709.21
26091.04
26478.53
26868.29
27243.66
27649.97
28028.96
28413.61
28810.39
29190.14
29578.88
29871.50
30272.91
30654.48
31007.42
31403.68
31786.27
32190.78
33345.62
33622.77
34020.31
34400.33
34793.21
35176.32
35551.95
35944.60
36316.11
36706.95
37082.84
37467.50
37856.02
38223.63
38620.66
38989.85
39369.09
39753.49
40129.12
40524.61
40891.73
41281.80
41655.89
42027.30
42416.08
42789.91
43181.27
43551.74
43937.43
44315.64
44684.83
45081.60
45453.37
45840.34
46214.17
46591.09
48748.73
48920.07
49307.04
49680.36
50056.76
50442.45
50723.21
51117.92
51494.07
51886.97
52253.84
52637.21
53014.90
53387.18
53779.06
54141.83
54529.32
54900.43
55279.15
55663.04
55910.02
56222.75
56605.08
56992.83
57259.67
57535.01
57601.27
57696.92
57760.60
58280.18
58280.72
58280.98
58288.45
58288.71
58288.97
58296.19
58296.45
58303.92
58304.18
58311.40
58311.66
58311.91
58319.13
58319.39
58319.65
58326.87
58327.12
58327.38
58334.60
58334.86
58335.12
58342.34
58342.59
58342.85
58350.07
58350.33
58350.59
58357.80
58358.06
58358.32
58365.54
58365.80
58366.05
58373.27
58373.53
58381.01
58381.27
58388.74
58389.00
58396.22
58396.48
58396.73
58403.95
58404.21
58404.47
58411.69
58411.95
58412.20
58419.42
58419.68
58419.94
58427.16
58427.41
58427.67
58434.89
58435.15
58435.41
58442.62
58442.88
58443.14
58450.36
58450.62
58450.88
58458.09
58458.35
58458.61
58465.83
58466.09
58466.34
58466.60
58466.86
58467.12
58467.38
58467.89
58468.41
58468.66
58469.18
58482.33
58558.39
58604.18
58626.61
58653.23
58655.80
58675.66
58697.31
58719.48
58740.77
58762.68
58812.92
58839.73
58866.80
58894.13
58919.44
58949.09
58976.68
59018.44
59053.76
59093.98
59127.75
59163.85
59199.68
59295.33
59386.60
59465.49
59556.46
59636.39
59727.65
59812.99
59911.99
60001.26
60082.47
60173.73
60272.22
60355.75
60454.23
60547.24
60625.88
60718.43
60813.05
60894.26
60988.88
61075.76
61158.95
61252.54
61349.22
61433.27
61527.37
61623.79
61708.09
61803.48
61902.74
61991.84
62091.36
62192.68
62286.78
62382.17
62470.60
62565.48
62653.13
62751.10
62849.26
62934.60
63036.14
63134.62
63227.18
63333.40
63423.63
63511.80
63612.35
63712.64
63801.07
63904.45
64005.77
64097.30
64191.40
64282.92
64378.57
64474.73
64568.84
64621.69
64675.83
64725.33
64779.47
64834.38
64891.36
64954.52
65007.38
65064.87
65116.43
65166.19
65218.78
65271.89
65325.00
65377.85
65430.96
65488.45
65546.98
65601.89
65658.35
65707.70
65761.58
65814.95
65872.96
65929.42
65983.04
66043.63
66101.12
66158.36
66217.14
66271.54
66326.45
66379.04
66443.50
66507.43
66561.57
66618.29
66682.75
66755.96
66847.49
66924.57
66992.89
67067.66
67139.07
67206.36
67284.22
67363.06
67442.72
67505.11
67582.71
67647.94
67714.71
67785.36
67851.36
67923.54
67984.39
68053.48
68114.32
68152.22
68183.16
68218.48
68252.00
68281.13
68315.16
68347.90
68376.78
68417.00
68450.77
68486.61
68533.53
68585.61
68620.41
68651.09
68682.54
68723.28
68766.07
68809.39
68848.06
68889.57
68924.63
68950.67
68962.01
68972.84
68984.70
68995.79
69006.61
69024.40
69037.29
69049.15
69060.50
69071.07
69084.47
69098.39
69111.29
69122.89
69133.97
69144.03
69154.86
69170.58
69186.82
69199.20
69210.29
69221.63
69238.90
69249.99
69262.36
69273.71
69285.05
69303.36
69316.25
69327.33
69338.93
69350.02
69362.39
69374.25
69386.11
69398.23
69409.32
69419.89
69433.04
69448.25
69459.85
69470.68
69481.50
69492.33
69504.45
69521.72
69532.81
69545.18
69556.53
69567.36
69585.14
69597.52
69608.86
69620.21
69634.39
69648.05
69660.17
69671.77
69682.86
69694.20
69710.96
69723.33
69734.42
69744.73
69756.07
69772.83
69783.40
69794.49
69804.80
69815.11
69826.97
69842.44
69853.53
69864.36
69874.93
69884.98
69895.04
69905.61
69916.18
69925.97
69936.54
69950.72
69963.10
69974.18
69985.01
69995.58
70006.15
70022.91
70033.74
70044.57
70055.91
70066.74
70081.18
70092.26
70103.41
70114.24
70125.07
70135.90
70149.56
70161.42
70171.99
70183.08
70193.91
70204.73
70222.78
70234.64
70245.73
70256.55
70269.45
70282.08
70292.91
70303.99
70315.59
70331.58
70343.95
70355.81
70366.38
70377.21
70387.78
70398.61
70407.63
70416.91
70427.23
70435.73
70444.50
70454.55
70463.84
70474.15
70483.43
70492.45
70502.25
70511.27
70520.55
70530.35
70539.63
70549.43
70558.71
70567.48
70577.27
70585.01
70594.03
70603.31
70612.08
70621.10
70630.12
70639.92
70649.20
70657.45
70666.73
70675.50
70685.30
70694.32
70704.12
70713.66
70722.94
70731.70
70740.73
70749.75
70760.84
70769.86
70779.66
70788.94
70797.70
70806.98
70816.78
70826.06
70834.83
70843.85
70853.39
70862.67
70873.24
70881.75
70891.03
70900.57
70910.37
70920.16
70928.93
70937.70
70946.72
70955.23
70964.51
70974.56
70983.07
70992.35
71001.12
71010.14
71019.94
71028.96
71037.73
71046.75
71056.03
71065.31
71075.62
71083.88
71093.16
71102.44
71111.46
71120.74
71129.25
71139.56
71148.07
71157.61
71166.63
71175.40
71184.94
71193.96
71202.21
71212.01
71221.55
71231.34
71241.14
71251.97
71261.77
71270.79
71280.59
71290.12
71301.73
71311.78
71322.61
71331.89
71340.40
71349.68
71359.23
71368.77
71379.08
71388.11
71397.39
71407.44
71416.98
71426.00
71435.54
71445.08
71455.14
71463.13
71471.89
71481.43
71491.23
71500.51
71510.31
71520.36
71530.16
71540.99
71550.79
71560.84
71571.41
71580.95
71591.52
71600.54
71610.60
71619.36
71627.87
71635.35
71643.34
71650.82
71659.32
71667.83
71675.31
71684.07
71693.61
71702.89
71711.66
71720.43
71727.13
71734.86
71743.11
71751.62
71760.13
71769.67
71777.40
71786.43
71807.31
71830.51
71833.09
71835.93
71842.63
71864.03
71898.57
71931.06
71958.13
71992.93
72013.30
72031.86
72051.97
72065.38
72066.15
72067.44
72067.96
72068.21
72068.73
72070.02
72070.28
72074.14
72092.19
72114.18
72134.80
72154.91
72172.44
72187.14
72202.86
72219.11
72234.32
72247.98
72260.10
72272.47
72284.33
72295.93
72308.31
72320.17
72332.54
72343.11
72353.68
72364.25
72375.86
72388.75
72397.77
72404.47
72426.64
72436.44
72449.59
72467.38
72479.24
72489.04
72505.02
72516.62
72524.61
72535.18
72546.27
72557.10
72565.09
72575.14
72584.94
72595.00
72604.79
72633.93
72653.78
72658.68
72665.89
72697.09
72732.67
72773.92
72826.00
72873.43
72923.96
72973.46
73020.64
73070.66
73121.45
73175.07
73227.41
73278.46
73327.18
73380.55
73435.46
73492.96
73548.64
73606.39
73657.70
73703.85
73751.80
73801.82
73854.67
73913.19
73958.82
74013.48
74069.68
74128.46
74185.18
74231.07
74277.22
74322.86
74369.78
74439.13
74445.32
74480.89
74541.22
74581.44
74606.96
74634.29
74663.43
74691.27
74720.40
74767.58
74772.48
74787.18
74804.45
74818.11
74833.58
74845.70
74856.79
74866.58
74876.12
74888.75
74902.93
74914.28
74944.44
74946.76
74952.95
74960.17
74967.90
74977.44
74985.69
74992.91
75000.39
75006.83
75013.79
75019.72
75025.14
75030.81
75037.51
75044.21
75051.43
75058.14
75065.61
75074.38
75081.08
75087.27
75093.97
75099.64
75105.57
75112.28
75118.72
75124.91
75131.36
75138.06
75145.28
75152.75
75159.20
75166.42
75174.15
75206.64
75247.11
75285.79
75324.20
75362.10
75399.48
75423.97
75426.04
75428.36
75431.19
75434.29
75436.61
75439.96
75443.31
75445.89
75448.21
75450.53
75453.36
75456.46
75458.26
75460.58
75463.16
75466.00
75470.38
75472.44
75475.02
75477.60
75480.18
75483.01
75485.59
75487.65
75489.71
75491.52
75495.13
75497.19
75499.77
75502.61
75504.67
75507.50
75510.34
75512.66
75515.24
75517.56
75520.14
75521.94
75523.75
75526.07
75528.13
75530.45
75532.51
75534.32
75536.12
75538.18
75541.02
75542.57
75544.89
75547.72
75551.07
75553.65
75555.20
75557.78
75560.10
75563.19
75565.00
75567.57
75571.44
75573.25
75575.82
75577.63
75579.95
75583.30
75585.62
75587.94
75590.78
75592.84
75595.16
75596.96
75600.57
75602.64
75605.47
75607.54
75610.37
75613.21
75615.27
75618.36
75620.68
75623.52
75625.58
75627.13
75628.93
75631.00
75632.54
75635.89
75638.47
75640.54
75642.34
75644.14
75646.46
75648.79
75650.59
75654.71
75659.10
75663.74
75669.67
75678.43
75715.56
75757.84
75800.38
75832.09
