10.95
8.30
10.96
9.21
9.70
68.07
119.21
171.55
223.42
274.98
325.26
378.86
428.36
479.93
529.68
580.21
632.89
974.14
1424.09
1840.82
2257.40
2706.25
3104.20
3538.53
3945.65
4359.52
4804.68
5241.82
5662.29
6073.19
6543.96
6908.93
7382.32
7737.84
8147.28
8559.78
8987.23
9638.72
9890.79
10276.74
10379.54
10384.43
10384.69
10391.39
10391.65
10391.91
10399.13
10399.39
10399.64
10406.86
10407.12
10407.38
10419.75
10420.01
10420.27
10422.59
10422.85
10423.11
10430.32
10430.58
10430.84
10438.06
10438.32
10438.83
10445.79
10446.05
10446.31
10453.53
10453.79
10454.04
10461.26
10461.52
10461.78
10469.00
10469.25
10487.30
10487.56
10487.82
10488.07
10488.33
10488.59
10488.85
10489.11
10489.36
10489.62
10489.88
10490.39
10491.43
10491.68
10494.52
10586.56
10597.90
10654.36
10673.70
10693.04
10716.24
10769.03
10862.10
10951.85
11040.54
11111.70
11155.27
11205.05
11283.69
11356.29
11417.32
11493.89
11574.32
11641.80
11740.80
11818.66
11883.89
11958.91
12042.18
12121.11
12173.19
12210.32
12255.95
12297.71
12339.74
12386.92
12429.46
12490.50
12551.66
12584.66
12611.73
12640.86
12654.78
12669.48
12681.85
12693.71
12707.89
12719.75
12728.52
12737.80
12746.56
12757.13
12767.70
12777.76
12788.07
12797.61
12807.41
12822.62
12832.93
12844.02
12854.59
12865.41
12875.98
12886.30
12899.19
12909.24
12919.04
12929.61
12939.15
12948.69
12956.16
12964.16
12972.66
12981.95
12989.94
12998.70
13007.21
13015.72
13026.03
13034.18
13042.68
13050.93
13059.18
13067.69
13076.71
13086.00
13092.18
13098.63
13106.36
13125.96
13148.90
13160.76
13178.29
13194.02
13207.94
13222.12
13233.72
13248.16
13258.99
13271.11
13286.57
13337.62
13400.79
13451.32
13480.96
13518.61
13552.12
13578.68
13591.05
13596.98
13602.91
13609.36
13617.09
13623.54
13652.41
13684.64
13687.21
13690.05
13692.37
13695.98
13699.59
13702.43
13707.32
13710.16
13713.25
13715.06
13716.86
13719.70
13721.50
13724.08
13725.89
13728.72
13731.30
13732.85
13738.52
13773.84
13818.96
13850.93
14164.94
14724.91
15158.04
15289.26
