7.52
23.01
25.93
39.25
52.54
65.57
78.54
91.43
104.07
116.66
129.29
142.18
154.56
166.93
179.31
191.94
202.77
215.66
228.55
241.18
253.82
266.45
278.82
291.20
303.83
316.21
328.07
339.41
351.79
364.42
385.56
385.73
398.37
411.00
423.63
436.27
448.90
461.27
473.39
482.64
493.47
506.07
546.93
587.18
628.77
671.32
709.04
759.66
791.37
826.75
866.72
913.12
951.96
981.43
1019.84
1063.08
1123.93
1144.55
1189.39
1197.90
1198.93
1202.29
1212.34
1220.33
1226.78
1227.55
1230.64
1233.74
1236.83
1238.38
1239.15
1241.73
1247.92
1248.18
1251.53
1256.68
1272.54
1277.70
1286.46
1291.11
1313.28
1317.14
1321.01
1325.14
1328.75
1332.87
1341.78
1351.06
1370.91
1371.69
1422.73
1451.87
