10.74
169.14
180.88
9.46
77.55
373.96
434.86
446.29
465.64
9.78
75.06
135.84
460.40
770.14
770.92
832.79
898.57
8.50
73.82
132.53
190.28
454.62
849.70
1201.18
1212.00
1262.79
1372.90
1408.19
1438.36
8.27
71.48
129.10
185.56
241.65
377.50
755.55
1118.27
1491.00
1741.86
1749.08
1839.32
1920.01
1966.50
2025.60
2076.39
7.84
69.97
126.16
180.82
236.14
289.77
342.62
567.76
919.52
1266.42
1624.08
1986.84
2279.28
2337.54
2340.89
2389.88
2472.89
2550.12
2636.23
2686.73
2733.91
2792.42
2887.55
9.14
69.09
123.98
177.34
231.89
285.00
337.85
391.42
443.30
690.25
1057.46
1452.45
1788.66
2149.17
2514.00
2871.04
3027.54
3030.89
3033.73
3103.34
3179.14
3247.49
3351.33
3427.38
3463.99
3521.79
3591.66
3649.41
3733.45
3999.26
8.87
67.48
120.47
172.29
224.60
276.16
326.69
385.21
430.68
481.47
527.62
678.55
1048.88
1409.78
1779.57
2145.15
2498.13
2859.32
3242.38
3593.14
3858.79
3888.55
3889.57
3984.45
4017.06
4077.13
4208.46
4291.48
4384.40
4414.56
4465.87
4513.36
4566.21
4623.45
4675.78
4848.77
5108.65
9.91
67.17
119.20
170.24
222.20
272.47
322.74
373.02
425.14
475.15
525.43
574.93
624.43
713.66
985.94
1364.50
1722.22
2077.66
2442.17
2795.63
3157.16
3539.71
3994.47
4249.71
4640.59
4786.15
4786.93
4791.57
4794.92
4874.07
4955.27
4992.91
5034.05
5174.30
5292.46
5385.02
5443.80
5476.54
5529.14
5590.28
5628.95
5685.16
5738.08
5794.54
5808.21
6243.39
6348.84
7.83
65.75
116.90
166.66
216.90
266.40
315.64
364.63
415.43
464.15
512.88
561.61
610.33
657.77
707.53
757.39
858.67
1098.47
1453.93
1842.82
2187.98
2562.05
2909.32
3272.77
3654.79
4008.00
4367.05
4750.48
5110.39
5467.54
5693.35
5738.73
5739.50
5746.20
5753.68
5758.84
5761.67
5816.33
5932.34
5989.88
6013.60
6099.97
6236.02
6357.70
6451.03
6530.14
6585.05
6613.67
6667.55
6725.56
6786.41
6835.65
6877.41
6932.59
6988.02
7004.52
7323.17
7663.74
8.89
65.59
116.04
165.02
214.75
264.25
312.21
360.68
410.08
458.29
505.98
554.45
601.89
649.33
697.28
744.72
794.63
842.07
881.51
998.24
1198.49
1554.14
1913.28
2275.03
2655.10
2997.05
3357.95
3736.90
4085.72
4457.49
4822.01
5182.43
5537.00
5909.16
6268.04
6594.41
6709.13
6748.64
6753.02
6760.50
6768.23
6777.77
6782.41
6834.75
6920.95
6993.88
7089.01
7104.48
7199.73
7335.08
7462.20
7563.00
7624.11
7718.72
7768.48
7808.84
7866.33
7921.24
7975.90
8030.93
8087.39
8141.54
8196.45
8253.43
8272.50
8447.56
8967.31
9062.44
8.16
64.18
113.88
161.83
210.45
258.66
306.36
354.05
402.77
450.46
497.90
545.34
591.75
638.93
686.11
732.77
782.59
830.03
876.70
923.36
970.54
1013.59
1112.32
1270.29
1576.24
1951.81
2322.08
2799.75
3028.11
3432.78
3771.87
4129.20
4540.77
4823.31
5224.30
5580.82
5937.89
6313.66
6670.24
7085.66
7430.36
7772.21
7923.81
7971.25
7976.41
7983.88
7991.62
7999.09
8009.92
8012.76
8043.95
8141.54
8162.68
8215.27
8293.65
8344.06
8396.70
8532.57
8641.06
8760.69
8872.58
8963.33
9032.57
9104.94
9156.24
9183.31
9242.61
9300.10
9358.37
9415.46
9469.86
9525.04
9579.95
9636.41
9693.13
9747.01
9755.26
9918.20
10459.09
10689.83
8.65
63.45
111.18
157.59
205.58
252.50
298.39
345.06
392.11
439.03
485.18
531.33
577.48
623.11
673.12
714.38
763.01
808.90
854.54
901.46
946.83
992.21
1038.61
1084.25
1128.85
1156.18
1300.50
1446.85
1723.03
2097.94
2440.51
2803.90
3163.63
3506.32
3891.97
4247.49
4615.75
5085.45
5333.94
5690.42
6046.46
6420.92
6777.48
7189.50
7546.57
7892.30
8252.98
8626.70
8913.12
9084.31
9195.83
9225.32
9226.86
9233.82
9241.30
9248.78
9256.51
9263.99
9274.56
9277.14
9284.87
9378.71
9448.46
9464.18
9508.53
9577.50
9655.10
9732.18
9754.87
9839.02
9962.26
10082.66
10222.13
10319.07
10420.06
10493.02
10562.63
10604.40
10629.15
10651.32
10709.33
10774.82
10834.63
10869.95
10926.67
10982.87
11040.88
11095.28
11144.52
11169.01
11222.21
11276.87
11302.65
11643.99
12159.10
12395.26
7.39
62.11
109.69
155.84
203.21
249.62
295.51
341.66
389.15
435.30
480.93
526.57
571.68
616.54
661.40
706.78
768.91
800.22
845.86
890.71
935.57
980.95
1025.81
1070.41
1115.53
1159.61
1204.47
1248.82
1292.90
1337.16
1483.02
1628.58
1843.67
2196.31
2555.80
2931.09
3308.63
3639.01
4028.53
4384.57
4727.21
5135.14
5480.47
5840.05
6199.18
6574.51
6934.68
7346.56
7706.21
8054.77
8416.74
8833.41
9080.98
9449.14
9815.97
10268.42
10502.00
10639.15
10686.24
10692.68
10700.16
10707.89
10715.37
10723.11
10731.10
10738.32
10746.57
10749.66
10756.88
10834.22
10919.19
10980.79
11005.02
11051.61
11093.37
11190.05
11240.58
11292.14
11405.07
11514.89
11639.68
11743.39
11861.47
11981.87
12086.28
12153.31
12224.21
12266.23
12295.11
12327.08
12378.60
12410.31
12461.23
12524.91
12584.11
12642.11
12699.61
12755.04
12810.08
12866.02
12922.48
12977.14
13032.57
13089.55
13095.22
13544.07
14073.10
14356.70
8.67
62.30
108.83
153.43
200.61
245.73
290.33
335.19
381.57
426.69
470.77
515.63
560.23
603.55
648.15
691.98
736.58
783.48
827.31
872.43
916.00
960.60
1004.69
1048.00
1092.09
1135.40
1179.74
1222.28
1266.11
1309.42
1352.73
1397.59
1441.16
1476.23
1573.05
1725.59
1884.00
2096.06
2450.95
2794.29
3165.85
3541.18
3999.86
4249.80
4602.31
4940.20
5343.61
5685.34
6043.66
6396.87
6768.58
7210.47
7535.31
7892.89
8234.24
8595.18
8953.91
9251.77
9617.61
9980.71
10428.06
10791.32
11155.09
11517.06
11838.81
11977.00
12044.54
12071.65
12071.91
12078.87
12086.34
12094.08
12101.55
12109.03
12116.77
12124.24
12131.72
12143.84
12147.96
12155.95
12240.52
12304.47
12380.27
12411.52
12429.83
12516.71
12561.83
12599.98
12668.21
12740.39
12865.69
12967.43
13078.55
13190.95
13287.38
13384.97
13472.11
13580.39
13693.83
13811.13
13858.83
13893.63
13925.69
13954.56
13994.01
14046.09
14097.65
14149.98
14206.19
14263.16
14323.47
14380.19
14436.65
14493.63
14548.29
14601.39
14655.54
14708.64
14761.50
14815.12
14844.77
15375.61
15896.90
16288.52
8.97
61.45
106.75
150.84
197.06
241.14
284.71
329.06
373.14
418.83
462.14
506.49
549.80
592.60
636.68
680.25
723.31
769.56
813.39
856.70
900.01
943.58
986.89
1029.43
1073.00
1116.06
1158.34
1200.88
1244.71
1286.99
1329.27
1373.10
1415.38
1457.92
1501.49
1549.25
1592.82
1636.13
1671.45
1766.14
1923.28
2079.90
2247.96
2530.96
2906.56
3275.97
3665.01
3972.61
4406.70
4706.01
5047.09
5527.72
5816.12
6153.19
6511.80
6867.58
7242.75
7655.68
8016.36
8376.27
8722.51
9080.48
9400.23
9748.54
10114.12
10566.09
10932.18
11296.21
11659.99
12022.99
12385.21
12748.73
13123.62
13388.24
13532.36
13620.82
13624.05
13631.52
13639.26
13646.73
13654.47
13661.95
13669.42
13677.16
13689.27
13692.88
13697.52
13759.14
13852.94
13959.22
14028.09
14065.46
14083.77
14132.75
14165.04
14208.09
14261.97
14344.85
14439.47
14552.00
14699.21
14775.78
14897.46
15006.52
15115.32
15195.50
15241.95
15341.72
15413.79
15507.89
15619.53
15658.20
15682.69
15714.66
15771.12
15805.67
15858.78
15913.89
15966.75
16021.92
16077.09
16131.75
16185.11
16238.74
16293.65
16347.79
16402.19
16457.36
16512.02
16566.93
16620.82
16674.44
16728.32
16728.58
16877.34
17470.82
18017.13
18361.57
8.75
59.98
105.75
150.35
195.34
239.16
282.73
326.30
369.88
415.55
458.61
501.92
544.20
587.25
629.79
672.33
715.90
762.24
805.81
849.12
891.40
933.94
976.74
1019.28
1061.82
1104.10
1146.64
1188.66
1230.43
1272.45
1314.21
1355.98
1398.52
1440.80
1482.82
1531.71
1573.99
1616.53
1659.32
1701.86
1744.40
1786.94
1828.96
1854.23
1966.84
2119.47
2279.57
2442.74
2607.14
2945.54
3290.82
3625.75
3972.67
4323.23
4695.57
4978.65
5315.61
5794.58
6041.05
6362.40
6702.46
7040.86
7563.32
7792.31
8129.97
8469.77
8809.30
9134.62
9444.18
9761.20
10106.41
10542.66
10888.11
11234.35
11580.33
11923.74
12265.60
12607.71
12951.12
13317.57
13645.21
13986.56
14325.32
14771.71
15128.25
15256.64
15388.64
15560.08
15563.19
15647.49
15711.69
15779.55
15802.76
15829.86
15901.79
15969.90
16033.58
16095.97
16138.51
16197.36
16246.35
16309.61
16427.43
16561.49
16691.17
16839.67
16931.71
17007.50
17127.83
17234.57
17299.79
17402.92
17462.21
17508.88
17598.08
17661.50
17759.21
17798.66
17830.11
17858.73
17919.45
17974.88
18031.85
18087.54
18143.48
18201.23
18257.95
18310.23
18363.85
18417.73
18472.39
18528.85
18585.27
18638.38
18691.23
18782.23
18819.10
18856.23
18906.76
18961.16
18993.12
19156.32
19758.83
20298.43
20831.59
20839.84
8.49
59.95
104.39
147.96
191.53
236.29
279.09
321.37
364.43
409.52
452.84
495.12
536.88
579.42
622.22
664.76
707.30
748.80
795.15
837.43
879.97
922.77
965.05
1007.33
1048.84
1090.86
1133.14
1175.43
1216.93
1257.93
1299.43
1341.20
1383.74
1426.02
1467.79
1509.29
1557.05
1599.07
1641.10
1682.61
1724.63
1766.65
1808.68
1850.44
1891.95
1934.23
1975.74
2017.76
2046.89
2139.84
2292.80
2447.90
2613.56
2762.84
2960.56
3275.52
3624.87
3959.68
4332.18
4652.12
4998.20
5305.97
5680.21
6105.03
6361.91
6683.73
7020.00
7354.64
7772.43
8109.14
8444.12
8782.38
9118.56
9409.38
9749.43
10067.73
10410.37
10847.04
11189.62
11531.73
11873.34
12217.77
12560.66
12900.72
13240.00
13615.39
13931.11
14270.90
14609.93
15088.62
15426.88
15767.96
16077.08
16417.91
16716.71
16880.42
17040.27
17087.70
17114.95
17119.58
17127.06
17134.54
17142.27
17149.75
17157.22
17164.96
17172.43
17179.91
17187.39
17195.12
17202.60
17210.07
17217.55
17227.35
17231.21
17234.31
17243.07
17310.36
17400.33
17474.85
17565.27
17637.71
17696.45
17734.61
17816.82
17881.54
17933.10
17972.83
18027.48
18069.25
18171.34
18319.07
18466.80
18615.11
18763.62
18876.28
18924.23
19021.17
19113.73
19200.87
19336.73
19401.70
19481.11
19555.62
19596.87
19639.66
19718.66
19778.21
19807.09
19827.97
19868.32
19936.39
20002.64
20067.36
20122.53
20176.93
20233.39
20292.43
20353.79
20408.41
20464.10
20520.04
20570.57
20622.91
20677.31
20730.68
20783.01
20836.12
20890.52
20942.08
20992.61
21046.50
21099.86
21133.38
21667.05
22196.34
22734.39
23207.48
8.98
59.51
103.23
145.50
188.30
231.82
274.10
316.64
358.15
402.94
444.19
486.73
529.27
570.26
612.28
653.53
695.81
737.84
782.54
824.56
866.32
907.32
949.60
991.36
1032.10
1074.38
1114.86
1156.88
1198.39
1239.38
1280.89
1320.85
1362.10
1404.38
1445.37
1486.36
1558.81
1574.66
1615.91
1657.41
1698.92
1740.43
1781.94
1822.93
1864.95
1905.17
1946.68
1988.19
2028.92
2070.17
2110.39
2151.64
2192.12
2233.37
2249.87
2370.04
2522.48
2687.52
2858.34
3079.28
3189.13
3453.54
3829.56
4178.38
4596.08
4891.17
5269.06
5573.12
5962.73
6414.29
6674.68
7012.55
7365.49
7776.70
8148.10
8522.75
8857.64
9212.77
9534.26
9874.83
10286.13
10767.47
11014.75
11372.82
11733.76
12094.95
12457.18
12816.31
13174.41
13535.44
13933.63
14259.76
14620.44
15593.68
15818.80
16176.12
16500.71
16858.30
17215.88
17574.24
17848.81
18208.98
18477.36
18678.97
18779.26
18899.40
19083.39
19100.70
19196.09
19268.32
19348.52
19401.40
19467.46
19536.04
19608.23
19628.60
19710.84
19798.99
19855.71
19915.52
19954.19
19986.42
20033.34
20177.46
20308.30
20448.57
20593.46
20737.32
20875.84
20945.97
20996.50
21116.38
21212.29
21316.19
21397.66
21514.12
21572.90
21636.58
21706.19
21760.33
21797.71
21839.22
21861.91
21888.98
21907.03
21934.36
21990.82
22052.69
22118.18
22183.92
22245.79
22306.12
22362.07
22415.95
22470.61
22525.52
22583.02
22642.57
22698.26
22751.37
22807.31
22862.23
22918.43
22973.09
23024.91
23074.92
23123.39
23173.92
23227.29
23280.14
23329.90
23364.19
23520.68
24144.84
24666.66
25195.95
25666.20
9.63
59.35
101.63
145.05
186.56
230.66
272.43
313.93
355.70
399.12
440.62
481.88
522.61
564.89
604.85
646.36
689.93
727.83
772.73
813.20
855.23
895.45
936.95
977.43
1017.91
1059.16
1098.86
1140.11
1180.07
1220.29
1261.54
1301.24
1340.95
1389.67
1423.45
1463.92
1503.37
1550.16
1591.67
1631.63
1672.88
1713.36
1753.58
1794.83
1834.79
1874.23
1915.48
1955.96
1995.66
2036.66
2076.36
2116.32
2157.05
2196.76
2236.72
2277.20
2316.90
2356.34
2396.82
2436.78
2463.08
2541.72
2704.32
2857.73
3026.14
3185.21
3362.59
3516.00
3762.11
4122.88
4465.41
4837.55
5194.11
5521.98
5921.05
6275.80
6636.72
6994.21
7333.01
7691.11
8105.57
8480.50
8854.85
9127.16
9482.79
9807.45
10150.60
10513.08
10940.69
11296.98
11661.06
12027.16
12391.70
12754.45
13116.41
13474.26
13833.91
14268.20
14567.00
14928.71
15420.64
15779.50
16138.11
16497.25
16823.89
17187.15
17547.57
17909.03
18237.48
18532.16
18836.64
19201.18
19575.46
19938.97
20304.04
20553.08
20654.14
20759.59
20936.81
20942.76
20950.23
20957.71
20968.28
20972.66
20976.02
20978.59
20981.69
21015.46
21088.42
21158.73
21204.11
21250.56
21314.54
21409.08
21541.08
21613.78
21663.75
21693.14
21778.22
21882.63
21927.75
21968.43
21999.63
22125.44
22270.16
22411.95
22546.79
22691.68
22821.10
22934.02
22958.77
23092.32
23197.51
23309.91
23427.64
23554.73
23638.78
23724.89
23783.15
23844.25
23937.84
23983.21
24027.30
24066.23
24088.66
24116.25
24139.96
24168.84
24217.57
24266.81
24328.43
24388.16
24452.10
24517.07
24579.20
24640.82
24700.37
24757.86
24811.23
24868.98
24924.15
24980.10
25037.33
25094.05
25150.25
25207.23
25264.72
25322.47
25375.58
25432.82
25487.73
25543.16
25594.72
25648.35
25699.39
25752.25
25752.50
26194.65
26785.30
27319.23
27867.86
28307.17
9.39
58.79
100.81
142.43
184.46
228.10
268.32
309.05
350.30
393.20
434.96
476.21
516.69
557.68
598.41
638.63
678.59
720.10
777.59
804.86
846.11
886.85
927.32
967.29
1007.76
1049.01
1088.97
1128.68
1167.86
1207.82
1248.56
1288.00
1327.19
1366.89
1408.14
1447.59
1487.55
1565.15
1573.81
1615.06
1655.28
1695.24
1734.94
1774.90
1815.64
1855.34
1895.04
1934.23
1973.93
2014.93
2055.92
2093.82
2134.04
2172.96
2212.41
2252.89
2292.07
2331.52
2371.48
2410.15
2449.08
2489.04
2529.00
2567.93
2606.61
2646.05
2684.46
2703.76
2850.14
3004.56
3155.63
3331.51
3483.96
3643.80
3797.80
3981.50
4236.93
4573.16
4947.86
5310.67
5586.66
5906.86
6290.68
6623.30
6960.27
7306.04
7627.77
8028.68
8365.64
8734.13
9058.46
9393.18
9731.11
10040.13
10380.18
10705.54
11193.09
11458.64
11802.82
12145.86
12489.27
12832.93
13175.05
13516.39
13856.93
14194.69
14629.14
14891.59
15643.63
15711.39
16048.14
16388.97
16727.48
17067.79
17378.20
17719.02
18059.08
18401.97
18677.31
18940.54
19284.98
19630.70
19979.82
20324.25
20668.18
21013.64
21357.57
21699.60
22252.67
22595.56
22869.36
22945.15
23098.29
23130.00
23188.22
23195.43
23202.91
23210.39
23217.86
23225.60
23233.07
23240.55
23248.03
23255.50
23262.98
23270.71
23278.19
23286.70
23293.14
23300.62
23308.36
23315.83
23323.31
23330.79
23338.26
23348.06
23352.44
23355.02
23359.92
23385.96
23486.25
23553.74
23595.94
23641.84
23695.98
23820.36
23872.44
23885.07
23948.02
24019.18
24116.63
24152.72
24222.07
24292.82
24375.06
24443.64
24504.75
24651.96
24799.69
24939.68
25077.87
25221.21
25344.45
25469.48
25608.96
25721.37
25851.70
25985.50
26046.60
26140.70
26255.95
26374.28
26467.61
26525.62
26586.46
26634.93
26685.98
26736.77
26780.08
26805.86
26837.05
26851.75
26879.59
26932.94
26985.54
27038.64
27092.53
27146.93
27206.22
27262.68
27322.24
27383.86
27445.99
27504.77
27562.52
27618.46
27674.41
27728.55
27786.04
27844.31
27898.19
27952.98
28004.03
28058.94
28116.43
28169.80
28224.46
28279.11
28335.32
28388.94
28441.54
28496.45
28548.79
28600.35
28633.09
29076.27
29686.77
30230.24
30780.67
31322.33
31456.14
9.53
56.56
98.76
140.43
180.91
222.45
262.67
302.89
342.85
391.06
425.17
465.39
505.35
544.79
583.98
623.17
662.61
703.35
742.79
784.96
824.15
863.86
903.82
943.26
982.71
1022.15
1061.34
1100.53
1139.46
1178.39
1217.32
1255.99
1294.66
1333.33
1371.49
1413.00
1451.93
1490.60
1569.49
1575.47
1614.92
1653.85
1692.78
1731.71
1770.64
1809.57
1848.24
1887.17
1925.84
1964.77
2003.70
2042.63
2081.04
2119.46
2157.87
2196.29
2234.70
2272.60
2311.27
2350.20
2388.61
2426.77
2465.18
2504.11
2542.01
2580.17
2618.58
2656.74
2694.64
2733.05
2771.21
2809.11
2851.13
2889.29
2927.44
2934.40
3059.99
3211.80
3371.80
3546.61
3725.96
3888.64
4046.81
4232.98
4396.69
4671.95
5035.48
5382.37
5742.88
6071.17
6505.24
6812.30
7164.48
7576.77
7884.60
8285.42
8639.39
8996.72
9372.01
9723.54
10043.55
10401.39
10759.50
11191.82
11596.37
11881.77
12246.57
12609.98
12971.17
13334.43
13697.43
14060.04
14416.02
14776.70
15148.52
15638.11
15995.70
16354.06
16713.79
17075.50
17432.82
17759.21
18120.15
18480.32
18802.84
19110.67
19401.22
19765.51
20130.26
20499.60
20866.47
21230.24
21589.95
22684.37
22880.75
23244.27
23609.59
23975.68
24335.33
24696.01
24942.99
25001.00
25155.95
25179.41
25252.91
25254.19
25261.15
25268.63
25276.11
25283.58
25291.06
25298.54
25306.01
25313.49
25320.96
25328.70
25336.18
25343.39
25351.13
25358.61
25366.08
25373.56
25381.04
25388.51
25395.99
25403.46
25410.94
25418.42
25430.02
25430.54
25436.46
25439.04
25443.43
25467.40
25567.43
25601.95
25670.23
25715.22
25762.40
25840.68
25878.32
25946.38
26007.76
26050.56
26114.75
26181.79
26247.27
26302.89
26374.04
26444.68
26515.84
26610.38
26655.49
26791.36
26897.58
27021.84
27164.67
27310.85
27450.07
27556.95
27697.63
27827.57
27841.75
27910.32
27989.47
28108.58
28206.55
28289.05
28423.89
28508.45
28615.96
28726.56
28850.82
28977.41
29039.03
29081.05
29128.23
29159.68
29187.01
29214.08
29243.99
29265.64
29303.03
29357.17
29412.86
29468.54
29523.97
29579.30
29632.66
29686.55
29743.78
29798.44
29851.80
29911.36
29970.14
30024.54
30077.91
30135.65
30189.02
30236.71
30291.37
30344.99
30400.68
30455.34
30512.05
30567.48
30623.43
30649.98
30682.73
30735.06
30787.91
30834.32
30887.43
30940.02
30990.98
31043.06
31096.43
31147.22
31198.27
31198.52
31671.87
32293.71
32830.22
33369.82
33914.32
34298.20
8.59
56.16
97.15
138.91
178.35
219.78
259.22
298.67
338.11
377.30
419.00
458.96
498.41
537.86
576.79
615.97
654.13
697.18
732.50
774.02
813.73
852.40
892.62
931.03
970.48
1008.63
1047.82
1085.72
1124.65
1163.06
1201.73
1240.41
1278.82
1316.46
1354.88
1392.77
1433.25
1471.41
1509.05
1554.44
1593.89
1632.04
1670.97
1708.87
1747.80
1786.47
1825.14
1864.07
1902.49
1940.64
1978.29
2016.44
2055.63
2094.30
2132.20
2170.36
2208.00
2246.41
2284.82
2323.24
2361.39
2397.75
2435.90
2474.32
2512.47
2550.37
2586.98
2625.14
2663.29
2700.93
2738.32
2775.44
2813.60
2854.07
2892.49
2930.39
2968.54
3005.15
3043.05
3081.21
3179.43
3208.73
3226.27
3299.36
3444.75
3608.53
3777.95
3945.85
4126.85
4295.86
4479.04
4639.40
4802.85
5019.26
5341.48
5714.76
6021.82
6427.97
6752.55
7108.72
7459.43
7810.34
8171.70
8583.61
8923.40
9277.12
9648.63
10001.22
10315.51
10667.94
11020.89
11463.61
11802.89
12168.82
12488.76
12848.16
13207.30
13567.98
13926.34
14285.33
14640.62
14998.73
15396.07
15853.62
16209.91
16564.92
16920.70
17277.77
17634.84
17992.17
18316.76
18674.60
19030.38
19313.46
19621.55
19947.42
20308.52
20671.00
21038.81
21400.78
21758.17
22744.04
23036.80
23396.96
23759.45
24120.38
24482.35
24841.48
25200.10
25561.04
25918.88
26276.47
26634.57
26947.55
27149.42
27225.99
27368.56
27389.96
27660.69
27664.34
27670.01
27672.33
27674.65
27679.55
27718.48
27804.33
27852.45
27922.87
27964.13
28008.97
28128.41
28180.23
28240.17
28308.75
28393.83
28420.64
28500.77
28547.43
28586.88
28668.61
28706.25
28777.44
28842.66
28915.88
28983.17
29072.63
29217.49
29361.09
29506.50
29648.88
29762.83
29893.28
30034.05
30176.88
30297.79
30393.95
30533.69
30650.73
30729.88
30761.59
30808.00
30866.78
30978.41
31035.91
31120.73
31211.73
31289.43
31424.01
31523.01
31595.20
31618.40
31646.76
31667.90
31689.56
31729.26
31782.11
31834.96
31887.63
31938.94
31991.79
32044.90
32100.59
32154.21
32209.12
32263.27
32316.63
32374.12
32422.59
32476.01
32527.06
32580.94
32632.50
32685.10
32736.66
32790.54
32843.91
32895.21
32946.52
32955.03
32988.03
33036.50
33085.22
33132.92
33182.68
33230.11
33280.13
33329.11
33370.62
33396.14
33446.68
33495.66
33542.07
33593.63
33642.61
33691.60
33739.29
33791.63
33839.84
33861.50
34310.09
34947.66
35474.89
36007.01
36554.35
37084.93
37232.65
9.65
56.74
96.83
137.30
175.97
216.78
255.71
294.89
333.31
372.24
414.05
452.98
491.65
530.58
568.99
607.15
644.79
682.95
721.88
759.52
801.07
840.25
879.18
917.60
954.98
993.65
1031.81
1069.19
1106.83
1145.76
1183.40
1220.53
1258.17
1296.58
1333.19
1370.83
1410.02
1448.18
1485.56
1522.43
1568.04
1606.46
1643.32
1682.51
1720.41
1758.05
1795.43
1833.85
1872.26
1909.13
1947.03
1985.18
2021.79
2060.46
2098.11
2135.23
2173.39
2211.29
2248.41
2285.54
2324.21
2361.07
2398.20
2436.10
2472.71
2510.35
2547.73
2583.82
2621.98
2658.85
2695.20
2733.10
2771.00
2807.09
2854.79
2885.21
2922.33
2959.20
2997.61
3034.74
3071.35
3187.11
3198.50
3236.14
3273.26
3311.93
3349.06
3385.93
3424.08
3461.98
3482.86
3530.65
3670.05
3844.96
3975.87
4149.52
4327.50
4492.50
4674.61
4833.17
4996.36
5161.36
5353.29
5560.50
5885.88
6201.40
6563.25
6902.54
7219.66
7559.54
7892.70
8225.80
8638.80
8961.80
9283.03
9617.67
9955.71
10304.30
10603.61
10938.25
11454.64
11700.82
12036.23
12358.50
12704.85
13007.78
13344.49
13683.52
14023.83
14362.85
14699.44
15040.27
15376.45
16385.02
16539.08
16876.56
17215.58
17551.44
17888.14
18224.07
18560.77
18867.83
19204.79
19471.62
19809.36
20099.98
20409.61
20751.47
21093.85
21441.79
21783.91
22122.68
22671.11
23011.94
23351.48
23692.65
24033.22
24373.79
24715.65
25056.74
25396.79
25734.79
26073.81
26412.57
26751.86
27091.91
27431.19
27768.93
28108.46
28447.49
28786.77
29125.02
29363.76
29408.36
29558.15
29637.30
29674.43
29729.21
29730.50
29737.72
29745.20
29752.67
29760.66
29767.62
29775.10
29782.58
29790.05
29797.53
29804.75
29812.48
29819.96
29827.44
29834.66
29842.13
29849.61
29857.09
29864.56
29872.04
29879.52
29886.99
29894.47
29901.95
29909.42
29916.90
29924.38
29931.85
29943.20
29947.84
29950.16
29952.48
29954.80
29959.18
30006.62
30085.77
30125.55
30205.09
30298.68
30345.38
30401.32
30472.96
30534.83
30570.15
30661.42
30767.84
30854.46
30879.21
30965.32
31031.40
31057.70
31136.59
31167.78
31231.72
31301.84
31377.90
31447.25
31592.32
31734.11
31874.11
32016.11
32162.03
32172.09
32303.31
32446.14
32555.71
32656.77
32791.35
32927.12
33029.47
33058.35
33156.06
33206.85
33304.30
33429.60
33515.15
33581.92
33648.95
33655.66
33778.89
33816.27
33891.04
33974.54
34061.17
34156.04
34232.61
34260.20
34288.82
34317.18
34351.46
34369.77
34424.17
34479.86
34532.45
34585.30
34640.73
34694.61
34749.01
34804.18
34860.90
34916.59
34974.08
35029.51
35083.65
35139.34
35195.29
35247.36
35299.44
35351.78
35402.31
35457.48
35508.79
35565.25
35621.71
35672.24
35722.51
35775.62
35824.61
35874.36
35924.64
35978.52
36029.31
36082.16
36135.01
36186.83
36238.65
36290.99
36342.81
36394.37
36445.68
36497.26
36550.63
36604.77
36657.36
36707.64
36760.49
36763.32
37128.13
37807.21
38331.86
38862.43
39399.71
39933.13
40444.11
8.96
55.49
94.74
133.27
172.20
211.28
249.69
288.11
325.49
364.16
403.69
442.36
479.23
517.90
554.25
591.89
629.28
666.14
704.30
741.68
781.89
819.79
856.65
895.07
930.64
968.54
1005.67
1044.08
1080.18
1116.01
1153.39
1189.49
1226.61
1262.71
1299.83
1335.67
1372.79
1414.30
1447.56
1484.17
1520.52
1564.61
1601.99
1638.34
1675.72
1711.82
1749.20
1785.55
1823.19
1859.03
1896.41
1931.47
1969.11
2005.21
2042.07
2083.84
2115.29
2151.64
2188.25
2224.35
2260.96
2297.05
2333.66
2369.50
2405.85
2441.68
2478.04
2513.87
2549.96
2585.54
2622.67
2657.47
2695.11
2730.18
2766.53
2801.59
2837.94
2877.64
2913.48
2950.35
2985.93
3022.79
3058.63
3095.50
3146.52
3182.88
3220.00
3256.87
3293.73
3330.34
3366.18
3403.56
3438.88
3476.27
3511.59
3548.97
3584.55
3621.41
3657.51
3694.38
3730.47
3746.71
3797.88
3940.67
4112.11
4267.19
4433.40
4618.60
4786.81
4973.07
5136.52
5305.90
5508.22
5673.52
5839.04
6061.49
6389.08
6794.43
7172.36
7479.71
7873.76
8178.96
8592.63
9034.24
9316.98
9642.34
9997.60
10351.31
10687.30
11044.48
11468.59
11840.28
12197.09
12552.10
12957.41
13229.66
13583.12
13944.54
14305.99
14663.34
15023.25
15382.64
15771.42
16227.28
16672.40
16955.22
17313.84
17672.20
18031.09
18388.16
18743.94
19100.23
19438.23
19706.61
20066.26
20425.17
20701.29
21065.57
21427.03
21794.93
22151.98
22711.63
23076.43
23438.40
23799.60
24161.10
24525.13
24887.36
25250.61
25614.13
25971.71
26332.65
26694.36
27053.50
27413.66
27775.37
28136.31
28495.44
28852.77
29214.22
29575.16
29930.35
30288.19
30647.58
31006.97
31365.85
31647.89
31748.18
31844.86
31980.99
32004.71
32066.58
32093.69
32099.10
32106.57
32114.05
32121.53
32128.75
32136.22
32143.70
32151.18
32158.65
32165.87
32173.61
32181.08
32188.56
32195.78
32203.25
32210.73
32218.21
32225.94
32233.16
32240.64
32248.11
32255.59
32263.07
32270.54
32278.02
32285.50
32292.71
32300.45
32307.67
32315.40
32327.26
32332.93
32335.25
32337.32
32339.64
32344.02
32413.63
32501.54
32536.17
32571.19
32655.49
32759.13
32804.09
32865.90
32885.75
32952.53
33019.11
33055.21
33150.86
33252.43
33317.97
33387.32
33441.20
33518.29
33558.77
33603.37
33638.95
33701.85
33748.77
33781.64
33857.70
33901.02
34042.30
34187.71
34333.11
34475.94
34620.83
34764.69
34912.16
35057.82
35204.00
35347.61
35460.27
35506.68
35586.34
35656.98
35752.89
35868.90
36009.15
36096.81
36157.39
36245.20
36349.61
36465.62
36494.76
36557.15
36603.30
36648.67
36687.60
36737.10
36827.85
36867.04
36950.31
37033.84
37105.00
37134.39
37164.81
37191.62
37201.94
37234.16
37299.91
37365.65
37431.39
37495.84
37547.15
37598.97
37651.05
37703.90
37760.36
37814.24
37871.48
37928.20
37982.34
38037.25
38092.16
38146.30
38205.09
38261.03
38312.85
38363.64
38417.01
38470.12
38524.00
38576.85
38630.22
38682.55
38735.15
38786.20
38838.79
38888.55
38939.78
38991.60
39042.90
39093.18
39142.68
39192.95
39240.90
39288.60
39336.29
39340.16
39344.54
39389.40
39438.90
39487.11
39533.52
39581.21
39627.88
39675.06
39720.18
39761.94
39826.91
40538.73
41154.64
41679.04
42214.51
42760.30
43290.36
43773.50
8.27
54.93
93.80
132.77
169.64
209.40
246.27
284.68
321.04
359.71
399.55
436.16
474.31
510.92
548.56
584.91
622.30
658.91
696.03
733.41
786.01
811.12
848.76
884.86
922.24
958.59
996.49
1033.10
1069.45
1106.06
1142.15
1179.79
1215.63
1253.27
1288.85
1324.43
1361.55
1396.87
1434.77
1472.15
1507.73
1583.79
1589.04
1625.91
1662.52
1698.61
1736.25
1772.09
1808.70
1844.79
1881.91
1918.01
1953.59
1991.23
2026.55
2063.93
2099.77
2135.60
2172.21
2207.79
2244.40
2280.23
2315.81
2352.68
2387.48
2424.87
2460.19
2494.99
2532.12
2566.92
2603.53
2638.59
2674.43
2710.78
2746.62
2781.42
2818.03
2872.69
2893.57
2928.89
2965.76
3000.56
3037.95
3073.27
3161.70
3196.43
3234.32
3270.42
3306.25
3343.64
3378.96
3415.57
3452.18
3488.53
3524.36
3560.20
3597.32
3632.64
3670.03
3706.12
3741.18
3778.82
3813.89
3851.27
3886.85
3922.17
3959.55
3994.61
4026.32
4147.49
4296.39
4453.73
4615.75
4798.91
4962.11
5131.77
5315.48
5478.42
5641.88
5841.06
6004.07
6163.91
6321.18
6507.43
6877.76
7196.94
7517.68
7862.68
8185.20
8527.94
8920.77
9254.64
9608.56
9935.77
10257.24
10590.59
10895.07
11253.95
12045.87
12356.18
12695.20
13032.68
13416.06
13705.32
14009.80
14353.51
14696.92
15034.30
15378.23
15719.31
16199.59
16539.90
16877.89
17233.94
17573.48
17914.30
18254.88
18590.48
18929.24
19267.49
19605.48
19873.87
20182.73
20525.16
20865.48
21169.18
21474.43
21815.77
22195.45
23238.82
23403.11
23743.68
24087.34
24432.03
24778.01
25122.19
25464.31
25807.71
26150.35
26493.75
26837.42
27175.67
27517.27
27858.87
28200.21
28540.53
28882.13
29222.20
29561.23
29902.83
30233.85
30574.42
30918.60
31259.43
31599.48
31939.80
33026.22
33279.70
33619.34
33960.94
34237.83
34578.92
34804.20
34861.17
34978.99
35100.68
35123.11
35190.14
35217.26
35219.32
35226.54
35234.01
35241.49
35248.96
35256.18
35263.66
35271.14
35278.36
35285.83
35293.31
35300.79
35308.52
35315.74
35324.50
35330.43
35337.91
35345.39
35352.86
35360.34
35367.82
35375.29
35382.77
35392.05
35397.46
35404.94
35412.42
35419.89
35427.37
35434.85
35442.07
35449.54
35457.02
35470.68
35475.07
35477.13
35479.45
35481.51
35483.83
35488.47
35524.57
35616.61
35643.72
35723.24
35814.76
35872.05
35924.20
35967.64
36016.89
36033.90
36082.93
36149.70
36206.93
36286.86
36380.38
36470.88
36577.35
36682.54
36718.63
36776.64
36855.53
36907.30
36959.38
36993.67
37016.62
37079.01
37120.77
37129.80
37176.20
37286.14
37431.03
37527.71
37629.80
37773.92
37917.26
38003.89
38133.82
38281.29
38429.02
38574.43
38626.76
38768.82
38914.48
39052.04
39161.87
39267.83
39324.29
39379.72
39458.09
39578.23
39686.77
39797.12
39868.53
39945.36
40021.41
40120.67
40230.24
40290.83
40315.06
40368.95
40407.36
40460.21
40487.80
40524.66
40629.59
40659.24
40715.45
40735.81
40764.69
40795.11
40823.73
40850.80
40887.66
40954.75
41020.50
41086.75
41152.50
41219.01
41282.43
41346.89
41398.45
41452.33
41497.45
41501.83
41554.17
41606.76
41661.16
41719.17
41776.66
41834.93
41893.45
41952.23
42007.66
42061.29
42115.43
42172.40
42226.54
42280.68
42335.86
42386.64
42438.98
42491.57
42543.65
42595.99
42645.49
42697.05
42748.61
42798.63
42849.16
42899.43
42949.19
42997.92
43047.93
43096.92
43143.32
43190.76
43239.75
43288.21
43336.43
43384.64
43432.33
43483.12
43530.56
43578.51
43964.46
44658.23
45237.28
45774.04
46310.29
46861.75
47399.29
47921.88
47936.83
9.52
54.99
94.09
131.43
169.33
207.15
244.54
281.40
317.75
355.65
394.07
431.71
467.81
505.45
540.77
578.15
614.76
649.82
686.95
724.33
760.43
800.54
836.63
874.27
909.59
945.43
982.55
1017.88
1053.71
1090.32
1126.67
1161.22
1197.57
1233.66
1269.24
1304.30
1340.66
1375.46
1410.52
1448.42
1484.52
1520.35
1586.87
1599.20
1635.81
1671.91
1706.20
1743.06
1779.16
1814.99
1851.34
1886.15
1921.98
1958.34
1994.43
2029.49
2064.55
2100.65
2136.48
2171.55
2207.64
2243.22
2278.28
2312.57
2348.92
2383.73
2418.27
2453.08
2489.17
2524.23
2559.04
2594.36
2629.68
2664.74
2699.29
2734.61
2769.93
2804.73
2839.02
2880.02
2913.27
2949.11
2984.43
3019.75
3054.30
3090.13
3207.95
3210.52
3247.39
3282.45
3317.77
3353.87
3389.70
3425.02
3459.05
3495.92
3530.73
3565.79
3601.62
3637.20
3672.78
3707.33
3743.42
3778.74
3813.29
3847.32
3884.19
3918.48
3953.02
3988.34
4023.92
4058.73
4093.53
4128.85
4164.43
4199.23
4233.78
4269.36
4304.68
4313.45
4362.31
4497.93
4670.70
4838.38
4964.86
5150.46
5317.00
5512.41
5674.32
5838.03
6046.68
6214.14
6372.95
6537.44
6697.80
6936.98
7103.11
7426.77
7793.18
8171.13
8476.46
8869.11
9226.80
9579.48
10027.20
10296.18
10623.17
10974.23
11289.54
11778.11
12102.66
12453.81
12808.05
13161.77
13514.45
13856.31
14216.91
14537.12
14892.88
15250.98
15608.30
15965.63
16454.18
16812.54
17171.15
17602.80
17895.79
18252.34
18607.61
18964.94
19320.46
19674.18
19949.79
20306.34
20630.93
20986.19
21341.20
21698.79
21973.10
22330.06
23703.17
23972.56
24332.46
24691.86
25048.11
25407.76
25767.15
26127.57
26489.03
26846.87
27208.07
27565.14
27922.72
28279.79
28635.32
28991.36
29349.37
29705.41
30060.41
30418.26
30767.88
31123.91
31479.70
31835.48
32191.52
34076.12
34273.47
34632.34
34916.80
35275.16
35630.43
35985.69
36342.76
36700.86
37056.39
37196.89
37428.41
37478.68
37520.19
37677.46
37737.53
37758.41
38061.24
38062.82
38070.04
38077.52
38085.00
38092.47
38099.69
38107.17
38119.03
38122.89
38124.70
38126.76
38128.57
38130.63
38132.69
38137.59
38152.80
38259.28
38283.52
38360.60
38446.61
38500.97
38556.65
38608.12
38652.46
38714.99
38752.63
38755.73
38819.41
38869.16
38963.54
39068.47
39119.52
39212.33
39317.26
39425.01
39530.46
39610.89
39660.14
39682.31
39757.07
39810.18
39839.57
39873.86
39897.58
39920.01
39944.25
40085.53
40219.85
40264.19
40390.52
40531.54
40620.49
40737.02
40879.85
41022.16
41164.21
41213.20
41354.80
41497.07
41580.86
41721.11
41838.41
41983.04
42127.93
42262.25
42347.59
42406.63
42511.82
42574.72
42659.80
42770.14
42908.85
43036.21
43127.99
43184.96
43223.64
43284.22
43357.18
43427.82
43497.95
43548.48
43591.28
43640.26
43676.16
43714.32
43743.71
43771.81
43790.11
43809.96
43836.78
43864.88
43890.92
43917.47
43967.23
44029.62
44089.95
44151.31
44213.18
44233.55
44249.79
44313.73
44378.70
44439.54
44499.89
44557.38
44616.42
44675.46
44724.96
44774.46
44823.44
44873.97
44927.08
44981.74
45038.71
45095.43
45153.44
45211.71
45268.17
45319.99
45370.78
45425.43
45479.06
45534.49
45588.37
45643.80
45696.65
45751.05
45804.16
45854.69
45907.03
45956.01
46004.48
46052.95
46102.96
46151.43
46201.45
46254.04
46305.09
46355.36
46402.80
46452.56
46503.09
46553.62
46602.61
46651.33
46699.54
46747.50
46794.16
46841.34
46849.07
47254.36
47940.14
48545.22
49064.20
49599.16
50124.07
50668.31
51186.51
51559.82
9.24
55.09
92.04
130.16
167.80
206.15
243.27
279.88
317.27
354.39
393.34
428.92
466.05
503.17
539.78
575.36
611.97
648.58
684.16
720.77
756.09
797.12
833.99
870.60
906.95
942.53
979.39
1015.49
1051.58
1086.64
1122.74
1159.09
1194.67
1230.25
1265.05
1300.89
1336.21
1371.53
1407.11
1444.75
1479.29
1514.87
1589.89
1595.04
1630.10
1666.45
1702.29
1737.86
1773.18
1808.76
1845.89
1881.21
1916.53
1951.33
1986.65
2023.52
2058.84
2093.64
2128.19
2163.51
2199.86
2235.44
2269.99
2304.54
2339.34
2375.69
2410.75
2445.30
2480.11
2515.43
2550.49
2585.55
2620.87
2655.16
2689.45
2724.51
2759.32
2794.64
2829.70
2863.73
2902.92
2938.24
2973.82
3007.85
3042.65
3079.00
3113.55
3214.10
3236.68
3272.00
3307.32
3342.12
3377.18
3414.31
3449.63
3484.43
3519.24
3554.30
3591.17
3626.23
3661.04
3695.58
3730.64
3767.00
3802.06
3836.86
3872.18
3907.25
3942.57
3977.63
4013.21
4048.01
4082.04
4116.33
4152.68
4201.67
4222.04
4257.61
4292.16
4327.22
4363.06
4397.86
4432.41
4466.44
4501.76
4537.08
4571.89
4607.72
4614.43
4665.49
4803.28
4972.74
5125.39
5278.48
5463.55
5634.22
5829.95
5993.66
6158.92
6370.23
6528.29
6694.07
6858.04
7018.65
7255.98
7406.03
7576.18
7822.34
8169.12
8520.15
9122.69
9285.79
9636.98
9990.48
10340.85
10709.41
11056.44
11362.46
11714.89
12184.16
12534.34
12890.69
13242.34
13595.29
13951.07
14293.96
14658.92
14976.46
15334.88
15695.30
16055.72
16549.08
16906.92
17264.77
17627.77
17987.93
18360.83
18716.61
19074.45
19430.68
19785.95
20142.76
20422.23
20777.78
21138.71
21467.17
21829.14
22187.24
22463.43
23849.43
24113.65
24471.75
24830.89
25193.63
25554.06
25916.29
26278.00
26637.39
26994.72
27355.40
27717.62
28077.27
28437.95
28797.86
29157.51
29513.66
29871.77
30230.64
30585.91
30946.33
31310.66
31653.55
32013.46
32373.36
34033.64
34107.32
34465.68
34820.29
35175.86
35512.05
35827.36
36190.10
36551.29
36910.94
37266.21
37626.11
37874.39
38164.94
38359.33
38723.11
39084.56
39448.07
39809.53
40056.51
40134.63
40184.90
40327.73
40425.44
40445.81
40521.09
40548.30
40549.33
40556.04
40563.51
40570.99
40578.21
40585.68
40593.16
40600.64
40608.11
40615.33
40622.81
40630.54
40637.76
40645.24
40652.71
40659.93
40667.41
40674.89
40682.36
40689.84
40697.32
40704.79
40712.27
40719.49
40728.00
40734.70
40741.92
40749.39
40757.13
40764.35
40771.82
40779.30
40786.78
40794.25
40801.47
40808.95
40816.43
40823.90
40831.38
40845.56
40846.07
40853.29
40855.36
40857.42
40859.48
40861.54
40866.70
40875.21
40991.22
41018.48
41057.29
41131.63
41236.76
41290.59
41344.22
41397.45
41449.15
41464.62
41488.34
41534.75
41585.28
41629.40
41656.98
41741.55
41802.39
41894.43
41972.29
42049.12
42138.53
42246.29
42314.87
42422.64
42523.18
42560.31
42611.61
42654.93
42685.09
42721.70
42748.25
42769.91
42821.47
42966.11
43085.73
43157.90
43294.02
43429.63
43569.88
43634.34
43729.47
43833.88
43973.42
44110.59
44251.36
44393.41
44527.47
44545.00
44683.19
44823.44
44964.72
45104.20
45149.57
45274.36
45416.67
45555.63
45668.55
45758.27
45792.30
45900.32
45990.56
46042.12
46119.72
46187.27
46285.24
46393.78
46448.43
46509.79
46569.09
46628.39
46683.30
46725.84
46769.41
46817.88
46848.04
46871.25
46892.90
46917.14
46945.75
46973.86
46998.09
47002.47
47038.05
47088.88
47136.58
47190.98
47248.98
47309.31
47369.90
47429.20
47489.01
47550.37
47610.95
47669.73
47729.29
47789.36
47845.30
47902.02
47959.00
48014.95
48070.12
48126.62
48176.12
48230.27
48279.25
48328.49
48381.09
48434.20
48490.14
48546.34
48601.52
48656.95
48710.05
48767.55
48824.78
48882.53
48938.99
48998.55
49055.01
49106.83
49161.48
49217.43
49271.57
49327.77
49384.49
49438.89
49491.74
49545.11
49599.25
49649.92
49704.06
49755.37
49808.22
49859.27
49908.77
49958.52
50009.05
50059.84
50111.66
50159.88
50211.70
50249.08
50721.39
51419.03
52048.35
52580.73
53128.07
53659.94
54220.94
54759.25
55283.90
55316.64
9.31
53.87
90.91
129.29
165.12
202.61
238.45
274.54
311.15
346.47
382.82
421.29
456.61
491.67
527.25
562.57
598.92
633.72
669.30
703.59
740.20
791.50
815.67
850.48
886.31
920.60
956.70
991.50
1027.59
1062.14
1097.72
1132.01
1167.33
1202.13
1236.42
1271.74
1306.29
1341.87
1376.93
1410.70
1448.34
1482.63
1517.95
1593.75
1595.66
1630.98
1665.52
1701.88
1737.45
1772.00
1807.32
1841.87
1877.45
1910.96
1946.28
1980.31
2015.89
2051.47
2085.50
2120.56
2155.37
2189.66
2224.72
2258.75
2293.04
2328.10
2361.88
2397.20
2432.52
2466.80
2500.84
2535.90
2569.93
2603.96
2638.77
2673.05
2706.31
2740.60
2775.15
2809.44
2842.95
2898.12
2916.95
2950.98
2985.78
3019.81
3054.88
3089.68
3124.74
3175.81
3211.13
3245.68
3279.96
3315.29
3349.57
3385.15
3420.73
3454.50
3489.82
3523.86
3558.92
3593.98
3627.24
3662.30
3696.59
3731.39
3766.71
3801.52
3835.29
3870.36
3905.16
3938.42
3973.22
4007.77
4041.54
4075.57
4110.38
4144.41
4178.70
4213.50
4248.05
4282.86
4316.11
4350.92
4385.46
4419.24
4453.27
4487.82
4522.62
4555.62
4589.91
4624.20
4658.49
4692.00
4726.81
4761.61
4795.90
4830.45
4863.45
4898.00
4923.78
5028.98
5166.53
5309.85
5473.44
5629.40
5815.04
5984.43
6181.29
6345.77
6513.87
6718.10
6890.00
7055.51
7218.45
7379.58
7603.72
7767.95
7933.35
8100.93
8284.35
8602.36
8953.14
9374.26
9715.55
10123.24
10409.78
10762.47
11192.61
11477.88
11789.57
12213.69
12566.89
12938.47
13294.51
13650.06
14000.94
14354.40
14707.86
15106.76
15409.61
15729.04
16084.05
16575.69
16933.27
17292.15
17651.80
18011.19
18368.77
18819.04
19097.47
19458.67
19813.93
20167.40
20534.01
20803.42
21163.84
21519.62
21842.66
22203.09
22557.84
23895.62
24110.75
24475.39
24837.36
25202.16
25561.04
25922.23
26283.20
26645.17
27009.46
27364.73
27722.31
28080.41
28441.87
28802.80
29160.13
29518.49
29876.34
30237.79
30599.24
30953.22
31309.52
31666.07
32016.97
32376.36
33933.03
34110.58
34469.45
34830.65
35178.89
35532.46
35889.79
36206.64
36540.50
36898.86
37255.93
37615.07
37973.94
38335.14
38528.24
38697.36
39056.24
39416.92
39774.25
40137.76
40501.28
40862.73
41224.44
41586.15
41951.73
42313.18
42633.13
42840.55
42918.41
42954.25
43114.35
43220.05
43243.25
43300.49
43663.17
43670.58
43671.61
43678.83
43680.64
43682.44
43684.50
43686.57
43688.37
43693.53
43734.26
43819.08
43843.34
43929.96
43966.79
44009.68
44118.99
44173.45
44227.15
44280.00
44311.71
44357.60
44411.28
44454.59
44508.21
44559.78
44638.67
44675.54
44749.01
44827.77
44929.09
44997.67
45066.25
45144.11
45248.03
45351.16
45442.42
45494.50
45569.78
45614.90
45645.06
45681.41
45711.58
45734.78
45865.23
45935.36
46052.66
46164.04
46303.36
46403.14
46543.13
46676.97
46740.65
46844.80
46952.31
47053.63
47199.30
47295.46
47390.59
47526.20
47614.89
47751.79
47888.43
48029.97
48131.55
48198.32
48303.51
48424.16
48528.32
48670.38
48773.24
48885.39
49028.22
49095.67
49167.86
49245.46
49317.91
49404.27
49465.63
49523.64
49575.72
49630.63
49699.47
49785.32
49826.41
49868.70
49902.21
49945.01
49984.45
50026.48
50045.04
50070.30
50096.60
50123.67
50150.74
50182.97
50234.53
50286.61
50338.95
50391.80
50441.55
50493.12
50543.91
50600.62
50654.84
50711.05
50766.48
50825.00
50884.30
50943.34
51003.79
51062.57
51119.55
51178.59
51235.57
51293.32
51353.13
51408.30
51462.96
51517.36
51573.82
51626.93
51682.10
51731.86
51783.42
51832.14
51882.68
51933.46
51983.22
52037.62
52091.76
52144.61
52197.21
52251.35
52307.04
52363.24
52418.41
52471.00
52523.08
52578.25
52634.97
52690.40
52745.06
52801.26
52857.72
52909.03
52960.59
53013.18
53067.58
53118.37
53168.13
53218.66
53268.68
53321.53
53375.52
53425.79
53476.84
53525.89
53575.39
53625.67
53676.20
53708.94
54472.84
55174.35
55755.46
56288.36
56836.46
57375.04
57932.17
58473.83
59009.57
59144.92
9.25
52.58
89.57
126.94
162.78
203.51
235.23
270.80
306.38
341.45
377.02
415.51
450.83
486.15
521.73
557.05
591.34
625.63
660.69
695.50
730.82
765.88
806.69
840.98
876.56
912.14
947.46
981.49
1016.29
1051.36
1086.42
1121.48
1156.03
1190.32
1224.61
1259.41
1294.21
1328.76
1363.05
1397.34
1437.56
1468.50
1503.04
1537.33
1581.01
1616.07
1651.14
1686.20
1720.75
1755.55
1789.84
1824.13
1858.68
1893.48
1928.03
1962.83
1997.12
2031.93
2066.21
2100.76
2134.79
2169.08
2203.11
2237.66
2271.69
2305.98
2340.27
2374.56
2408.33
2442.36
2476.39
2510.43
2544.20
2578.23
2612.00
2645.78
2679.81
2714.10
2748.13
2782.42
2816.19
2850.22
2883.74
2921.38
2955.67
2989.96
3024.25
3058.54
3092.82
3126.86
3229.21
3246.83
3281.38
3315.92
3350.21
3385.02
3419.30
3454.11
3488.40
3522.69
3556.98
3591.27
3625.55
3660.10
3694.13
3728.68
3762.71
3797.00
3831.03
3865.06
3899.09
3933.12
3966.90
4000.93
4034.96
4068.99
4102.77
4136.80
4170.57
4204.34
4237.86
4271.89
4305.92
4340.21
4374.50
4408.53
4442.30
4476.08
4509.85
4543.62
4577.40
4610.91
4644.69
4678.72
4713.01
4747.30
4781.33
4815.10
4848.88
4882.39
4916.16
4949.68
4983.20
5016.97
5051.00
5085.29
5118.55
5152.06
5185.32
5218.84
5246.42
5330.13
5481.32
5618.54
5777.77
5931.77
6106.62
6273.68
6468.10
6638.51
6806.09
7014.10
7186.68
7354.51
7524.41
7690.44
7912.95
8086.98
8248.18
8417.82
8584.37
8749.37
8887.04
9130.98
9536.18
9886.49
10248.68
10590.79
10941.38
11293.30
11645.98
12015.88
12414.52
12755.09
13109.58
13485.56
13836.44
14188.36
14544.40
14898.12
15249.78
15604.27
15952.85
16273.31
16768.32
17126.04
17485.68
17845.33
18204.98
18565.66
18922.99
19279.29
19649.24
20005.79
20363.64
20718.10
20996.44
21353.77
21710.07
22066.62
22424.72
22748.44
24135.73
24304.37
24666.59
25032.33
25391.98
25754.20
26114.62
26477.11
26836.42
27197.87
27561.13
27921.29
28284.04
28642.14
29001.01
29359.37
29715.93
30073.26
30429.30
30786.11
31142.15
31498.71
31855.78
32220.07
32570.42
34461.73
34665.22
35021.78
35374.56
35730.60
36085.70
36446.12
36803.45
37093.49
37452.62
37810.73
38170.38
38528.48
38870.08
39076.59
39255.77
39614.64
39977.64
40344.77
40706.22
41069.22
41429.64
41790.84
42152.29
42516.32
42877.26
43238.71
43600.94
43967.29
44327.71
44684.63
45046.86
45407.80
45676.95
45823.91
45853.04
46004.12
46117.81
46145.66
46184.07
46577.44
46584.30
46599.51
46601.57
46608.27
46610.08
46611.88
46613.69
46615.75
46617.55
46619.36
46625.03
46634.05
46702.12
46761.21
46832.12
46875.30
46914.94
46952.10
47067.86
47123.03
47178.08
47231.19
47297.96
47319.35
47366.53
47396.70
47444.39
47534.37
47576.13
47643.42
47682.87
47734.43
47813.58
47841.42
47928.82
48003.59
48071.97
48158.08
48224.34
48305.80
48390.62
48472.61
48549.44
48637.09
48718.30
48747.18
48776.57
48899.29
49043.41
49188.55
49300.70
49349.17
49477.23
49600.21
49704.88
49810.32
49933.82
50042.36
50174.61
50278.25
50377.77
50464.39
50571.64
50672.96
50752.37
50896.23
50991.11
51056.33
51166.68
51296.61
51429.64
51496.93
51615.79
51748.56
51885.46
51939.28
52063.80
52177.75
52295.57
52419.07
52531.99
52624.80
52700.34
52747.78
52825.89
52903.50
52964.60
53022.86
53058.18
53106.65
53154.86
53209.78
53253.86
53308.00
53344.36
53366.01
53387.15
53411.90
53443.36
53474.81
53504.71
53552.93
53603.71
53657.34
53710.71
53762.79
53817.70
53871.58
53924.43
53975.74
54026.79
54082.21
54139.17
54194.86
54250.80
54308.81
54366.56
54421.99
54478.45
54538.52
54596.79
54656.86
54715.64
54769.78
54828.56
54884.25
54942.51
55000.00
55055.95
55110.61
55165.00
55217.86
55273.80
55331.29
55385.69
55443.96
55497.58
55549.40
55601.48
55653.30
55703.32
55752.82
55802.32
55855.68
55911.37
55964.48
56020.43
56073.28
56126.13
56179.24
56230.54
56281.33
56334.18
56388.84
56440.82
56493.67
56544.20
56596.02
56647.33
56701.11
56753.96
56806.30
56858.60
56911.97
56966.62
57019.73
57074.39
57126.47
57177.52
57231.14
57286.57
57326.79
57783.12
58479.73
59181.75
59722.64
60270.75
60823.24
61377.80
61940.09
62487.94
63032.95
63154.90
8.64
52.51
88.65
125.05
159.86
194.92
232.01
267.07
301.36
335.65
370.71
407.62
442.68
477.74
512.03
546.06
580.09
613.61
648.16
682.19
718.02
751.54
790.50
824.54
858.05
891.82
926.89
960.92
994.69
1029.24
1063.79
1097.56
1131.07
1165.88
1199.39
1232.91
1267.46
1300.71
1333.46
1367.75
1401.00
1442.51
1471.90
1504.90
1538.42
1581.59
1615.37
1649.66
1683.69
1717.20
1750.20
1784.49
1818.52
1851.78
1886.84
1920.10
1953.36
1987.91
2020.91
2055.20
2088.45
2125.84
2154.97
2188.23
2222.00
2255.77
2288.52
2322.80
2355.55
2389.58
2422.06
2454.80
2488.58
2521.84
2555.35
2588.35
2621.61
2655.12
2687.61
2719.58
2753.35
2786.35
2820.12
2852.87
2886.38
2923.25
2956.77
2990.54
3023.54
3057.31
3090.05
3124.09
3239.07
3242.07
3275.33
3308.07
3342.62
3375.62
3409.39
3443.68
3476.42
3510.97
3543.97
3578.00
3611.00
3643.48
3677.77
3711.03
3744.80
3778.58
3811.32
3845.35
3878.09
3911.87
3944.09
3977.61
4010.61
4044.64
4077.64
4111.16
4144.16
4177.93
4210.41
4242.12
4276.16
4309.16
4342.93
4375.67
4408.93
4442.45
4474.67
4506.90
4540.16
4573.93
4606.41
4640.19
4672.41
4705.93
4737.64
4770.90
4803.12
4837.41
4869.64
4902.90
4936.16
4968.12
5000.61
5033.35
5067.12
5099.09
5132.87
5165.61
5197.84
5229.80
5262.80
5296.58
5328.55
5362.06
5394.80
5426.77
5459.26
5491.48
5525.00
5557.48
5582.49
5652.77
5788.72
5939.54
6063.89
6227.76
6396.11
6555.70
6748.70
6917.05
7079.73
7246.28
7452.38
7623.05
7788.05
7927.27
8064.43
8287.57
8449.22
8612.24
8778.01
8943.27
9104.66
9263.99
9510.10
9669.17
9951.61
10270.25
10585.82
10925.85
11248.63
11579.42
11911.59
12704.88
12982.83
13311.28
13631.74
13964.58
14314.64
14661.49
14982.47
15313.73
15648.62
15981.46
16309.14
17310.91
17427.49
17770.68
18108.41
18445.11
18785.68
19123.93
19462.70
19802.50
20180.17
20489.80
20825.22
21161.02
21423.58
21764.41
22103.43
22440.39
22773.58
23110.03
23635.56
23968.65
24307.42
24643.09
24904.77
25242.76
25601.94
25933.23
26275.09
26612.82
26952.88
27292.68
27631.14
27973.00
28312.03
28653.11
28991.62
29331.93
29673.02
30014.11
30350.04
30688.03
31026.54
31362.21
31702.78
32039.48
32374.64
32713.92
34327.82
34374.96
34708.31
35047.08
35375.62
35713.88
36052.12
36385.48
36719.42
37056.12
37393.08
37734.17
38000.75
38340.03
38677.50
39014.98
39248.82
39528.80
39867.57
40033.60
40375.46
40714.48
41056.60
41395.88
41734.64
42079.34
42423.52
42764.61
43103.63
43443.94
43786.57
44126.37
44466.94
44807.25
45147.31
45484.18
45825.52
46167.89
46505.63
46846.71
47185.48
47523.47
49769.79
49859.25
49991.34
50019.18
50030.27
50119.21
50159.71
50164.09
50171.31
50178.53
50186.01
50193.23
50200.45
50207.66
50215.14
50222.62
50229.84
50237.31
50244.79
50252.01
50260.77
50266.70
50274.18
50281.66
50288.88
50296.35
50303.57
50311.05
50318.52
50325.74
50333.22
50340.44
50347.91
50355.39
50362.61
50370.09
50377.56
50384.78
50392.26
50399.73
50406.95
50414.43
50421.91
50429.12
50437.63
50444.08
50451.30
50458.77
50465.99
50473.47
50480.69
50488.16
50495.38
50511.62
50512.91
50519.88
50521.42
50523.23
50525.03
50526.84
50528.64
50530.45
50532.25
50537.15
50552.36
50651.62
50682.04
50739.96
50785.83
50896.85
50940.73
50987.39
51040.50
51095.78
51149.92
51206.91
51279.87
51306.68
51315.70
51365.98
51431.46
51496.95
51542.06
51638.74
51701.91
51743.67
51788.02
51832.62
51870.26
51950.66
51981.08
52030.58
52091.94
52163.36
52256.68
52333.51
52393.32
52486.14
52547.50
52625.87
52690.58
52763.80
52817.17
52920.81
53065.96
53189.45
53323.51
53460.41
53527.44
53576.68
53687.03
53805.62
53924.99
54061.95
54175.38
54254.79
54363.84
54495.59
54632.48
54680.44
54809.60
54936.70
55024.88
55095.52
55170.02
55252.27
55340.95
55417.78
55550.55
55625.06
55695.13
55795.42
55896.48
55997.03
56126.45
56221.33
56357.97
56494.61
56555.71
56664.51
56800.12
56895.77
57031.63
57168.53
57286.61
57354.93
57443.36
57503.95
57558.86
57606.30
57657.86
57709.68
57752.22
57789.86
57825.70
57863.85
57894.27
57921.86
57938.62
57961.30
57987.09
58016.48
58044.58
58072.94
58125.53
58180.70
58232.52
58289.24
58345.70
58398.30
58408.35
58461.98
58516.12
58569.74
58622.34
58676.99
58729.07
58779.60
58829.62
58883.76
58935.32
58991.78
59045.92
59102.12
59158.84
59214.02
59268.67
59325.13
59380.30
59434.19
59491.68
59549.43
59606.92
59663.64
59721.91
59778.62
59829.41
59882.78
59931.51
59983.84
60037.21
60087.48
60140.34
60194.48
60247.07
60297.34
60349.94
60403.82
60457.19
60504.57
60553.04
60602.62
60653.41
60701.10
60745.96
60792.62
60842.12
60891.37
60943.45
60996.30
61049.41
61102.00
61155.11
61206.41
61256.43
61304.12
61352.08
61402.09
61448.76
61499.80
61551.62
61600.35
61648.56
61699.09
61748.08
61799.12
61849.40
61899.41
61947.37
61996.35
62044.56
62047.40
62272.73
62971.91
63677.29
64296.81
64835.38
65376.79
65919.48
66466.30
67019.05
67564.33
68100.32
68309.41
