11.23
7.98
9.48
8.43
9.38
67.82
117.94
170.79
221.15
273.23
321.70
373.29
423.30
474.35
523.59
574.12
616.83
891.52
1315.55
1746.96
2167.66
2629.39
3012.12
3427.16
3837.93
4251.66
4695.08
5148.46
5542.65
5948.62
6351.59
6780.36
7177.65
7594.07
8006.82
8420.62
8832.87
9247.95
9734.31
10146.55
10362.86
10405.64
10410.53
10417.75
10418.01
10418.52
10425.48
10425.74
10426.00
10433.22
10433.48
10445.85
10446.11
10446.37
10446.62
10448.95
10449.20
10456.68
10456.94
10464.41
10464.67
10465.19
10472.15
10472.41
10472.66
10479.88
10480.14
10480.40
10487.62
10487.88
10488.13
10495.35
10495.61
10513.66
10513.91
10514.17
10514.43
10514.69
10514.95
10515.20
10515.46
10515.72
10515.98
10516.23
10516.49
10517.78
10518.04
10518.55
10609.82
10620.65
10634.05
10694.12
10712.43
10732.02
10778.30
10848.68
10951.70
11041.94
11119.54
11169.55
11211.98
11279.52
11356.61
11418.67
11478.13
11559.34
11640.45
11718.31
11811.89
11877.89
11940.29
12023.56
12094.89
12173.53
12216.32
12251.90
12297.02
12337.50
12379.00
12423.09
12464.81
12525.78
12583.79
12618.08
12643.09
12669.38
12685.62
12700.58
12712.70
12724.81
12736.93
12752.91
12762.71
12770.96
12779.98
12788.49
12799.58
12810.66
12819.95
12829.74
12839.54
12850.11
12864.55
12874.60
12885.17
12894.71
12905.28
12915.59
12926.16
12939.31
12949.62
12959.68
12969.22
12978.50
12986.49
12994.74
13002.99
13012.27
13020.78
13029.29
13037.54
13046.16
13055.44
13064.46
13072.71
13081.74
13089.73
13097.46
13105.46
13114.74
13123.76
13130.46
13137.17
13143.87
13164.24
13184.09
13197.50
13211.42
13225.34
13237.46
13248.54
13262.98
13272.26
13286.44
13305.52
13306.29
13331.30
13372.81
13426.18
13470.00
13503.52
13534.46
13571.07
13600.20
13624.18
13631.39
13639.39
13646.35
13652.02
13660.27
13666.46
13700.49
13727.56
13730.39
13734.00
13736.84
13739.93
13742.77
13746.12
13748.44
13751.02
13753.34
13755.40
13757.46
13760.04
13762.11
13764.43
13767.78
13771.64
13774.22
13786.08
13826.56
13871.68
13883.54
14446.08
14868.12
15288.87
15325.48
8.88
67.52
115.82
167.90
219.11
268.09
319.40
368.04
418.05
469.10
516.54
566.55
613.22
663.49
729.75
765.24
813.19
863.21
910.39
960.66
1006.29
1087.66
1444.05
1869.59
2303.85
2723.30
3151.86
3567.02
4059.30
4430.86
4848.52
5290.66
5725.98
6141.50
6539.65
6981.89
7401.61
7841.80
8248.37
8666.16
9088.21
9519.53
10004.64
10418.69
10830.67
11258.86
11659.75
12063.75
12472.42
12876.57
13228.71
13627.54
14045.97
14567.50
14976.39
15390.18
15803.45
16218.64
16562.05
16703.36
16706.89
16707.15
16707.41
16714.62
16714.88
16732.93
16733.19
16733.45
16733.70
16733.96
16734.22
16734.48
16734.73
16738.34
16738.60
16738.86
16746.08
16746.34
16746.59
16746.85
16753.81
16754.07
16754.33
16761.55
16761.80
16762.06
16769.28
16769.54
16769.80
16770.05
16777.02
16777.27
16777.53
16785.01
16785.27
16792.48
16792.74
16793.00
16800.22
16800.48
16800.73
16800.99
16828.06
16828.32
16828.58
16828.84
16829.09
16829.35
16829.61
16829.87
16830.12
16830.38
16831.93
16832.19
16832.45
16839.66
16839.92
16840.18
16847.40
16847.66
16847.91
16855.13
16855.39
16855.65
16856.16
16856.42
16856.68
16857.45
16857.71
16858.23
16863.12
16947.52
16954.48
17014.30
17036.73
17055.86
17075.20
17095.82
17115.93
17134.94
17211.70
17280.79
17373.86
17451.85
17536.41
17624.43
17702.03
17774.48
17860.36
17952.66
18040.32
18132.61
18201.36
18265.29
18354.24
18429.00
18524.65
18627.00
18709.76
18792.26
18891.00
18978.82
19084.88
19161.45
19217.13
19259.67
19305.05
19355.58
19399.41
19441.69
19480.52
19526.46
19573.90
19622.37
19675.22
19748.96
19814.18
19878.05
19946.89
20012.12
20073.48
20109.31
20138.70
20169.38
20201.09
20232.03
20260.91
20288.75
20312.46
20339.54
20356.55
20367.38
20378.21
20391.36
20402.44
20413.53
20423.84
20434.93
20445.50
20457.10
20467.93
20482.11
20493.96
20504.79
20516.39
20526.45
20536.25
20546.04
20557.90
20567.70
20576.46
20586.26
20598.12
20609.98
20621.32
20639.63
20652.52
20667.99
20680.62
20691.71
20700.73
20710.79
20720.84
20730.89
20740.69
20754.10
20763.89
20773.43
20783.49
20793.03
20801.54
20810.04
20819.32
20828.09
20835.82
20844.33
20852.35
20862.92
20871.95
20880.45
20889.22
20897.47
20907.52
20916.03
20924.80
20933.05
20941.55
20951.35
20960.38
20969.40
20978.68
20987.70
20996.73
21006.52
21015.80
21025.86
21034.88
21044.16
21052.41
21059.89
21066.85
21074.84
21081.80
21088.51
21095.47
21102.95
21110.16
21118.93
21130.02
21144.45
21169.46
21191.63
21209.16
21215.61
21231.08
21248.61
21261.76
21273.88
21285.99
21297.34
21311.26
21323.63
21336.52
21349.67
21357.41
21366.17
21378.29
21392.47
21393.50
21407.42
21450.73
21498.69
21539.94
21587.89
21625.02
21682.77
21727.11
21773.52
21812.19
21846.48
21875.35
21899.59
21928.20
21934.91
21942.12
21948.57
21955.79
21961.72
21968.94
21975.38
21981.57
21989.82
21997.55
22004.26
22027.20
22068.97
22098.88
22101.71
22103.77
22106.61
22109.96
22112.02
22114.09
22116.41
22119.50
22121.82
22124.66
22127.75
22130.84
22133.42
22135.23
22137.29
22139.87
22142.45
22144.51
22147.60
22149.66
22151.73
22154.82
22158.43
22161.01
22164.10
22167.20
22169.26
22172.35
22186.53
22229.07
22272.17
22324.50
22357.50
22386.12
23194.88
23666.68
24085.62
24525.71
24694.32
