7.35
74.45
123.61
162.54
198.12
232.23
261.37
287.92
312.41
337.94
342.73
10.61
76.64
127.61
179.95
227.30
266.75
311.61
351.05
384.57
425.86
461.95
495.98
525.12
558.89
590.09
616.12
647.58
678.52
707.65
734.98
758.18
787.05
813.87
860.02
868.51
890.16
916.46
940.95
963.90
986.59
1004.12
1027.84
1050.52
1071.66
1091.77
1107.76
1127.87
1149.27
1169.38
1188.20
1205.98
1223.26
1237.70
1256.77
1279.46
1297.25
1314.27
1330.25
1345.46
1357.84
1375.11
1392.64
1410.17
1425.64
1440.59
1454.77
1468.44
1479.27
1494.73
1510.46
1525.41
1539.59
1553.00
1565.89
1578.27
1590.90
1600.18
1613.84
1628.02
1641.43
1654.32
1666.70
1678.55
1732.44
1737.93
1750.31
1763.46
1775.83
1787.69
1799.04
1810.12
1820.95
1831.26
1841.32
1852.66
1858.33
1871.22
1881.54
1892.62
1903.71
1914.02
1924.07
1934.13
1943.67
1953.21
1962.23
1972.03
1977.44
1988.01
1998.32
2008.38
2018.43
2028.23
2037.77
2046.79
2055.82
2064.58
2073.09
2081.60
2091.39
2095.26
2104.80
2114.08
2123.62
2132.64
2141.93
2150.69
2159.46
2167.71
2176.21
2184.46
2192.20
2200.19
2210.50
2212.82
2221.07
2229.58
2238.35
2246.86
2255.36
2263.61
2271.86
2279.60
2287.59
2295.32
2302.80
2310.28
2317.75
2325.23
2330.39
2381.36
2459.91
2573.73
2697.83
3021.86
3360.04
3697.90
4067.41
4386.02
4728.40
5083.44
5410.86
5760.90
6079.55
6453.88
6788.50
7148.18
7508.51
7600.55
8293.10
8627.74
9014.18
9357.59
9693.78
9862.90
9948.24
10241.89
10510.01
10551.78
10579.20
10604.72
10649.84
10695.73
10740.85
10805.30
10877.49
10903.01
10906.11
10988.09
11048.53
11099.32
11119.95
11176.41
11239.27
11309.04
11383.03
11458.91
11533.40
11608.54
11651.59
11690.52
11727.64
11774.05
11829.22
11876.92
11927.19
11972.31
12013.04
12035.71
12077.21
12111.76
12158.94
12196.58
12217.21
12218.50
12219.53
12220.56
12239.12
12252.01
12298.42
12344.57
12396.64
12420.88
12439.44
12445.63
12446.14
12447.18
12447.95
12448.21
12448.46
12450.53
12452.59
12454.39
12456.46
12457.49
12459.81
12460.32
12461.36
12741.34
13311.88
13524.83
