9.73
153.64
9.75
77.08
375.98
423.16
9.64
75.80
136.64
448.93
690.41
691.70
764.92
846.41
9.75
74.29
133.48
191.23
455.33
822.30
1138.32
1220.04
1293.55
1334.55
8.87
71.83
129.52
185.98
242.49
377.30
745.57
1109.41
1478.40
1670.46
1689.80
1781.84
1848.29
1896.24
1955.21
9.24
71.17
127.60
182.77
238.27
292.67
342.94
595.20
959.71
1359.17
1689.29
2047.20
2224.36
2227.20
2259.17
2359.20
2431.17
2518.57
2578.14
2624.55
2677.14
2914.85
8.15
68.92
123.44
176.55
230.59
283.18
335.26
388.63
435.46
647.96
996.32
1335.95
1690.20
2029.98
2370.25
2726.85
2893.11
2896.73
2900.85
2968.14
3046.26
3119.74
3221.68
3296.19
3338.45
3397.23
3473.02
3495.20
3812.82
10.66
68.27
121.49
173.57
226.02
277.58
330.69
380.57
432.13
482.92
528.04
681.20
1041.67
1376.52
1727.02
2093.92
2407.88
2805.71
3083.63
3440.22
3759.24
3763.11
3771.62
3818.29
3900.02
3968.08
4066.77
4141.28
4241.30
4271.21
4308.59
4355.96
4412.94
4465.79
4661.47
4873.39
8.68
66.71
118.75
169.54
221.68
271.70
321.45
371.98
422.88
473.67
523.17
573.18
622.68
704.42
946.04
1281.12
1622.58
1974.16
2312.49
2651.69
2992.29
3350.21
3678.64
4065.11
4335.59
4496.72
4532.11
4537.52
4542.41
4545.77
4637.80
4686.68
4749.07
4794.49
4941.70
5035.21
5121.98
5184.38
5222.02
5274.09
5319.21
5374.30
5428.96
5485.10
5513.46
5832.38
6028.31
8.18
66.08
117.77
167.53
217.95
267.96
317.72
366.96
417.56
467.06
516.05
564.00
612.98
666.09
710.44
759.15
861.23
1101.23
1438.11
1781.33
2135.27
2553.88
2821.18
3163.97
3527.00
3857.44
4235.45
4524.63
4906.10
5243.58
5485.67
5571.40
5635.34
5719.14
5807.32
5847.54
5927.71
6053.59
6150.02
6264.21
6330.40
6384.12
6422.80
6477.97
6538.94
6595.40
6632.01
6691.57
6748.54
6757.31
7181.67
7387.66
8.69
65.69
116.63
165.36
215.56
265.32
313.53
362.00
412.34
460.81
509.79
557.75
605.18
652.62
701.35
767.09
799.61
847.56
881.85
1012.30
1227.62
1594.06
1942.62
2304.13
2695.87
3021.23
3379.40
3755.01
4101.51
4441.93
4836.85
5194.18
5545.39
5918.36
6269.44
6474.02
6538.96
6541.27
6547.98
6555.45
6566.28
6569.63
6621.20
6706.31
6773.60
6866.67
6888.84
6984.77
7125.28
7247.60
7358.46
7415.95
7524.49
7560.84
7593.59
7647.96
7704.52
7761.75
7818.21
7856.11
7898.65
7952.75
7998.64
8458.58
8758.16
9.77
65.25
114.70
162.91
211.67
259.37
307.06
355.02
403.61
451.56
499.51
546.69
593.10
639.76
687.71
733.86
784.11
831.55
878.73
924.88
972.06
1014.34
1123.90
1271.67
1582.16
1957.42
2313.70
2787.04
3028.46
3441.90
3767.07
4115.89
4547.08
4829.91
5216.57
5574.93
5932.26
6308.19
6664.17
7084.34
7424.65
7635.80
7816.52
7890.13
7942.55
8060.37
8077.39
8121.18
8172.74
8322.77
8469.12
8546.98
8662.74
8737.76
8806.34
8883.09
8929.24
8968.68
9024.11
9081.33
9137.54
9192.19
9245.82
9304.34
9359.51
9413.91
9462.38
9801.92
10330.69
10360.60
8.95
64.27
112.82
160.52
208.92
255.58
303.28
350.46
398.46
445.38
492.30
538.45
585.63
631.26
677.93
724.07
773.45
819.60
866.78
912.93
958.82
1005.48
1051.63
1097.27
1143.41
1199.76
1342.76
1488.00
1809.38
2158.71
2491.88
2838.93
3174.83
3507.50
3876.83
4213.28
4530.25
4870.44
5250.94
5591.00
5898.34
6280.92
6592.41
7172.23
7327.81
7655.23
7995.80
8304.14
8696.77
8831.86
8945.82
8975.30
8977.61
8984.57
8992.05
8999.79
9007.26
9015.00
9023.25
9025.57
9077.39
9159.97
9179.11
9249.79
9322.10
9381.39
9434.25
9468.26
9603.36
9712.93
9862.46
9998.84
10059.20
10180.02
10247.05
10313.05
10361.26
10392.45
10427.77
10494.80
10556.88
10611.54
10671.61
10728.32
10782.46
10836.35
10891.78
10948.75
11004.77
11009.41
11060.98
11636.93
12065.93
8.91
62.52
110.61
157.01
204.69
251.09
297.50
343.13
390.85
437.00
483.14
528.52
574.15
619.53
664.90
710.79
758.89
804.52
850.15
895.53
940.90
986.28
1031.14
1076.51
1121.37
1165.97
1210.57
1254.66
1299.52
1357.98
1506.06
1642.27
1870.81
2200.68
2539.73
2966.89
3241.38
3562.56
3946.47
4265.24
4587.25
4986.93
5301.09
5639.04
5974.54
6308.41
6662.84
6999.03
7392.73
7717.57
8057.89
8396.91
8703.38
9024.87
9369.05
9713.33
10509.45
10557.58
10621.92
10638.47
10703.44
10747.53
10807.34
10897.80
10955.04
10993.71
11114.37
11229.61
11354.39
11467.84
11593.75
11705.64
11791.23
11859.04
11932.51
11982.53
12014.50
12036.67
12080.74
12139.52
12204.75
12263.53
12322.00
12377.20
12434.18
12492.67
12550.42
12604.82
12661.79
12729.08
12756.93
12883.51
13455.34
13977.67
8.35
62.29
108.73
153.59
200.26
245.64
290.24
335.36
381.36
426.74
470.82
515.94
560.54
604.11
648.71
693.32
737.66
784.45
828.53
873.39
917.48
961.82
1005.91
1049.48
1094.08
1137.13
1181.22
1225.05
1268.36
1312.19
1354.98
1400.10
1443.93
1476.67
1585.03
1731.61
1887.46
2098.93
2453.72
2796.13
3165.03
3547.67
3951.47
4241.61
4574.77
4921.21
5336.08
5665.45
6020.45
6373.40
6752.10
7093.96
7502.27
7857.79
8198.36
8553.63
8838.72
9207.03
9568.48
9931.36
10376.54
10736.19
11093.77
11448.52
11611.72
11733.15
11783.66
11788.55
11796.03
11803.76
11811.24
11818.71
11826.45
11834.96
11841.40
11853.78
11857.39
11865.38
11955.61
12020.70
12098.56
12103.20
12146.74
12193.66
12273.84
12324.89
12399.91
12483.18
12599.46
12719.52
12859.51
12938.40
13054.21
13140.32
13258.39
13362.55
13467.26
13518.57
13561.62
13605.45
13635.61
13665.04
13716.08
13770.48
13826.17
13883.40
13941.93
14000.13
14057.62
14116.41
14172.09
14224.43
14279.34
14332.97
14386.08
14439.45
14473.22
15042.21
15569.70
15873.40
8.71
61.89
107.39
152.25
198.42
242.77
287.88
331.45
375.54
421.73
466.59
512.23
553.73
597.82
641.39
684.96
729.05
775.85
819.16
863.51
907.34
950.13
993.96
1037.27
1080.07
1124.16
1166.95
1209.75
1253.06
1296.12
1338.91
1383.52
1426.05
1469.11
1551.35
1561.13
1605.47
1648.53
1671.99
1807.20
1965.86
2128.47
2292.01
2643.88
2987.25
3355.43
3720.75
4081.13
4456.36
4777.17
5132.63
5581.03
5874.20
6233.96
6588.71
6966.91
7612.55
7726.81
8085.69
8428.58
8787.20
9110.17
9464.17
9808.61
10173.67
10621.48
10984.22
11346.45
11707.64
12067.29
12426.94
12787.88
13132.54
13225.09
13276.14
13317.43
13323.87
13331.35
13338.82
13346.56
13354.04
13361.77
13369.25
13376.72
13386.26
13390.64
13398.64
13518.00
13552.07
13627.82
13675.95
13687.03
13741.96
13802.04
13855.14
13914.18
13995.65
14059.95
14209.48
14319.05
14418.05
14550.31
14644.41
14755.53
14822.04
14888.82
14993.23
15105.64
15220.03
15324.70
15368.01
15396.11
15434.53
15489.70
15517.54
15572.97
15628.14
15682.03
15737.20
15792.37
15848.32
15904.52
15956.34
16008.16
16061.01
16114.38
16169.55
16225.75
16282.21
16336.10
16360.07
16900.71
17438.25
17950.26
8.71
60.31
105.64
149.98
197.68
238.37
281.94
324.73
368.05
413.83
456.62
499.94
542.22
585.02
627.55
670.09
713.66
771.67
801.31
844.37
886.91
929.45
971.73
1017.88
1056.03
1098.31
1140.34
1182.62
1224.64
1266.41
1308.17
1349.42
1393.25
1435.02
1477.30
1553.87
1566.29
1609.09
1651.37
1693.65
1736.45
1778.73
1821.01
1854.78
1934.88
2097.73
2249.78
2415.30
2569.99
2908.55
3271.35
3608.11
3972.91
4324.51
4713.72
5013.04
5362.89
5831.80
6108.38
6452.02
6804.19
7154.56
7580.56
7943.06
8286.21
8639.67
8977.81
9299.82
9673.32
9987.59
10751.23
10794.57
11154.99
11516.18
11872.74
12230.84
12588.43
12944.21
13358.71
13668.43
14022.66
14376.12
14627.55
14742.02
14810.08
14878.63
14884.56
14891.78
14899.25
14906.99
14914.46
14921.94
14929.68
14937.15
14944.89
14952.36
14962.16
14964.22
14968.61
15024.55
15102.76
15191.57
15242.36
15352.61
15357.76
15387.15
15437.12
15477.08
15522.20
15579.68
15627.89
15699.31
15813.43
15960.38
16106.82
16172.56
16281.36
16362.83
16476.01
16590.47
16654.15
16742.32
16813.48
16863.75
16950.89
17008.64
17096.55
17170.55
17193.49
17223.91
17276.25
17329.54
17389.10
17440.40
17496.09
17550.23
17604.63
17658.77
17710.33
17764.47
17820.68
17874.30
17925.35
17975.15
18026.46
18078.02
18130.87
18183.72
18235.54
18289.94
18304.89
18660.93
19212.14
19740.14
20100.82
9.12
60.25
104.87
148.18
191.75
236.38
279.18
321.20
364.51
409.54
452.86
494.88
537.16
579.44
621.98
664.26
706.80
749.08
794.41
837.21
880.01
922.29
964.31
1006.34
1047.84
1090.12
1131.89
1173.91
1214.91
1256.16
1298.18
1339.69
1382.48
1424.51
1466.27
1506.49
1555.82
1597.07
1638.84
1681.38
1723.40
1765.16
1806.16
1847.66
1889.95
1931.71
1973.22
2014.47
2047.73
2126.59
2290.38
2443.63
2611.15
2760.68
2948.70
3290.25
3656.14
4010.16
4398.95
4732.03
5074.82
5427.83
5818.22
6186.48
6520.23
6875.74
7229.71
7694.83
8014.00
8367.82
8725.66
9079.48
9388.34
9746.96
10080.79
10594.87
10892.88
11257.10
11618.04
11979.75
12343.01
12699.82
13059.21
13418.74
13787.86
14144.67
14503.80
15386.68
15679.55
16041.00
16368.94
16533.68
16693.01
16741.99
16783.33
16789.78
16797.25
16804.73
16812.21
16819.94
16827.42
16834.89
16842.37
16850.11
16857.58
16865.06
16873.05
16879.50
16884.14
16889.04
16924.61
17018.58
17111.36
17152.54
17261.81
17306.00
17359.37
17412.99
17483.37
17546.79
17587.27
17638.06
17680.34
17762.58
17910.82
18057.52
18205.76
18357.91
18415.91
18521.10
18611.85
18718.07
18815.27
18948.81
19006.56
19111.23
19161.25
19210.23
19244.27
19333.30
19395.95
19423.79
19446.22
19484.89
19551.66
19618.18
19674.64
19726.46
19782.93
19843.51
19902.29
19956.69
20011.03
20066.72
20120.34
20176.03
20231.46
20286.89
20341.55
20394.40
20445.45
20497.27
20550.63
20603.48
20654.27
20669.48
20800.45
21428.23
21959.06
22500.21
22688.41
8.84
59.71
104.19
146.47
189.01
233.38
275.15
317.95
360.48
405.09
447.12
488.88
531.42
572.93
615.21
656.46
698.48
741.28
786.63
827.88
870.68
912.70
953.95
995.71
1037.48
1078.73
1120.75
1161.49
1203.25
1244.76
1286.01
1327.52
1367.74
1410.54
1452.30
1493.81
1541.31
1582.30
1624.84
1666.87
1707.60
1750.14
1790.88
1832.90
1874.92
1915.40
1957.42
1997.90
2041.47
2081.17
2121.65
2163.41
2204.41
2246.17
2273.86
2422.42
2576.10
2742.58
2915.70
3094.27
3251.23
3600.57
3946.97
4296.82
4684.94
5017.77
5361.07
5750.02
6101.94
6487.30
6797.52
7154.19
7506.11
7917.87
8291.25
8643.80
8998.55
9317.22
9661.14
10018.21
10364.75
10800.43
11159.56
11518.44
11877.57
12238.77
12597.39
12953.43
13313.59
13670.15
14038.81
14395.88
14751.15
15241.90
15597.32
15954.91
16281.81
16639.14
16997.76
17355.34
17634.55
17988.79
18233.97
18312.09
18483.79
18529.68
18577.76
18581.88
18588.59
18596.06
18603.54
18611.02
18618.75
18626.23
18633.70
18641.18
18648.91
18656.65
18664.90
18671.60
18679.08
18688.88
18691.97
18694.55
18699.19
18759.00
18850.54
18887.65
18962.89
19018.06
19018.57
19051.57
19133.04
19201.36
19286.45
19379.52
19441.00
19505.96
19544.89
19581.25
19607.54
19746.79
19891.16
20036.09
20184.37
20302.45
20362.00
20476.47
20605.12
20712.23
20808.66
20919.26
21019.03
21103.43
21170.98
21253.22
21330.05
21373.88
21414.61
21445.82
21482.95
21510.54
21527.04
21582.72
21646.92
21710.08
21775.31
21840.02
21897.77
21950.64
22005.55
22064.34
22125.70
22184.48
22237.84
22295.59
22353.09
22412.38
22468.84
22519.63
22571.45
22625.59
22680.25
22733.10
22788.02
22840.61
22886.76
23051.76
23687.27
24223.52
24764.66
25135.14
9.76
59.18
101.20
144.68
186.18
228.57
270.59
311.33
353.61
397.07
437.81
479.32
520.31
561.04
601.78
641.74
682.99
724.50
768.04
808.51
848.99
890.50
930.71
971.45
1012.44
1051.63
1092.88
1132.84
1172.80
1213.54
1252.98
1292.94
1333.42
1373.12
1414.63
1454.07
1494.55
1540.56
1581.55
1621.25
1662.25
1702.21
1742.43
1783.68
1823.38
1863.08
1904.07
1943.78
1983.22
2024.73
2064.18
2103.88
2144.87
2184.32
2224.02
2264.75
2303.94
2343.64
2383.86
2423.57
2462.50
2487.03
2631.29
2786.25
2946.06
3118.46
3299.50
3448.25
3602.24
3945.59
4289.54
4663.19
5022.29
5335.02
5699.42
6078.24
6428.61
6822.26
7120.79
7406.59
7760.05
8169.77
8538.54
8894.77
9243.21
9560.57
9898.36
10254.39
10578.46
11025.95
11385.08
11745.38
12105.29
12465.19
12824.32
13178.82
13532.79
13885.54
14327.48
14612.10
14968.66
15454.23
15809.96
16162.65
16514.31
16840.70
17198.29
17553.81
17895.93
18149.36
18464.66
18824.57
19184.21
19545.63
19912.08
20165.25
20253.94
20369.18
20415.85
20443.71
20450.92
20458.40
20465.88
20473.35
20480.83
20488.56
20495.78
20503.52
20510.73
20518.47
20525.95
20533.42
20540.90
20548.38
20556.11
20563.59
20570.80
20583.70
20587.56
20589.88
20594.52
20644.54
20731.94
20765.96
20839.18
20931.61
20999.99
21066.51
21131.93
21223.46
21301.47
21391.19
21470.09
21517.52
21562.12
21590.16
21702.31
21846.94
21984.07
22125.10
22254.78
22390.39
22529.35
22669.08
22720.64
22760.86
22876.36
22996.47
23097.54
23185.96
23266.29
23321.72
23416.59
23481.30
23536.99
23593.97
23637.80
23665.90
23692.71
23711.27
23748.40
23795.84
23855.13
23914.43
23970.43
24035.40
24096.76
24157.61
24217.16
24272.85
24326.99
24374.94
24422.12
24476.26
24534.79
24591.50
24647.19
24703.91
24761.92
24814.77
24868.14
24921.50
24974.10
25026.50
25080.64
25132.74
25183.53
25232.51
25659.96
26241.85
26764.43
27299.65
27726.07
8.67
58.12
99.89
141.50
181.72
223.27
265.04
305.26
345.99
387.71
427.93
467.89
508.62
548.33
587.77
627.99
666.92
707.66
747.36
791.07
830.77
870.99
911.98
951.43
990.88
1032.38
1070.02
1109.21
1149.17
1188.36
1227.55
1266.48
1305.41
1344.08
1382.75
1423.74
1463.45
1502.12
1548.07
1587.51
1627.99
1667.18
1706.88
1746.58
1785.51
1824.44
1864.92
1904.62
1943.81
1982.48
2022.44
2060.86
2100.04
2138.97
2178.68
2217.86
2257.05
2295.46
2334.65
2373.07
2411.48
2450.41
2488.82
2528.01
2567.20
2605.61
2644.29
2683.21
2688.43
2830.14
2980.95
3145.85
3318.13
3456.06
3637.43
3796.61
3982.10
4253.43
4599.32
4968.88
5350.39
5653.36
6085.66
6390.28
6738.58
7174.19
7458.70
7790.51
8201.06
8555.29
8926.80
9290.85
9610.99
9951.41
10307.97
10648.02
11093.25
11422.55
11783.49
12143.25
12503.93
12863.58
13222.71
13580.56
13936.91
14292.19
14715.40
15015.75
15503.41
15857.39
16210.93
16568.26
16924.04
17248.89
17605.44
17963.54
18315.46
18517.58
18879.55
19241.78
19602.20
20013.32
20329.14
20693.43
21056.17
21417.37
21853.36
22304.73
22496.02
22607.40
22706.66
22755.64
22797.07
22801.45
22808.41
22815.89
22823.37
22830.84
22838.32
22845.80
22853.27
22861.01
22868.48
22875.96
22883.44
22890.91
22898.39
22905.87
22913.34
22920.82
22928.30
22940.16
22943.51
22945.83
22948.15
22957.69
23053.59
23113.20
23177.34
23269.39
23326.11
23396.23
23461.27
23523.66
23590.71
23694.61
23704.92
23752.36
23839.75
23925.36
23997.81
24039.57
24088.04
24232.73
24380.45
24515.03
24658.89
24789.60
24915.93
25049.48
25116.51
25140.23
25265.52
25396.02
25530.85
25574.42
25709.00
25822.95
25936.91
26015.28
26095.98
26149.60
26204.00
26261.49
26324.66
26363.59
26385.76
26409.99
26437.58
26481.66
26533.29
26585.37
26640.02
26693.65
26752.95
26808.38
26864.58
26924.65
26985.75
27045.30
27104.60
27161.32
27218.04
27272.44
27328.64
27329.16
27351.33
27400.05
27452.65
27500.05
27554.71
27612.97
27667.63
27722.80
27776.17
27829.79
27882.90
27934.98
27988.86
28043.78
28097.92
28102.56
28117.25
28776.74
29328.20
29859.81
30399.93
30878.68
9.94
56.86
99.33
141.18
181.66
223.25
263.21
303.68
343.39
386.14
426.10
466.57
506.28
545.46
584.91
624.10
663.54
704.02
743.21
785.70
824.88
864.33
904.03
943.48
982.92
1021.85
1061.30
1100.48
1139.41
1178.34
1217.02
1255.69
1294.36
1332.52
1371.45
1412.70
1451.62
1490.30
1568.41
1575.06
1614.51
1653.95
1693.40
1732.59
1771.77
1810.96
1850.15
1889.08
1928.27
1967.20
2006.12
2045.05
2083.98
2122.40
2161.33
2200.00
2238.93
2277.86
2316.79
2355.20
2393.62
2432.03
2470.19
2508.34
2546.24
2585.17
2623.07
2660.97
2699.90
2737.80
2775.44
2834.22
2854.59
2893.52
2932.45
2935.02
3076.82
3227.52
3390.31
3566.35
3747.52
3914.32
4074.50
4264.37
4431.43
4732.07
5103.43
5450.80
5796.12
6171.23
6538.93
6867.12
7217.74
7608.33
7910.12
8321.11
8673.03
9027.78
9397.34
9746.03
10063.11
10417.09
10775.19
11198.71
11618.82
11883.08
12243.50
12604.27
12962.37
13322.02
13679.34
14038.32
14391.45
14747.48
15139.37
15600.71
15957.00
16312.27
16665.77
17021.04
17375.27
17701.14
18056.93
18413.22
18691.14
18967.52
19328.46
19690.43
20049.84
20436.08
20779.48
21141.20
21500.84
21857.80
22415.70
22775.98
23134.86
23496.57
23855.45
24213.80
24486.05
24545.09
24717.31
24752.38
24999.55
25002.41
25003.70
25005.77
25008.09
25012.47
25084.14
25164.06
25230.58
25314.51
25371.39
25425.43
25427.23
25494.29
25557.97
25594.57
25638.66
25689.96
25761.89
25816.03
25888.36
25959.26
26029.64
26121.55
26184.46
26280.88
26360.80
26495.89
26638.21
26783.36
26921.80
27042.97
27186.57
27315.23
27405.21
27494.93
27625.12
27732.37
27860.25
27964.14
28025.25
28146.42
28257.54
28392.11
28510.96
28552.73
28598.36
28638.84
28675.96
28709.52
28732.47
28759.28
28792.54
28847.71
28902.37
28958.05
29014.26
29066.85
29119.19
29173.59
29226.44
29281.61
29343.23
29399.69
29455.63
29511.58
29571.13
29625.53
29681.11
29736.80
29786.55
29839.92
29894.84
29948.72
30006.98
30062.67
30117.33
30169.41
30222.77
30279.23
30332.60
30387.00
30439.85
30491.67
30544.78
30598.41
30650.48
30659.51
31039.78
31680.70
32211.02
32744.95
33285.07
33689.84
9.96
56.63
97.36
139.31
177.98
219.32
258.51
298.21
336.63
376.07
417.57
457.27
496.20
535.39
573.29
611.18
649.86
689.04
728.49
770.51
808.93
848.63
887.30
925.97
963.36
1002.54
1041.73
1079.37
1118.04
1156.46
1193.32
1231.74
1270.41
1308.57
1346.72
1383.59
1423.81
1462.22
1500.38
1572.31
1584.21
1622.11
1661.29
1700.22
1738.38
1776.02
1814.95
1854.14
1892.29
1930.96
1969.64
2007.02
2045.69
2084.36
2122.00
2160.42
2198.57
2235.70
2274.11
2312.27
2350.68
2388.58
2425.45
2463.35
2501.50
2539.66
2577.56
2614.68
2652.58
2690.22
2728.12
2766.02
2803.40
2844.65
2882.55
2920.96
2958.61
2996.50
3034.40
3072.30
3178.52
3200.32
3227.39
3265.07
3406.77
3556.61
3717.50
3888.45
4064.91
4225.27
4405.78
4564.59
4725.98
4882.21
5151.68
5483.95
5814.41
6167.35
6506.82
6825.48
7164.79
7497.62
7830.74
8175.36
8554.43
8892.42
9227.32
9610.14
9913.82
10212.29
10547.96
10880.28
11308.89
11629.87
11966.83
12280.41
12622.52
12962.21
13303.29
13641.80
13983.14
14320.69
14658.68
14997.19
15334.41
15857.45
16161.41
16499.41
16836.11
17174.88
17513.64
17851.38
18158.69
18497.71
18762.48
19102.54
19365.25
19707.11
20049.99
20392.88
20735.52
21081.52
21425.96
21765.36
22407.57
22656.77
22997.09
23337.30
23681.22
24023.34
24364.68
24704.22
25044.02
25383.81
25723.09
26062.63
26402.69
26659.98
26731.14
26875.77
26942.55
26995.14
27025.56
27028.65
27036.12
27043.60
27051.08
27058.81
27066.03
27073.51
27080.98
27088.72
27095.94
27103.41
27110.89
27118.37
27125.84
27134.09
27140.80
27148.27
27155.75
27163.23
27170.70
27178.18
27185.66
27193.13
27201.90
27208.09
27216.85
27217.37
27223.04
27225.10
27227.16
27231.29
27284.91
27363.52
27429.78
27517.94
27568.94
27624.59
27689.30
27735.96
27803.59
27897.44
27936.37
28012.94
28057.80
28107.55
28183.09
28235.95
28294.86
28377.11
28441.30
28515.04
28608.11
28755.57
28899.43
29043.04
29107.23
29180.96
29313.43
29455.22
29598.82
29722.32
29754.54
29842.46
29980.13
30084.54
30138.17
30174.00
30228.40
30354.47
30446.51
30565.62
30630.85
30737.32
30851.77
30956.70
31068.59
31162.44
31208.59
31245.97
31273.04
31301.91
31320.22
31355.49
31407.31
31463.52
31514.56
31569.22
31624.65
31682.66
31735.37
31790.02
31845.45
31899.59
31957.09
32006.84
32060.07
32114.73
32166.03
32223.52
32279.47
32327.94
32380.27
32431.84
32482.62
32531.35
32581.62
32630.61
32679.34
32731.41
32781.95
32831.45
32884.81
32935.60
32988.71
33043.62
33095.70
33152.42
33207.08
33258.64
33308.14
33360.73
33387.03
33913.23
34542.80
35071.06
35607.05
36153.36
36683.68
36704.30
9.54
56.80
97.17
137.65
176.32
216.99
256.18
295.11
332.75
372.45
413.89
451.53
490.46
529.39
568.32
605.19
644.38
682.27
719.91
759.10
800.43
839.10
877.51
915.15
953.31
992.24
1030.14
1067.26
1105.42
1143.83
1180.44
1218.60
1255.98
1292.59
1331.26
1368.39
1410.15
1445.73
1482.86
1519.98
1565.64
1603.29
1641.44
1680.11
1717.75
1754.88
1793.04
1831.71
1868.32
1906.47
1943.86
1980.72
2019.91
2057.29
2094.16
2132.32
2169.96
2206.57
2244.46
2281.85
2318.20
2356.61
2393.48
2429.83
2467.99
2505.37
2541.46
2578.85
2616.49
2652.32
2690.48
2726.83
2763.96
2800.82
2854.96
2877.91
2915.55
2953.19
2989.54
3027.70
3064.57
3187.29
3189.72
3228.91
3266.55
3303.68
3341.32
3379.47
3416.86
3453.72
3484.14
3498.59
3648.16
3803.80
3956.69
4136.45
4317.54
4484.86
4672.17
4836.14
5006.04
5170.00
5368.95
5596.03
5945.51
6275.80
6714.03
7012.07
7414.80
7708.70
8061.95
8576.65
8833.43
9169.35
9523.59
9875.24
10244.23
10561.69
10913.77
11291.98
11708.17
12047.71
12402.72
12730.48
13086.52
13444.00
13803.13
14161.49
14516.64
14872.94
15230.01
15585.27
16072.23
16440.14
16795.15
17151.96
17506.83
17860.55
18214.52
18561.28
18893.09
19172.30
19529.37
19810.64
20162.51
20522.68
20881.04
21240.43
21605.70
21962.89
23370.55
23598.07
23957.72
24315.30
24673.92
25033.57
25389.87
25745.39
26102.72
26459.02
26816.09
27173.41
27529.97
27887.30
28243.59
28601.44
28867.24
28938.91
29084.57
29166.04
29193.11
29465.95
29473.72
29473.98
29479.65
29481.71
29483.78
29488.68
29503.63
29615.00
29653.54
29689.39
29771.11
29810.82
29923.51
29996.99
30049.58
30097.54
30186.22
30294.93
30340.31
30401.41
30462.25
30505.02
30554.26
30635.73
30677.75
30730.60
30811.30
30880.13
30944.33
31091.54
31235.32
31378.92
31523.81
31667.93
31811.79
31939.66
32053.62
32183.55
32285.39
32367.89
32510.72
32615.65
32698.56
32820.50
32933.17
33011.29
33088.60
33170.07
33279.64
33288.66
33324.24
33393.59
33485.38
33568.36
33646.99
33743.67
33793.17
33822.56
33853.50
33865.87
33905.83
33957.14
34009.99
34063.61
34119.04
34174.47
34230.93
34287.39
34345.92
34403.27
34457.67
34513.87
34569.30
34625.50
34682.48
34738.43
34792.05
34846.19
34898.01
34953.44
35005.78
35058.63
35110.45
35161.50
35214.35
35265.14
35313.86
35331.91
35349.18
35399.71
35449.47
35496.14
35545.64
35594.36
35644.12
35692.07
35740.54
35788.50
35837.74
35886.98
35934.93
35984.18
36031.87
36080.08
36128.55
36129.84
36608.08
37267.57
37795.57
38330.53
38879.67
39413.08
39738.70
9.52
55.69
96.27
134.86
174.05
212.65
252.09
290.51
327.63
366.82
406.05
445.50
482.88
521.30
558.68
595.29
633.45
669.54
708.98
744.82
787.00
824.89
863.05
899.40
937.56
974.17
1011.81
1048.93
1086.57
1123.96
1160.31
1197.95
1234.04
1271.43
1308.04
1345.42
1381.25
1421.21
1456.79
1494.18
1530.79
1576.25
1613.38
1651.27
1687.88
1725.78
1763.42
1799.52
1837.41
1874.02
1912.18
1947.76
1985.40
2022.52
2059.91
2097.03
2133.90
2170.77
2206.60
2243.98
2280.34
2317.72
2354.07
2391.45
2427.55
2464.93
2500.51
2538.15
2573.21
2610.85
2645.91
2683.55
2718.62
2756.26
2791.32
2828.96
2869.18
2904.24
2941.88
2977.20
3014.59
3050.94
3087.80
3193.77
3212.62
3250.26
3287.12
3324.51
3361.63
3398.76
3435.88
3471.20
3508.59
3545.20
3582.58
3618.67
3656.05
3692.15
3729.53
3750.16
3788.32
3930.36
4109.29
4240.56
4413.76
4598.62
4768.58
4957.00
5125.35
5297.05
5530.70
5662.66
5827.92
6041.32
6373.73
6751.29
7091.60
7449.38
7797.05
8146.34
8790.10
8908.47
9267.35
9604.51
9957.97
10308.18
10643.32
10996.01
11347.79
11791.62
12145.60
12483.85
12838.09
13168.74
13527.36
13885.42
14245.58
14600.70
14961.38
15318.70
15673.97
16161.21
16517.51
16886.62
17241.63
17600.51
17955.85
18312.15
18667.16
19021.91
19269.41
19628.02
19986.38
20329.86
20620.41
20982.38
21342.29
21702.96
22065.65
23271.44
23346.59
23707.02
24067.67
24427.57
24788.25
25148.68
25507.81
25865.14
26223.50
26581.86
26938.41
27297.03
27654.61
28012.97
28370.30
28728.40
29088.82
29445.89
29841.14
30155.42
30512.49
30867.75
31156.50
31264.79
31355.28
31496.82
31522.34
31584.21
31612.48
31614.03
31621.25
31628.72
31636.20
31643.42
31650.89
31658.37
31665.85
31673.32
31680.80
31688.28
31695.75
31703.23
31710.71
31718.18
31725.66
31733.14
31740.61
31748.35
31755.57
31763.04
31770.52
31778.00
31785.47
31794.24
31800.43
31807.90
31815.12
31822.86
31830.33
31841.93
31842.19
31847.61
31849.67
31851.73
31853.79
31857.92
31933.46
32030.00
32075.86
32120.70
32165.81
32266.04
32315.54
32335.30
32339.94
32407.74
32458.53
32507.77
32603.27
32710.26
32817.77
32881.54
32912.99
32998.07
33035.19
33072.83
33109.70
33166.68
33217.98
33255.36
33332.29
33390.30
33496.26
33641.15
33781.68
33927.60
34072.75
34217.64
34365.36
34513.09
34660.82
34790.50
34905.22
35022.01
35152.46
35157.36
35159.68
35299.93
35440.96
35509.54
35594.61
35655.97
35771.21
35838.03
35922.07
35969.25
36021.33
36072.12
36106.93
36195.36
36248.72
36296.42
36398.00
36473.02
36549.33
36579.50
36607.60
36640.86
36695.25
36712.01
36780.33
36844.53
36892.74
36942.75
36975.24
37013.91
37067.54
37123.48
37179.68
37236.92
37290.54
37347.00
37402.95
37460.18
37516.39
37571.04
37625.96
37678.29
37731.66
37786.06
37842.00
37893.82
37945.90
37998.50
38051.09
38104.20
38155.76
38209.13
38260.95
38307.36
38355.57
38403.52
38452.50
38500.46
38548.67
38596.88
38644.58
38692.53
38742.03
38790.76
38840.00
38887.70
38936.94
38983.86
39032.07
39082.86
39101.42
39729.45
40388.94
40916.94
41460.41
42009.29
42548.63
43031.00
8.96
56.13
94.20
134.19
171.57
212.38
249.25
288.18
324.53
364.23
403.56
442.23
478.58
517.25
553.86
591.76
628.37
665.24
703.65
739.75
781.26
819.16
855.51
893.41
930.02
967.40
1003.75
1042.16
1078.77
1115.64
1152.51
1188.34
1225.98
1262.08
1298.95
1334.52
1372.16
1408.00
1446.16
1484.05
1520.15
1564.82
1601.68
1638.29
1675.68
1712.03
1750.18
1786.28
1823.40
1859.75
1897.91
1934.26
1970.61
2006.96
2043.06
2080.96
2116.28
2153.92
2190.53
2226.62
2262.71
2298.55
2336.19
2371.51
2409.15
2445.25
2480.57
2517.95
2553.27
2590.39
2626.23
2661.55
2698.68
2733.74
2770.86
2806.44
2841.50
2881.98
2918.85
2954.17
2991.81
3027.64
3063.22
3100.61
3200.12
3226.08
3262.18
3298.79
3335.14
3372.52
3408.10
3445.74
3481.83
3517.67
3554.28
3590.37
3626.98
3663.07
3699.94
3735.78
3771.36
3809.00
3844.32
3881.96
3917.54
3953.11
3990.50
4025.82
4026.85
4133.54
4277.62
4433.25
4595.33
4757.57
4939.84
5119.07
5289.90
5452.58
5622.22
5819.12
5982.59
6145.52
6302.53
6492.15
6818.64
7183.75
7480.96
7832.79
8149.32
8483.10
8879.59
9212.42
9585.73
9890.30
10210.16
10545.31
10848.76
11204.45
11633.75
11967.66
12302.30
12640.30
12976.74
13297.72
13629.93
13952.71
14292.86
14633.95
14972.08
15312.39
15653.48
16276.25
16471.89
16809.88
17219.63
17501.93
17840.96
18177.66
18513.67
18851.66
19188.36
19455.46
19765.09
20104.37
20444.45
20783.99
21050.31
21390.37
21732.74
22077.18
22420.77
22972.11
23314.75
23654.80
23996.14
24338.00
24683.02
25023.59
25363.90
25706.53
26046.33
26386.38
26725.15
27064.95
27403.20
27742.73
28083.56
28421.04
28761.35
29100.12
29438.50
29777.53
30116.04
30448.42
30791.31
31130.85
31469.36
31809.16
32148.95
33609.29
33764.13
34105.47
34323.07
34359.93
34495.03
34599.70
34618.26
34734.54
34735.09
34742.56
34749.78
34757.52
34764.99
34772.21
34780.20
34787.16
34794.90
34802.12
34809.59
34817.07
34824.55
34832.02
34839.50
34846.98
34854.45
34861.93
34869.41
34876.62
34884.36
34891.58
34899.05
34906.53
34914.01
34921.48
34928.96
34936.44
34943.91
34951.39
34962.99
34967.63
34969.70
34971.50
34973.56
34975.62
34980.01
35068.70
35138.27
35196.55
35279.76
35324.88
35434.52
35482.73
35534.23
35583.52
35612.39
35679.38
35747.18
35780.96
35876.39
35984.41
36092.43
36186.28
36212.57
36290.18
36344.32
36382.73
36426.46
36456.89
36507.42
36565.43
36576.77
36642.25
36713.41
36859.24
36931.43
37077.35
37222.24
37365.59
37511.51
37659.75
37807.48
37955.20
38100.35
38245.24
38390.65
38474.18
38541.21
38647.94
38733.28
38807.27
38904.46
39047.04
39180.07
39280.61
39316.45
39411.32
39462.89
39555.18
39638.97
39699.56
39748.03
39789.28
39830.53
39873.07
39901.68
40016.15
40047.61
40113.09
40162.85
40191.46
40221.63
40234.00
40257.98
40314.44
40381.57
40445.77
40513.06
40578.54
40644.03
40707.96
40763.14
40790.46
40826.56
40870.13
40916.02
40971.71
41028.17
41084.89
41143.67
41204.25
41261.75
41317.43
41372.86
41427.78
41481.92
41535.29
41590.20
41641.50
41695.64
41748.50
41801.86
41855.49
41910.92
41963.00
42014.56
42064.83
42116.65
42169.25
42221.07
42271.34
42320.58
42370.86
42421.90
42475.27
42522.45
42570.66
42620.16
42669.40
42718.90
42768.40
42813.52
42860.96
42902.98
43541.58
44239.74
44775.47
45322.55
45865.76
46425.21
46956.31
47179.83
9.03
55.16
94.14
132.77
169.64
208.29
246.96
283.57
319.40
357.82
397.46
434.07
471.71
508.58
544.41
582.05
618.66
654.24
691.37
728.75
764.33
805.43
843.07
879.16
915.25
952.64
988.47
1024.82
1061.43
1097.53
1133.62
1170.49
1206.07
1241.90
1279.03
1314.09
1349.93
1386.28
1425.21
1460.01
1495.85
1532.97
1576.71
1613.32
1650.70
1686.28
1722.37
1759.75
1795.33
1831.43
1868.29
1903.61
1939.71
1976.57
2012.15
2047.73
2084.60
2120.69
2155.75
2191.33
2227.94
2263.78
2298.84
2335.71
2370.51
2405.83
2441.93
2478.02
2513.60
2547.63
2584.75
2619.82
2654.88
2690.97
2726.81
2762.13
2796.93
2833.29
2881.75
2907.79
2943.63
2978.95
3015.30
3050.36
3085.68
3208.66
3209.95
3245.53
3282.39
3318.49
3353.29
3390.42
3426.77
3461.57
3498.44
3534.54
3570.11
3606.72
3641.79
3677.62
3714.23
3750.32
3784.87
3820.96
3857.57
3893.67
3927.70
3964.57
3999.63
4035.46
4071.82
4107.65
4142.46
4189.38
4213.87
4249.71
4284.77
4316.22
4425.54
4572.07
4726.55
4895.17
5073.47
5242.85
5410.78
5601.23
5768.04
5933.29
6142.78
6310.00
6475.78
6641.55
6810.16
7028.43
7310.69
7697.23
8012.51
8372.63
8709.08
9127.61
9481.11
9831.22
10201.82
10528.12
10881.86
11200.00
11572.18
12017.14
12368.21
12723.73
13078.48
13432.20
13773.80
14139.91
14462.43
14820.89
15180.48
15539.61
15897.71
16389.89
16748.00
17108.16
17465.23
17835.32
18194.20
18550.50
18907.92
19262.15
19618.96
19901.27
20259.37
20586.79
20942.32
21298.87
21578.08
21937.73
22297.43
23546.01
23584.43
23945.37
24307.34
24666.21
25026.14
25383.98
25746.46
26105.86
26467.57
26825.15
27184.54
27542.90
27900.49
28256.01
28614.11
28972.47
29329.39
29685.95
30043.54
30403.70
30760.00
31108.21
31464.51
31819.78
32177.88
34108.64
34267.63
34562.05
34913.34
35271.19
35628.77
35985.84
36342.91
36674.46
36801.56
36955.48
36957.02
37091.34
37203.49
37225.41
37296.30
37337.81
37340.64
37346.57
37353.79
37361.27
37368.74
37375.96
37383.44
37391.69
37398.13
37405.61
37413.09
37420.56
37427.78
37435.26
37442.73
37449.95
37457.69
37464.91
37472.38
37479.86
37487.34
37494.55
37502.03
37509.77
37516.73
37524.20
37531.68
37539.16
37546.63
37553.85
37561.33
37568.55
37576.02
37583.50
37594.07
37598.20
37600.00
37602.06
37603.87
37605.93
37607.73
37611.86
37709.57
37769.06
37825.78
37907.45
37951.96
37996.64
38036.86
38072.18
38216.81
38221.20
38277.48
38324.66
38392.47
38458.97
38527.55
38596.38
38700.54
38803.66
38908.59
39000.75
39031.43
39086.08
39142.03
39198.75
39242.57
39277.09
39308.80
39330.72
39368.36
39388.98
39512.22
39581.05
39718.21
39836.03
39945.86
40077.09
40185.11
40331.03
40476.70
40620.55
40764.93
40812.62
40946.69
41088.97
41211.17
41321.26
41466.92
41612.84
41734.27
41839.46
41865.50
41971.98
42043.39
42143.68
42230.82
42371.33
42490.44
42551.80
42615.99
42676.06
42743.09
42810.64
42913.51
42955.02
43005.55
43068.97
43094.75
43134.45
43175.26
43208.52
43226.82
43311.38
43341.29
43361.14
43385.12
43404.20
43420.18
43463.23
43528.46
43595.23
43657.37
43718.98
43783.18
43849.44
43910.80
43974.48
44036.61
44101.58
44158.70
44210.00
44260.02
44310.29
44364.95
44422.44
44482.00
44541.04
44602.91
44666.47
44723.45
44777.85
44831.73
44887.68
44943.36
45001.11
45056.54
45111.46
45167.14
45221.03
45276.71
45328.54
45380.36
45432.69
45485.54
45538.65
45591.50
45645.64
45698.50
45751.86
45804.20
45856.02
45906.04
45959.66
46009.68
46059.95
46107.90
46158.69
46209.48
46260.27
46273.93
46879.28
47586.46
48151.58
48692.99
49226.66
49780.18
50322.36
50847.27
50918.17
8.77
52.75
88.20
124.54
160.12
194.67
231.65
267.48
302.80
338.38
373.45
410.66
445.20
480.78
516.62
550.13
584.68
618.45
653.26
686.77
722.87
756.64
796.79
831.34
866.66
902.23
936.01
970.55
1005.62
1039.91
1074.20
1109.77
1143.29
1178.61
1212.12
1246.67
1279.93
1314.22
1347.73
1382.28
1416.57
1452.15
1486.44
1520.98
1590.34
1596.84
1632.16
1666.71
1702.29
1736.57
1769.83
1803.61
1837.89
1869.86
1905.18
1939.21
1974.79
2008.57
2043.11
2077.40
2110.92
2145.46
2179.24
2214.82
2248.59
2283.65
2316.14
2350.68
2384.20
2417.97
2451.49
2486.04
2520.84
2554.36
2588.90
2621.64
2656.19
2689.71
2721.93
2756.22
2789.22
2823.25
2857.29
2892.86
2926.12
2960.41
2993.41
3027.44
3062.25
3095.76
3214.36
3245.91
3279.17
3313.71
3348.26
3383.58
3417.36
3451.13
3484.13
3519.19
3552.71
3586.74
3621.54
3656.61
3689.35
3723.12
3756.64
3790.93
3824.70
3857.18
3891.47
3924.73
3959.54
3993.31
4026.57
4060.86
4094.11
4127.63
4161.66
4200.59
4227.92
4261.69
4295.46
4330.27
4363.79
4397.56
4431.59
4464.33
4498.62
4531.62
4564.88
4598.91
4615.15
4734.65
4857.36
4982.22
5146.02
5298.22
5482.04
5651.93
5848.20
6013.20
6179.49
6383.06
6546.56
6709.50
6875.53
7030.22
7257.76
7407.04
7571.26
7798.11
8131.02
8457.73
8805.50
9201.42
9570.34
9883.68
10227.86
10632.66
10923.91
11251.08
11560.71
11998.08
12364.26
12705.86
13036.29
13380.46
13728.25
14076.04
14406.82
14764.25
15075.24
15427.10
15777.47
16130.41
16617.61
16970.56
17322.21
17672.84
18024.50
18389.95
18738.00
19086.56
19430.44
19778.23
20040.16
20388.47
20737.64
21038.77
21386.81
21727.64
22072.08
22320.09
22672.73
23229.99
23583.71
23940.25
24291.39
24639.95
24990.84
25330.38
25682.35
26032.72
26384.38
26716.70
27067.32
27416.66
27762.90
28114.04
28463.63
28813.23
29160.50
29507.99
29857.84
30202.02
30551.36
30899.41
31247.71
31588.43
31935.96
32285.30
33835.27
33980.40
34324.06
34673.40
35009.01
35290.80
35642.46
35989.21
36334.43
36680.93
37027.94
37363.87
37524.75
37743.63
38034.70
38386.87
38735.95
39087.35
39336.91
39576.93
39636.75
39673.87
39824.69
39890.18
39903.84
39979.38
40021.02
40026.68
40033.90
40041.38
40048.86
40056.33
40063.55
40071.03
40078.50
40085.98
40093.20
40100.68
40108.15
40115.63
40124.14
40130.32
40138.06
40145.28
40152.75
40160.23
40167.45
40174.93
40182.40
40189.62
40197.10
40204.57
40212.05
40219.53
40227.00
40234.48
40241.44
40248.92
40256.39
40263.87
40271.35
40278.82
40286.30
40300.22
40304.35
40305.89
40307.44
40308.99
40310.54
40312.08
40313.63
40318.27
40326.78
40413.92
40444.89
40478.51
40546.80
40589.05
40694.62
40743.55
40794.76
40839.02
40876.59
40924.80
40971.46
41022.25
41057.20
41137.89
41218.07
41322.74
41427.93
41473.30
41578.75
41684.96
41792.47
41899.46
41967.01
41984.03
42035.07
42074.00
42123.50
42151.09
42176.10
42196.46
42223.02
42301.65
42419.99
42542.71
42681.41
42819.60
42900.81
43015.79
43138.25
43227.20
43363.84
43457.85
43596.55
43733.71
43867.77
44000.29
44141.57
44285.68
44423.87
44437.79
44531.12
44669.82
44810.07
44933.05
45041.33
45146.78
45239.59
45315.13
45403.04
45464.40
45583.00
45693.34
45763.72
45821.73
45874.84
45933.36
45984.67
46041.90
46094.24
46158.69
46183.44
46208.19
46236.29
46261.30
46288.63
46312.09
46340.45
46366.75
46391.75
46435.07
46481.21
46534.84
46592.90
46649.88
46708.92
46767.70
46825.71
46885.52
46943.53
47001.54
47058.25
47113.94
47169.63
47223.77
47278.43
47333.86
47389.03
47443.43
47492.55
47542.31
47588.98
47636.67
47687.72
47740.31
47796.26
47848.59
47901.45
47956.10
48010.50
48064.12
48083.72
48113.88
48169.05
48226.29
48274.24
48324.26
48373.50
48424.80
48477.66
48531.28
48580.52
48631.31
48680.30
48730.05
48779.81
48829.83
48878.04
48925.73
48973.69
49020.87
49064.95
49106.46
49152.87
49200.05
49246.71
49292.09
49336.43
49381.03
49425.89
49472.04
49484.93
50179.73
50879.95
51443.02
51972.05
52507.01
53042.74
53584.41
54107.77
54462.77
9.36
50.42
85.13
123.23
158.81
193.88
231.18
265.98
301.56
335.85
371.69
409.01
444.85
479.65
516.00
550.81
585.36
620.68
654.45
689.51
725.35
759.64
800.05
834.08
869.40
903.69
938.23
973.30
1007.33
1043.16
1078.23
1112.00
1146.80
1181.61
1215.12
1249.67
1284.22
1314.90
1347.12
1377.80
1409.52
1442.26
1474.74
1508.52
1543.06
1586.75
1621.81
1655.33
1689.62
1724.16
1758.20
1791.20
1825.48
1858.23
1892.52
1926.55
1960.84
1994.09
2027.09
2061.12
2095.16
2128.93
2162.19
2195.70
2229.48
2264.02
2299.34
2333.89
2368.18
2401.95
2436.50
2470.79
2504.30
2538.34
2572.88
2606.91
2640.69
2673.95
2708.49
2742.78
2777.07
2810.07
2844.62
2899.02
2917.84
2951.61
2986.16
3020.45
3053.70
3088.77
3123.57
3221.28
3244.25
3279.31
3312.82
3346.86
3381.14
3415.18
3448.95
3481.95
3515.98
3550.27
3584.82
3618.85
3652.88
3686.39
3720.17
3753.43
3786.43
3819.68
3852.94
3886.46
3920.23
3954.00
3987.78
4021.55
4055.32
4088.58
4121.58
4154.58
4187.58
4220.32
4254.36
4287.61
4321.90
4356.45
4390.74
4424.00
4457.51
4491.80
4525.83
4559.86
4593.12
4627.67
4662.21
4696.50
4730.54
4764.82
4798.08
4831.08
4863.82
4896.57
4924.67
4996.36
5111.73
5239.08
5373.55
5543.92
5720.04
5890.19
6083.25
6252.12
6417.89
6586.50
6796.11
6963.17
7127.65
7293.43
7517.59
7688.01
7848.62
8017.16
8182.68
8430.56
8771.46
9173.43
9530.42
9866.09
10206.76
10552.69
10898.41
11261.72
11596.39
11888.23
12325.91
12672.92
13035.20
13386.59
13727.42
14076.76
14425.84
14773.62
15153.39
15428.22
15780.14
16131.58
16618.19
16968.56
17317.89
17667.49
18016.31
18368.74
18759.29
19087.33
19443.37
19795.03
20148.43
20420.42
20774.39
21127.60
21479.00
21799.46
22153.69
22503.95
22774.65
23332.68
23688.46
24045.27
24406.75
24758.41
25111.35
25463.78
25819.82
26170.70
26522.49
26875.69
27225.29
27576.43
27927.57
28279.22
28632.68
28985.89
29337.80
29688.68
30040.34
30396.12
30748.29
31098.40
31450.57
31801.71
32147.57
32499.48
34380.74
34565.00
34913.57
35258.07
35605.82
35781.91
36100.30
36453.77
36805.94
37160.95
37512.60
37867.87
38080.82
38208.44
38563.70
38918.97
39273.20
39630.27
39986.83
40342.09
40696.33
41049.27
41405.05
41764.45
42092.90
42320.55
42369.02
42470.59
42629.92
42672.46
42689.73
42762.44
42804.18
42807.02
42812.95
42820.17
42828.16
42835.12
42842.34
42849.82
42857.29
42864.77
42872.25
42879.72
42886.94
42894.42
42901.64
42909.11
42916.59
42924.07
42931.54
42939.02
42946.24
42953.71
42961.19
42968.67
42975.89
42983.36
42990.84
42998.32
43005.79
43013.27
43020.49
43027.96
43035.44
43042.92
43050.14
43057.87
43065.09
43072.57
43080.04
43089.32
43098.09
43105.31
43106.60
43113.56
43115.11
43116.91
43118.46
43120.26
43121.81
43126.45
43145.79
43214.36
43243.71
43321.83
43402.14
43456.62
43510.30
43562.48
43614.05
43667.33
43673.78
43692.86
43748.29
43798.57
43861.64
43920.94
44007.30
44078.72
44138.79
44214.33
44298.38
44371.09
44471.89
44540.98
44645.14
44748.39
44794.28
44884.51
44950.77
44995.63
45030.69
45065.50
45100.30
45119.38
45141.04
45179.96
45308.36
45424.63
45563.07
45654.86
45777.32
45897.46
45987.18
46120.72
46213.02
46337.03
46479.34
46547.92
46668.32
46793.61
46892.36
47001.67
47118.71
47239.89
47355.39
47461.86
47582.52
47718.90
47852.71
47922.83
48046.07
48186.57
48278.87
48362.66
48448.25
48526.29
48601.05
48698.25
48774.30
48820.96
48889.03
48948.32
49051.19
49108.94
49169.01
49200.21
49257.18
49295.74
49341.38
49376.44
49404.28
49430.58
49453.01
49482.40
49510.24
49519.78
49545.82
49596.61
49645.59
49696.38
49743.30
49791.52
49852.10
49907.79
49962.19
50016.84
50074.34
50134.15
50188.29
50246.30
50305.85
50361.54
50415.29
50469.48
50524.66
50582.15
50637.84
50691.20
50741.99
50794.07
50845.12
50892.81
50941.80
50990.52
51042.09
51091.84
51142.12
51196.26
51250.14
51301.96
51354.04
51404.57
51456.13
51508.47
51560.55
51614.69
51667.80
51721.42
51774.02
51828.41
51883.07
51940.05
51990.84
52043.69
52098.09
52149.65
52198.63
52246.07
52294.02
52344.55
52393.54
52441.49
52484.55
52526.05
52572.72
52620.67
52669.91
52723.28
52773.81
52822.54
52867.14
52910.20
52936.49
53176.00
53822.08
54506.05
55052.36
55573.91
56125.38
56673.23
57233.20
57779.24
58280.17
9.37
52.75
89.17
125.85
161.69
197.27
233.82
268.88
303.68
337.97
373.55
410.23
445.55
480.88
515.68
550.23
584.52
618.55
652.84
687.12
722.96
757.25
794.74
829.29
863.83
898.12
932.41
966.70
1000.99
1035.28
1069.57
1103.86
1138.14
1172.43
1206.21
1240.24
1274.27
1308.04
1342.33
1376.62
1411.17
1447.00
1481.04
1514.81
1548.84
1590.66
1625.21
1659.50
1693.79
1728.08
1762.37
1796.40
1830.43
1864.46
1898.49
1932.78
1967.07
2001.10
2035.39
2069.68
2103.71
2137.23
2171.26
2204.77
2238.29
2271.80
2305.58
2339.61
2373.90
2407.41
2440.93
2474.45
2507.70
2540.96
2573.96
2607.22
2641.77
2675.02
2708.54
2741.80
2775.31
2809.34
2843.38
2876.63
2914.27
2948.05
2981.56
3015.08
3048.59
3082.11
3115.37
3231.12
3235.69
3269.98
3304.01
3338.30
3372.33
3406.10
3440.39
3474.16
3507.94
3541.71
3575.48
3609.26
3643.03
3676.80
3710.32
3744.09
3778.38
3812.67
3846.70
3880.48
3914.51
3948.02
3981.54
4015.05
4048.83
4083.12
4117.15
4151.44
4184.70
4229.81
4251.47
4284.73
4318.76
4353.05
4386.30
4420.08
4453.34
4486.85
4520.62
4554.66
4588.17
4621.69
4654.95
4687.95
4721.20
4753.95
4788.23
4821.75
4855.01
4888.27
4921.78
4955.81
4989.33
5022.59
5055.84
5089.10
5123.13
5156.39
5189.39
5222.39
5250.23
5320.43
5457.64
5610.32
5756.39
5915.00
6088.31
6255.89
6450.63
6618.73
6783.73
6992.02
7162.54
7340.18
7497.44
7669.14
7890.64
8068.79
8221.24
8400.42
8552.27
8717.79
8880.73
9061.44
9451.95
9801.21
10160.64
10499.03
10841.02
11190.37
11539.96
11907.05
12311.17
12631.37
12981.22
13332.88
13703.06
14051.68
14401.79
14754.47
15102.43
15451.62
15815.68
16111.65
16667.75
16956.74
17310.97
17667.53
18022.79
18379.86
18734.87
19088.07
19522.00
19805.34
20157.51
20513.03
20785.09
21138.66
21491.86
21844.55
22199.81
22518.98
22871.80
23428.33
23791.07
24054.30
24414.21
24771.02
25132.10
25491.23
25848.56
26207.18
26565.02
26919.80
27277.91
27634.72
27992.82
28351.70
28708.77
29063.00
29417.23
29769.33
30124.34
30476.00
30827.14
31179.05
31528.90
31885.46
32242.01
32627.91
34345.46
34658.71
35012.43
35359.45
35711.36
36065.57
36417.49
36702.37
37058.67
37412.39
37765.07
38119.82
38381.50
38653.24
38823.91
39182.27
39539.60
39901.82
40260.44
40617.25
40973.04
41328.82
41688.46
42045.79
42403.89
42760.96
43116.75
43477.68
43835.79
44192.60
44548.64
44903.47
45138.60
45249.20
45290.19
45436.63
45540.53
45567.34
45599.05
45871.68
45874.04
45880.23
45887.71
45895.18
45902.40
45909.62
45917.10
45924.57
45931.79
45939.27
45946.49
45953.96
45961.44
45968.66
45976.14
45983.61
45990.83
45998.05
46005.53
46019.45
46020.74
46027.70
46029.50
46031.05
46032.86
46034.66
46036.21
46041.36
46050.13
46138.56
46177.04
46213.74
46257.97
46293.29
46394.70
46448.07
46503.95
46558.12
46611.75
46650.94
46677.23
46724.29
46774.05
46873.56
46921.00
46981.59
47029.28
47086.77
47163.98
47188.73
47261.70
47326.92
47413.03
47482.01
47554.46
47637.47
47721.52
47798.09
47895.80
47991.19
48059.00
48104.89
48137.89
48166.25
48263.70
48408.41
48513.34
48593.01
48711.86
48828.39
48921.67
49035.62
49168.66
49308.39
49399.14
49529.08
49616.22
49691.50
49798.75
49896.20
49974.84
50114.57
50191.40
50278.02
50375.48
50486.34
50615.24
50689.23
50817.11
50947.82
51013.56
51123.91
51249.72
51389.20
51471.95
51614.52
51752.94
51895.51
51976.72
52034.21
52100.43
52167.46
52258.21
52296.11
52346.64
52402.59
52449.77
52504.16
52549.28
52592.85
52681.80
52712.73
52759.14
52789.05
52813.80
52832.36
52858.40
52886.76
52914.34
52953.27
53005.09
53057.17
53110.28
53162.10
53213.92
53267.55
53318.59
53371.45
53423.52
53479.47
53532.67
53589.39
53643.01
53702.31
53759.54
53813.43
53870.14
53924.54
53980.49
54036.18
54092.89
54147.04
54202.72
54258.15
54314.10
54370.04
54425.47
54480.90
54536.59
54589.18
54641.78
54694.63
54748.00
54801.62
54857.05
54914.29
54971.52
55022.57
55072.58
55120.02
55166.94
55221.86
55278.06
55333.49
55388.14
55442.03
55496.17
55551.86
55601.87
55653.95
55705.51
55756.82
55808.64
55859.63
55912.74
55964.82
56016.64
56073.62
56128.53
56182.16
56237.33
56292.19
56345.30
56399.70
56449.90
56500.95
56554.32
56594.28
56910.61
57588.14
58287.33
58846.27
59380.20
59924.18
60458.11
61014.99
61554.07
62089.04
62338.08
9.75
52.25
88.18
124.16
158.70
194.02
230.70
265.25
299.54
334.08
369.66
406.94
441.48
475.77
509.80
543.84
577.87
612.16
645.67
680.22
716.57
749.31
786.21
820.76
854.53
888.56
923.37
956.62
990.14
1024.43
1057.43
1091.98
1124.98
1157.72
1191.75
1225.01
1258.78
1292.55
1325.30
1359.33
1392.07
1425.59
1460.65
1493.91
1528.20
1601.93
1605.00
1638.77
1672.03
1706.83
1740.61
1773.86
1808.93
1842.18
1874.93
1908.44
1942.47
1975.47
2010.28
2043.79
2077.05
2111.34
2143.82
2178.37
2211.11
2243.34
2277.37
2310.11
2344.66
2377.40
2411.43
2443.92
2477.95
2510.43
2542.66
2576.43
2609.69
2642.95
2676.21
2708.95
2742.72
2774.69
2807.18
2840.18
2873.95
2917.78
2943.56
2977.33
3010.07
3044.36
3077.11
3110.62
3143.36
3195.05
3228.30
3262.34
3294.82
3329.11
3361.85
3394.34
3428.62
3461.37
3495.91
3528.91
3562.95
3595.69
3629.72
3662.46
3694.17
3728.46
3761.46
3796.01
3828.75
3862.52
3895.78
3929.30
3961.78
3993.49
4027.52
4060.52
4094.30
4126.78
4160.55
4193.55
4238.67
4258.01
4292.04
4324.78
4358.81
4391.30
4424.81
4457.81
4490.30
4522.27
4555.78
4589.04
4622.04
4655.55
4687.78
4721.30
4753.27
4786.52
4818.75
4852.78
4884.75
4918.52
4951.27
4983.49
5015.72
5048.46
5082.23
5114.20
5147.72
5180.46
5212.69
5244.91
5277.66
5311.43
5343.14
5376.40
5409.66
5440.85
5473.85
5505.82
5539.59
5572.08
5579.55
5593.64
5722.29
5861.24
6012.06
6177.80
6351.80
6512.41
6681.04
6878.41
7041.60
7211.50
7418.68
7592.45
7761.57
7917.29
8044.91
8269.33
8436.14
8600.47
8767.79
8936.40
9101.40
9269.23
9523.87
9696.02
10007.33
10359.37
10738.54
11051.32
11439.09
11746.16
12097.55
12504.11
12872.88
13219.71
13558.73
13912.71
14282.54
14638.32
14989.76
15342.44
15692.87
16045.81
16442.87
16884.54
17207.32
17565.13
17922.71
18280.30
18639.69
18998.57
19357.18
19713.48
20167.51
20439.76
20796.57
21073.80
21432.98
21790.31
22147.64
22504.45
22857.64
23618.96
23746.25
24103.58
24460.65
24739.60
25098.48
25459.16
25824.61
26184.52
26542.10
26901.49
27260.37
27620.66
27979.79
28338.66
28695.73
29054.61
29415.80
29775.97
30130.98
30488.05
30845.63
31203.73
31561.84
31918.65
32275.46
32629.18
33399.78
33648.04
33995.05
34350.06
34704.55
35060.33
35410.05
35767.89
36122.38
36478.68
36832.34
37187.09
37478.93
37834.45
38192.04
38549.37
38772.12
39098.77
39471.30
39638.88
39999.05
40360.76
40721.18
41081.09
41440.99
41802.45
42160.55
42523.80
42883.20
43243.10
43603.27
43962.40
44323.59
44683.76
45043.15
45407.18
45764.12
46126.09
46485.74
46845.13
47207.61
47563.39
49854.32
49856.29
49863.77
49870.98
49878.46
49885.94
49893.41
49905.02
49911.46
49913.27
49914.81
49916.62
49918.42
49919.97
49921.77
49923.58
49928.22
49949.62
50049.20
50085.81
50155.71
50212.57
50265.59
50312.62
50368.71
50422.39
50476.01
50528.35
50597.43
50649.25
50655.44
50721.18
50813.48
50858.08
50934.39
51019.21
51078.25
51122.59
51157.40
51240.67
51308.62
51330.02
51417.16
51472.07
51569.78
51668.01
51710.03
51779.12
51858.53
51940.26
52014.51
52084.77
52155.16
52193.05
52315.26
52454.22
52597.30
52739.36
52811.03
52881.16
53000.52
53143.87
53292.37
53435.45
53496.55
53576.48
53691.20
53794.59
53927.38
54028.95
54157.60
54259.70
54321.57
54393.50
54515.70
54587.63
54702.10
54841.32
54879.48
54941.09
55066.35
55198.86
55276.21
55388.61
55498.70
55602.60
55721.96
55832.44
55968.56
56062.92
56197.76
56332.59
56418.19
56532.14
56649.19
56704.10
56757.73
56832.49
56874.52
56929.43
56973.77
57015.54
57059.88
57093.91
57133.62
57167.13
57198.33
57223.59
57242.67
57269.74
57298.62
57327.23
57342.96
57366.42
57423.14
57473.67
57495.33
57545.86
57599.48
57653.88
57709.03
57761.36
57815.50
57873.00
57928.68
57979.21
58032.07
58089.82
58144.73
58200.68
58255.85
58308.96
58366.45
58422.65
58479.37
58536.35
58592.29
58649.79
58705.73
58763.48
58821.49
58877.95
58934.41
58991.64
59046.82
59100.44
59154.07
59206.40
59262.86
59315.97
59364.70
59417.29
59472.98
59529.18
59581.26
59629.47
59629.73
59680.26
59730.02
59776.17
59821.29
59868.46
59919.51
59971.80
60023.62
60077.24
60127.77
60179.59
60226.77
60276.79
60327.06
60380.69
60428.90
60476.85
60528.41
60577.14
60627.41
60677.43
60725.90
60776.95
60825.16
60874.91
60920.80
60971.59
61018.26
61072.14
61122.16
61170.88
61220.90
61224.51
61796.85
62499.39
63216.37
63760.87
64310.01
64867.40
65414.48
65984.50
66536.99
67082.52
67388.80
9.49
51.24
87.39
122.05
156.60
190.89
224.73
259.28
293.05
326.83
361.38
396.55
430.32
463.58
497.61
531.64
564.38
597.64
630.64
663.38
696.64
730.67
763.93
801.87
835.64
869.16
900.87
933.87
967.64
1000.38
1033.12
1066.12
1098.61
1131.87
1164.35
1197.87
1230.35
1262.58
1295.58
1327.80
1360.03
1392.77
1425.00
1460.58
1493.06
1525.55
1557.52
1600.29
1633.29
1666.54
1700.32
1733.57
1764.77
1798.29
1832.06
1865.57
1898.06
1930.03
1962.77
1996.29
2029.29
2061.51
2093.74
2132.93
2159.48
2192.48
2225.22
2256.16
2288.90
2322.16
2354.90
2387.64
2418.84
2451.32
2483.55
2516.04
2548.52
2580.75
2613.75
2646.23
2678.71
2709.65
2742.14
2774.62
2806.85
2838.56
2870.53
2903.27
2939.11
2971.59
3004.33
3037.07
3069.56
3101.53
3134.53
3246.68
3250.73
3283.73
3316.73
3348.96
3381.96
3414.45
3447.70
3480.70
3512.93
3545.41
3577.90
3611.16
3643.90
3676.38
3708.87
3741.35
3773.58
3806.06
3838.55
3871.80
3904.55
3936.77
3967.71
4000.45
4033.71
4066.45
4098.68
4130.13
4162.62
4194.84
4227.07
4259.04
4291.27
4324.27
4357.01
4389.23
4420.43
4453.17
4485.40
4517.62
4549.08
4581.30
4614.05
4646.27
4678.24
4709.70
4742.44
4774.92
4807.15
4838.09
4870.57
4902.80
4935.28
4965.45
4997.67
5029.90
5062.38
5093.84
5125.80
5158.29
5190.52
5221.97
5253.68
5286.16
5318.13
5349.84
5381.30
5413.78
5445.49
5477.20
5508.40
5540.62
5572.34
5603.79
5635.24
5667.47
5699.18
5730.38
5761.83
5794.05
5826.02
5857.22
5888.41
5936.62
5950.29
6035.03
6165.71
6316.79
6469.29
6626.46
6800.72
6964.69
7161.64
7334.37
7503.75
7715.68
7886.00
8061.57
8231.76
8400.62
8628.36
8798.26
8969.19
9130.84
9305.12
9471.41
9640.54
9899.57
10066.89
10233.18
10424.59
10703.54
11051.04
11431.05
11750.33
12132.28
12533.19
12878.92
13199.38
13567.55
13912.23
14250.74
14603.43
14975.38
15328.43
15676.71
16028.62
16383.89
17106.54
17208.75
17573.18
17893.90
18250.99
18611.41
18969.77
19326.58
19685.20
20041.50
20398.05
20854.06
21123.22
21435.57
21758.87
22113.75
22470.05
22828.67
23179.15
23742.76
24096.48
24422.35
24780.20
25140.36
25416.99
25774.84
26134.74
26499.80
26860.74
27221.16
27581.84
27942.52
28298.90
28659.58
29020.00
29377.59
29737.50
30095.60
30452.15
30811.29
31168.10
31526.20
31882.50
32237.76
32595.35
32952.42
34819.50
35030.64
35387.71
35741.05
36099.67
36454.93
36809.17
37163.40
37516.32
37867.20
38158.79
38514.31
38868.29
39125.84
39418.71
39774.75
40134.92
40315.90
40674.78
41034.17
41395.36
41755.27
42117.24
42475.86
42834.47
43197.21
43558.41
43919.61
44278.22
44638.39
44998.29
45360.00
45718.88
46079.82
46435.71
46792.26
47153.46
47513.88
48331.14
49050.32
49052.48
49411.36
49770.75
50131.43
50489.53
50849.18
51207.79
51560.03
51860.38
52098.60
52158.15
52205.59
52348.93
52460.31
52487.89
52503.11
52591.28
52632.99
52637.89
52643.56
52650.78
52658.51
52665.73
52672.95
52680.17
52687.39
52694.86
52702.34
52709.82
52717.04
52724.51
52731.73
52739.21
52746.43
52753.90
52761.38
52768.60
52776.07
52783.29
52790.51
52797.99
52805.46
52814.75
52820.16
52827.64
52835.11
52842.33
52849.55
52857.03
52864.50
52871.72
52879.20
52886.68
52894.15
52901.37
52908.85
52916.07
52926.12
52930.76
52938.24
52945.71
52953.19
52960.41
52967.63
52975.11
52982.58
52989.80
53005.53
53006.04
53013.00
53014.55
53016.36
53017.90
53019.45
53021.25
53023.06
53024.61
53029.76
53040.33
53138.56
53177.73
53241.33
53292.84
53351.25
53405.22
53451.37
53505.87
53560.53
53616.73
53671.20
53744.42
53817.64
53885.47
53965.39
54040.42
54122.14
54169.58
54239.45
54316.54
54375.83
54412.44
54462.71
54515.31
54557.33
54624.88
54656.33
54672.57
54746.31
54844.79
54905.38
54988.91
55044.34
55121.28
55188.29
55259.96
55343.49
55415.42
55457.70
55586.09
55734.51
55878.63
56024.55
56166.35
56277.98
56352.49
56359.45
56498.41
56597.93
56735.86
56835.89
56970.46
57080.29
57208.43
57314.64
57394.31
57486.86
57611.90
57747.51
57886.99
58011.00
58049.15
58113.19
58192.59
58259.37
58336.20
58433.65
58480.05
58604.84
58721.11
58767.00
58848.73
58981.76
59045.18
59185.43
59323.62
59405.34
59539.92
59678.88
59814.49
59867.60
59982.84
60108.14
60241.69
60320.58
60440.98
60532.76
60587.93
60641.04
60695.18
60747.26
60798.56
60833.37
60860.95
60889.31
60912.26
60938.81
60965.37
60972.84
61002.49
61017.96
61036.01
61088.09
61143.77
61201.30
61252.86
61305.97
61362.18
61418.12
61473.04
61529.75
61588.28
61645.25
61701.20
61755.60
61812.32
61866.46
61919.31
61971.64
62026.30
62081.73
62134.07
62184.08
62236.68
62290.30
62344.44
62403.48
62458.14
62517.18
62572.09
62630.87
62689.91
62746.63
62803.86
62860.32
62912.92
62966.94
63018.76
63070.58
63120.59
63173.70
63222.69
63274.25
63326.59
63374.54
63421.98
63472.51
63524.07
63572.54
63622.81
63677.47
63728.00
63780.59
63834.73
63888.62
63941.47
63994.06
64048.46
64100.80
64151.07
64200.05
64250.33
64293.90
64339.27
64386.71
64437.76
64489.84
64543.72
64596.05
64649.68
64702.53
64752.55
64802.05
64854.12
64903.88
64952.87
65001.59
65050.32
65099.82
65149.06
65195.73
65372.84
66119.98
66833.35
67502.89
68047.13
68593.70
69150.31
69698.68
70267.16
70823.00
71371.88
71786.19
9.05
51.88
85.96
120.81
153.30
186.81
221.84
255.62
288.62
321.36
354.88
388.13
423.97
457.48
490.48
523.74
555.20
588.20
621.45
654.71
685.91
720.97
753.71
789.34
822.59
855.85
887.30
920.56
953.56
986.82
1017.76
1051.27
1084.27
1116.76
1148.21
1181.21
1213.70
1245.66
1277.38
1309.60
1342.60
1373.54
1406.54
1438.25
1471.77
1504.51
1536.48
1610.98
1642.17
1674.91
1708.43
1739.37
1772.88
1806.14
1839.14
1870.34
1903.59
1936.08
1968.30
1999.76
2032.50
2064.73
2096.44
2128.41
2161.15
2194.15
2225.60
2258.09
2290.31
2321.77
2353.22
2385.70
2418.96
2449.90
2482.38
2514.09
2545.29
2577.00
2610.00
2641.97
2672.91
2705.13
2736.84
2767.78
2800.78
2832.49
2863.69
2894.88
2939.74
2962.95
2995.43
3028.95
3059.88
3092.11
3124.08
3154.76
3254.79
3270.78
3303.52
3335.23
3366.94
3399.68
3431.65
3463.11
3496.11
3529.11
3561.33
3592.53
3625.53
3657.50
3688.95
3720.66
3753.66
3786.14
3817.34
3849.82
3881.54
3912.73
3944.96
3977.96
4009.67
4040.86
4072.83
4105.06
4136.00
4168.74
4200.45
4231.64
4270.57
4296.10
4327.81
4358.75
4390.46
4422.94
4453.88
4485.85
4516.79
4547.46
4580.98
4612.43
4643.37
4674.57
4707.82
4739.02
4769.44
4801.15
4833.89
4864.57
4896.54
4928.00
4958.93
4991.42
5022.61
5053.04
5086.04
5117.75
5148.43
5179.62
5212.11
5243.04
5273.46
5306.46
5337.92
5368.08
5399.79
5432.02
5462.44
5493.64
5525.86
5556.29
5587.48
5619.96
5650.13
5681.84
5713.81
5743.97
5775.43
5807.14
5837.56
5868.75
5900.72
5958.47
5970.59
6002.82
6034.53
6064.95
6096.66
6129.14
6159.57
6191.28
6223.25
6254.18
6285.64
6310.13
6342.19
6473.19
6620.14
6750.40
6908.81
7084.33
7246.49
7408.75
7605.32
7779.09
7945.38
8153.23
8326.73
8501.79
8673.98
8903.49
9072.61
9242.00
9419.37
9579.21
9762.00
9917.21
10087.36
10343.50
10508.50
10677.88
10846.23
11025.67
11218.67
11518.51
11867.95
12220.89
12649.52
13031.27
13300.74
13650.59
14084.77
14370.64
14705.54
15040.44
15390.29
15756.22
16104.72
16454.31
16803.39
17289.18
17640.07
17973.93
18336.24
18655.16
19009.29
19366.88
19722.92
20078.96
20434.22
20787.43
21139.34
21581.39
21862.41
22134.40
22489.15
22842.89
23191.74
24569.49
24809.33
25133.14
25487.38
25841.87
26113.86
26470.93
26828.52
27194.31
27551.12
27909.22
28266.04
28623.36
28977.76
29336.12
29693.45
30050.00
30408.15
30762.64
31119.46
31471.11
31824.06
32180.87
32535.11
32888.05
33715.89
33901.94
34254.37
34606.03
34961.04
35318.13
35654.49
36008.21
36360.38
36714.36
37068.85
37419.21
37773.19
38120.91
38471.80
38827.58
39115.30
39470.05
39651.80
40007.59
40364.66
40719.15
41034.20
41244.05
41601.64
41961.29
42319.13
42678.01
43036.62
43395.24
43751.54
44110.16
44466.45
44824.04
45183.95
45537.92
45896.28
46252.58
46607.07
46961.88
47322.04
47677.30
48916.61
49208.08
49563.34
49920.16
50280.06
50636.10
50992.40
51350.24
51706.54
52064.84
52420.88
52774.34
53129.87
53480.23
53834.47
54189.73
54543.71
54899.49
55159.88
55323.59
55349.38
55413.57
55547.56
55654.55
55680.34
55688.07
55773.41
56197.13
56198.06
56205.54
56212.76
56220.23
56234.16
56240.60
56242.15
56243.70
56245.24
56246.79
56248.34
56249.88
56251.43
56252.98
56254.52
56259.42
56307.38
56380.14
56418.46
56481.11
56531.62
56587.99
56642.77
56695.05
56736.44
56783.62
56837.25
56890.55
56943.15
57015.30
57051.39
57092.72
57197.39
57275.00
57347.18
57453.40
57514.25
57609.29
57650.02
57698.23
57797.75
57852.92
57895.97
57933.61
57982.08
58013.79
58045.50
58105.57
58148.63
58167.45
58242.04
58317.32
58410.64
58470.97
58530.27
58602.97
58696.04
58763.59
58820.57
58847.12
58989.18
59133.81
59263.49
59302.68
59420.24
59563.84
59708.99
59854.14
60000.57
60043.11
60141.34
60245.24
60306.34
60394.00
60496.86
60609.01
60756.22
60860.38
60969.43
61114.84
61258.13
61325.16
61402.50
61482.32
61534.14
61638.55
61772.88
61909.52
62019.34
62064.72
62125.30
62173.52
62229.98
62277.41
62315.31
62419.73
62459.17
62487.53
62590.14
62702.03
62725.49
62811.60
62927.36
63000.58
63114.27
63246.79
63386.01
63474.44
63547.66
63650.78
63749.01
63864.51
63986.20
64096.02
64188.32
64239.11
64283.97
64332.95
64362.86
64381.68
64413.91
64442.01
64476.26
64501.78
64502.04
64532.20
64575.00
64627.34
64680.70
64736.91
64788.98
64840.03
64893.66
64948.57
65004.52
65058.40
65112.54
65168.23
65224.17
65279.86
65330.91
65385.82
65443.05
65496.16
65552.11
65602.90
65654.72
65708.93
65763.33
65817.21
65867.23
65918.28
65970.61
66022.69
66072.96
66122.98
66178.67
66232.04
66286.18
66342.12
66392.91
66442.41
66494.75
66547.60
66595.38
66647.71
66699.79
66746.20
66794.41
66844.68
66890.31
66940.33
66988.80
67037.78
67087.28
67135.49
67180.61
67227.53
67279.35
67330.40
67381.19
67432.75
67481.99
67532.78
67586.41
67635.65
67687.47
67739.55
67789.56
67840.35
67889.59
67941.16
67991.17
68041.70
68095.84
68148.44
68201.29
68255.43
68307.51
68359.59
68415.02
68465.55
68518.14
68570.73
68619.98
68668.45
68716.91
68767.70
68817.98
68862.58
68908.98
68961.32
69007.98
69055.94
69076.82
69635.24
70321.54
71023.82
71643.86
72178.82
72718.42
73263.70
73800.46
74364.30
74911.38
75454.07
75987.74
76077.20
9.52
52.10
86.81
121.01
153.50
187.27
223.09
255.31
288.83
321.83
354.05
387.31
423.53
455.50
489.02
523.05
555.79
587.24
620.24
653.50
684.95
717.70
751.98
802.26
821.44
853.15
886.15
918.12
949.32
983.35
1015.83
1047.03
1079.77
1112.77
1144.22
1175.93
1209.45
1240.90
1272.10
1305.36
1336.55
1368.26
1401.00
1431.94
1466.23
1499.23
1530.17
1562.14
1604.40
1637.40
1668.60
1700.82
1734.34
1765.54
1797.76
1831.02
1861.96
1894.44
1927.18
1958.38
1990.86
2023.35
2054.03
2086.51
2119.25
2150.19
2181.90
2214.64
2245.58
2277.55
2310.04
2340.71
2373.71
2404.65
2435.85
2468.59
2498.75
2531.75
2562.69
2593.63
2626.11
2658.08
2688.76
2720.21
2752.96
2783.12
2816.12
2846.80
2878.25
2910.22
2946.32
2977.51
3008.96
3041.45
3073.16
3104.61
3136.58
3179.64
3220.48
3251.94
3282.88
3317.16
3348.62
3379.55
3413.33
3444.78
3475.46
3509.23
3540.69
3571.37
3604.88
3636.08
3667.53
3700.79
3731.47
3763.95
3796.18
3826.60
3860.12
3891.31
3921.73
3955.25
3986.19
4017.90
4050.64
4082.35
4113.80
4146.03
4178.52
4209.20
4240.91
4283.70
4303.81
4336.81
4368.27
4398.69
4432.20
4462.88
4494.85
4526.82
4556.73
4589.98
4621.18
4652.38
4684.09
4716.57
4746.73
4779.22
4810.67
4841.35
4874.09
4904.26
4937.00
4968.20
4999.13
5031.36
5063.59
5094.01
5125.46
5157.43
5187.59
5220.85
5250.76
5283.24
5314.18
5345.38
5376.83
5408.80
5438.70
5471.70
5501.61
5534.09
5564.52
5595.71
5627.16
5659.13
5689.04
5721.78
5751.95
5784.17
5814.59
5845.53
5876.73
5908.95
5974.95
5980.11
6011.05
6042.24
6074.21
6106.44
6136.60
6168.57
6200.28
6230.70
6263.70
6293.87
6326.61
6357.55
6388.48
6420.20
6609.95
6615.21
6648.73
6679.92
6711.38
6744.38
6773.25
6778.10
6912.45
7043.03
7187.66
7346.86
7505.43
7681.75
7846.75
8042.54
8219.40
8388.51
8600.27
8773.52
8949.09
9128.01
9497.45
9520.55
9690.45
9858.57
10035.68
10199.65
10370.84
10539.45
10794.21
10965.40
11131.95
11295.91
11462.72
11640.87
11809.48
11977.77
12234.54
12567.23
12993.72
13349.72
13690.29
13999.77
14349.94
14701.34
15068.62
15409.61
15745.25
16092.92
16460.73
16816.51
17852.91
18005.51
18355.62
18708.30
19052.52
19371.44
19729.89
20085.67
20441.45
20798.78
21153.27
21507.25
21863.03
22216.75
22506.77
22863.84
23217.56
23566.85
24125.89
24478.06
24831.78
25183.18
25535.61
25862.00
26212.62
26567.37
26882.16
27197.72
27555.05
27919.62
28274.63
28632.73
28990.58
29348.16
29703.69
30059.68
30414.88
30772.47
31129.28
31485.58
31842.13
32196.37
32550.86
32904.58
33257.27
35161.47
35331.17
35686.43
36033.05
36379.25
36734.00
37087.20
37440.40
37792.83
38146.81
38499.24
38851.15
39203.90
39556.33
39851.79
40049.79
40384.43
40741.24
41095.73
41452.80
41811.16
41986.21
42344.83
42702.93
43061.04
43419.39
43775.36
44135.01
44492.34
44851.47
45209.32
45567.42
45925.26
46280.27
46639.40
46996.99
47352.51
47706.25
48064.61
50773.19
51022.98
51377.73
51736.60
52091.09
52447.39
52804.46
53159.13
53513.88
53868.63
54223.12
54573.49
54928.50
55280.67
55626.75
55980.21
56333.41
56686.36
57038.79
57392.76
57745.96
58099.43
58386.63
58620.98
58698.32
58724.55
58838.50
58975.40
59037.53
59062.02
59082.65
59174.17
59613.77
59617.02
59624.24
59640.23
59646.41
59647.96
59649.51
59651.05
59652.60
59654.15
59655.70
59657.24
59658.79
59660.34
59661.88
59666.78
59713.70
59786.41
59825.43
59886.79
59934.02
59991.71
60048.20
60105.38
60158.61
60204.75
60248.32
60302.91
60356.88
60422.91
60495.62
60591.27
60701.87
60800.35
60863.84
60949.18
61027.30
61124.23
61230.20
61268.35
61310.63
61383.34
61480.79
61547.30
61575.41
61598.35
61632.26
61670.16
61699.81
61740.29
61822.01
61856.30
61869.19
61940.61
62037.03
62092.97
62171.08
62229.34
62307.46
62395.38
62421.67
62552.90
62697.27
62842.94
62984.73
63131.69
63275.55
63420.70
63565.59
63711.77
63862.07
63881.92
63987.62
64108.80
64253.43
64324.33
64415.43
64521.39
64570.02
64676.75
64753.58
64872.95
65009.59
65108.59
65231.82
65352.73
65498.91
65580.38
65645.87
65727.08
65790.76
65883.31
66001.13
66137.00
66265.39
66373.41
66390.43
66431.68
66497.16
66533.52
66571.93
66616.79
66696.20
66758.07
66784.62
66892.91
67007.38
67036.51
67083.43
67166.45
67277.82
67375.27
67433.80
67513.98
67597.77
67716.36
67790.87
67908.07
67982.84
68066.63
68155.32
68189.09
68215.90
68244.78
68270.56
68303.82
68321.86
68327.28
68362.08
68413.90
68464.69
68514.96
68565.75
68617.57
68671.46
68724.31
68780.00
68833.36
68886.72
68941.89
68997.06
69051.20
69107.92
69137.05
69141.44
69197.64
69256.68
69314.69
69370.89
69423.23
69478.66
69532.28
69585.91
69639.27
69691.09
69744.98
69796.80
69850.68
69906.37
69959.22
70010.52
70062.34
70113.63
70168.29
70219.34
70273.48
70324.27
70377.12
70430.23
70483.34
70537.48
70594.45
70645.24
70697.58
70748.88
70800.96
70850.98
70900.99
70952.81
71006.44
71058.26
71110.59
71162.67
71208.05
71258.84
71305.76
71354.23
71401.92
71451.42
71498.09
71547.33
71595.54
71643.23
71694.02
71743.01
71789.41
71839.17
71888.67
71938.69
71988.19
72038.46
72088.99
72140.55
72189.28
72238.78
72288.80
72338.30
72390.12
72439.36
72488.86
72538.10
72589.41
72640.20
72690.47
72738.16
72785.60
72833.81
72882.54
72934.62
72986.18
73033.88
73082.86
73133.13
73182.38
73193.72
73482.47
74187.59
74889.09
75601.69
76159.59
76706.67
77260.45
77803.15
78351.52
78926.44
79477.38
80023.17
80558.13
80636.77
