7.17
7.36
8.84
9.70
9.38
67.44
117.81
170.41
220.98
273.06
322.04
374.36
423.86
475.68
524.15
575.45
622.26
924.09
1354.77
1787.80
2201.38
2680.16
3055.95
3483.88
3902.60
4323.68
4770.77
5197.18
5612.26
6029.33
6668.45
6882.70
7275.86
7684.73
8094.01
8505.57
8923.74
9762.66
9816.27
10235.48
10662.11
10990.15
11057.49
11062.39
11069.61
11069.86
11077.34
11077.60
11077.86
11085.07
11085.33
11097.96
11098.22
11098.48
11100.54
11100.80
11101.06
11101.57
11108.54
11108.79
11116.01
11116.27
11116.53
11123.75
11124.00
11124.26
11131.48
11131.74
11132.00
11132.51
11139.47
11139.73
11147.21
11165.51
11165.77
11166.03
11166.29
11166.54
11166.80
11167.06
11167.32
11167.57
11167.83
11169.12
11169.64
11170.15
11223.78
11264.00
11275.08
11333.35
11352.17
11372.02
11428.00
11482.92
11578.68
11690.31
11759.92
11841.14
11942.46
11988.87
12038.70
12082.53
12137.70
12197.00
12272.88
12331.41
12425.54
12501.59
12574.04
12638.24
12721.00
12802.72
12881.36
12941.70
12978.57
13023.68
13069.57
13112.37
13156.46
13199.13
13241.93
13291.17
13331.90
13343.25
13354.85
13366.45
13384.24
13396.36
13413.11
13426.00
13437.86
13450.24
13459.52
13469.06
13478.08
13487.62
13496.39
13506.44
13515.21
13526.29
13536.86
13547.95
13558.52
13570.64
13581.72
13592.29
13603.12
13614.21
13624.52
13638.10
13648.93
13658.98
13668.78
13678.32
13686.57
13694.30
13703.32
13712.35
13721.37
13730.14
13738.90
13747.93
13757.46
13766.23
13775.00
13783.50
13791.75
13799.75
13808.25
13817.02
13827.07
13835.08
13842.56
13859.57
13883.81
13891.54
13905.98
13920.68
13936.92
13952.39
13968.63
13976.88
13988.48
14004.72
14007.82
14041.33
14086.19
14130.79
14182.87
14221.54
14253.51
14279.29
14298.37
14309.97
14317.45
14325.44
14331.89
14338.85
14345.55
14360.76
14402.27
14410.78
14414.13
14416.45
14420.06
14422.89
14424.96
14427.54
14430.63
14433.46
14435.79
14437.85
14440.17
14443.26
14445.58
14447.64
14450.48
14452.03
14469.56
14512.87
14565.21
14616.51
14669.11
14698.75
14982.09
15568.36
16012.05
16243.82
