10.20
76.34
125.24
166.49
202.07
236.69
266.08
293.15
318.93
343.94
9.17
77.28
128.51
183.43
230.51
272.02
317.65
356.84
391.64
433.71
469.29
497.91
534.26
567.78
598.71
628.62
658.27
688.43
717.05
739.22
768.10
796.46
822.50
853.68
873.54
900.09
925.61
949.33
971.50
989.04
1012.50
1035.96
1057.61
1077.98
1097.06
1112.27
1133.93
1154.81
1174.40
1192.71
1209.98
1225.71
1241.95
1268.76
1283.71
1301.25
1318.00
1333.73
1350.23
1361.83
1378.85
1395.86
1412.88
1428.09
1442.79
1456.19
1471.40
1480.68
1495.89
1511.36
1525.80
1539.72
1553.13
1566.02
1578.14
1590.51
1600.05
1613.71
1627.64
1640.79
1653.42
1665.54
1677.14
1732.05
1736.54
1749.17
1761.80
1773.92
1785.78
1797.12
1807.95
1818.52
1828.83
1838.89
1848.94
1855.64
1870.86
1878.33
1889.42
1900.25
1910.82
1920.61
1930.67
1940.21
1949.75
1958.77
1967.79
1973.72
1984.04
1994.35
2004.66
2014.71
2024.25
2033.79
2043.07
2052.10
2060.86
2069.63
2078.14
2086.39
2092.57
2101.08
2110.11
2119.64
2128.93
2137.95
2146.97
2155.48
2164.25
2172.24
2180.75
2188.74
2196.73
2204.46
2210.91
2217.36
2226.12
2234.63
2243.39
2251.64
2260.15
2268.40
2276.39
2284.13
2292.12
2299.86
2307.33
2314.81
2322.29
2330.02
2362.33
2447.03
2547.45
2658.38
2997.85
3321.30
3672.07
4042.59
4364.83
4707.94
5078.73
5396.10
5749.20
6070.17
6446.34
6782.28
7144.29
7506.96
7619.11
8312.95
8651.46
9045.64
9390.59
9729.61
9863.68
9994.90
10292.42
10509.75
10669.07
10709.04
10757.00
10827.38
10900.86
10902.92
10916.58
10998.31
11097.71
11101.32
11136.12
11206.21
11277.00
11348.16
11426.02
11501.71
11578.20
11636.31
11678.59
11717.27
11760.58
11819.62
11871.44
11924.03
11970.95
12013.75
12037.67
12084.33
12122.75
12175.08
12203.96
12217.36
12218.65
12219.94
12232.06
12249.07
12285.68
12336.73
12393.45
12420.26
12439.34
12445.27
12445.53
12446.56
12446.82
12447.59
12447.85
12448.11
12449.65
12451.71
12453.78
12455.58
12457.13
12458.16
12459.96
12460.22
12461.00
12736.60
13321.06
13524.47
