8.16
75.64
125.90
167.66
204.27
238.43
269.62
296.95
323.25
346.45
614.71
981.33
1344.43
1504.23
1538.01
1611.48
1698.31
1740.14
1756.64
1761.54
1762.57
1898.69
8.87
77.33
129.09
185.29
233.51
276.82
322.97
362.42
400.06
442.29
478.38
509.06
546.45
580.22
611.93
640.55
673.29
703.97
732.07
756.82
786.98
814.83
859.69
868.12
895.45
922.52
947.52
970.98
989.29
1014.55
1039.05
1061.99
1083.13
1104.53
1120.77
1143.46
1164.86
1185.23
1203.79
1223.12
1237.56
1268.50
1281.39
1299.95
1317.48
1333.98
1348.42
1364.41
1382.71
1400.50
1418.03
1433.50
1448.20
1462.38
1473.72
1490.22
1506.72
1522.19
1537.14
1551.32
1564.47
1577.36
1588.19
1601.08
1616.03
1630.47
1644.13
1657.28
1669.91
1682.03
1711.86
1723.20
1731.96
1744.86
1758.26
1771.15
1783.53
1795.64
1807.25
1818.33
1828.90
1839.21
1849.27
1858.04
1870.67
1881.50
1892.84
1903.93
1914.75
1925.07
1935.12
1944.92
1954.46
1963.74
1970.44
1980.75
1991.58
2002.15
2012.46
2022.52
2032.32
2041.86
2051.14
2060.16
2069.18
2077.95
2088.00
2092.13
2101.93
2111.72
2121.52
2130.80
2140.08
2148.85
2157.87
2166.38
2174.89
2183.14
2191.13
2199.38
2207.11
2212.27
2221.29
2230.32
2239.08
2247.85
2256.36
2264.86
2272.86
2281.11
2289.10
2296.83
2304.57
2312.30
2319.78
2326.48
2373.69
2453.90
2569.93
2694.18
3013.30
3384.07
3661.90
4017.16
4327.55
4665.19
5010.47
5316.23
5683.11
5973.39
6340.87
6666.77
7031.41
7337.70
7545.14
8194.09
8477.66
8869.62
9193.95
9527.30
9843.12
9843.63
10101.70
10396.38
10508.02
10555.23
10568.38
10613.75
10659.64
10705.54
10764.06
10836.76
10879.30
10915.14
11004.55
11092.20
11134.80
11222.04
11297.28
11371.58
11446.09
11519.87
11593.73
11641.43
11685.00
11726.25
11776.26
11833.24
11883.77
11933.01
11979.42
12015.00
12048.42
12088.12
12137.88
12183.00
12206.20
12207.23
12208.52
12212.65
12231.47
12249.52
12307.78
12359.09
12400.08
12422.77
12434.11
12434.37
12434.88
12435.66
12436.17
12436.43
12436.69
12437.72
12439.78
12441.84
12443.65
12445.45
12448.29
12449.06
12449.58
12884.51
13470.26
13511.25
8.26
77.88
133.78
181.48
225.06
267.60
321.22
370.72
414.04
456.06
492.67
523.35
570.02
613.84
654.06
690.67
724.70
756.93
783.48
823.96
866.51
902.61
936.12
967.06
996.19
1025.07
1046.72
1082.30
1116.33
1148.04
1178.21
1206.57
1233.38
1258.64
1284.17
1306.60
1338.82
1369.25
1397.86
1426.22
1452.00
1476.50
1499.70
1521.87
1537.60
1562.61
1591.22
1618.55
1644.33
1669.34
1692.80
1729.70
1751.61
1772.49
1792.34
1807.81
1827.15
1852.93
1878.20
1902.17
1925.12
1947.03
1968.17
1987.51
2006.33
2023.86
2040.88
2057.38
2070.52
2092.70
2115.64
2137.81
2158.70
2179.06
2198.66
2216.96
2234.75
2251.25
2267.75
2283.22
2298.17
2309.52
2326.53
2347.16
2368.04
2387.89
2406.97
2425.27
2442.55
2459.56
2475.29
2490.76
2505.71
2519.89
2533.81
2546.96
2579.19
2579.45
2596.20
2615.28
2633.59
2651.12
2668.39
2684.38
2700.10
2715.05
2729.49
2743.41
2757.34
2770.23
2783.12
2795.49
2807.35
2817.92
2827.98
2848.09
2863.04
2879.80
2896.04
2911.25
2926.20
2940.38
2954.56
2967.97
2980.86
2993.49
3005.87
3017.73
3029.33
3040.41
3051.76
3062.59
3071.35
3081.15
3094.81
3110.54
3125.75
3140.19
3154.11
3168.03
3180.92
3193.81
3206.19
3218.30
3230.16
3241.51
3252.85
3263.68
3274.25
3284.82
3294.88
3305.19
3320.14
3322.46
3331.74
3344.38
3358.55
3371.96
3385.11
3398.26
3410.63
3422.75
3521.49
3527.79
3538.10
3548.15
3558.21
3568.26
3577.54
3587.34
3596.36
3605.64
3617.76
3620.86
3630.14
3641.48
3654.37
3666.75
3678.61
3690.21
3701.55
3712.89
3723.46
3734.04
3752.60
3754.92
3764.97
3774.51
3784.31
3793.59
3803.13
3811.89
3821.18
3830.20
3838.71
3847.47
3856.24
3868.36
3870.42
3877.38
3887.69
3898.78
3910.12
3921.21
3931.78
3942.35
3952.66
3962.46
3972.77
3982.31
3991.59
4001.13
4010.15
4019.43
4028.46
4037.22
4045.99
4054.75
4063.00
4071.25
4079.76
4088.01
4096.00
4103.74
4114.82
4118.95
4123.33
4131.07
4140.61
4150.92
4160.97
4171.29
4180.82
4190.36
4199.90
4208.93
4218.21
4226.97
4235.74
4244.76
4253.01
4261.52
4270.03
4278.54
4286.27
4294.52
4302.51
4310.50
4318.24
4325.97
4333.71
4341.44
4348.92
4356.39
4369.29
4369.54
4373.93
4381.14
4389.65
4399.19
4408.47
4417.75
4426.52
4435.54
4444.05
4452.82
4461.32
4469.83
4477.82
4486.33
4494.32
4502.57
4510.57
4518.04
4525.78
4533.51
4541.25
4548.72
4556.20
4563.68
4571.15
4578.37
4585.59
4593.07
4600.29
4607.25
4619.62
4623.75
4629.93
4637.93
4646.18
4654.68
4663.45
4671.70
4679.95
4687.94
4696.19
4704.18
4712.18
4719.91
4727.64
4735.12
4742.60
4750.07
4757.55
4765.03
4772.25
4779.72
4786.94
4794.16
4801.12
4808.08
4815.04
4822.00
4828.71
4835.93
4842.63
4849.33
4856.04
4864.54
4870.47
4872.79
4876.40
4883.62
4891.10
4899.35
4907.34
4915.07
4922.81
4930.29
4938.02
4945.50
4952.97
4960.45
4967.67
4974.89
4982.11
4989.32
4996.54
5003.50
5010.46
5017.43
5024.39
5031.09
5037.79
5044.75
5051.46
5057.90
5064.61
5071.31
5078.01
5084.20
5090.64
5097.35
5103.79
5109.98
5121.07
5124.68
5129.06
5136.02
5142.98
5150.46
5157.93
5165.41
5172.63
5179.85
5222.13
5232.44
5235.02
5241.72
5248.68
5255.64
5262.35
5269.05
5275.75
5282.20
5289.16
5295.61
5302.05
5308.50
5315.20
5321.64
5327.83
5334.02
5340.72
5346.91
5353.10
5359.54
5365.47
5371.92
5377.85
5384.04
5394.86
5397.96
5401.57
5408.01
5414.71
5421.68
5428.89
5435.86
5442.56
5449.52
5456.22
5462.93
5469.63
5476.59
5483.04
5489.48
5496.18
5502.63
5509.33
5515.52
5521.96
5528.41
5534.86
5541.04
5547.49
5553.68
5559.61
5566.05
5572.24
5578.17
5584.36
5590.29
5596.21
5602.40
5608.33
5614.52
5620.45
5626.38
5632.31
5640.30
5645.71
5646.75
5649.84
5654.48
5660.93
5667.11
5673.82
5680.26
5686.96
5693.67
5700.11
5706.30
5713.00
5719.45
5725.64
5731.82
5738.27
5744.46
5750.64
5757.09
5763.02
5768.95
5785.19
5786.22
5792.41
5798.34
5804.27
5810.46
5816.13
5822.32
5827.99
5833.92
5839.85
5845.52
5851.45
5857.12
5863.05
5868.72
5874.65
5880.07
5886.00
5891.41
5902.24
5904.56
5907.39
5912.81
5918.74
5924.93
5931.11
5937.30
5943.49
5949.93
5955.86
5962.05
5968.24
5974.43
5980.36
5986.54
5992.47
5998.66
6004.33
6010.26
6016.19
6022.12
6028.05
6033.72
6039.91
6045.32
6051.25
6056.93
6062.60
6068.53
6073.94
6079.87
6085.29
6090.96
6096.37
6102.30
6107.71
6113.39
6118.80
6124.47
6130.14
6135.30
6140.97
6151.54
6153.35
6154.12
6156.96
6160.57
6165.98
6172.43
6177.84
6183.77
6189.96
6195.89
6201.82
6207.75
6213.42
6219.61
6225.28
6231.21
6236.88
6242.55
6248.48
6254.15
6259.82
6265.50
6271.17
6276.84
6282.51
6287.93
6293.86
6299.01
6304.94
6310.10
6315.77
6321.18
6326.86
6332.27
6337.68
6343.36
6348.51
6353.93
6359.08
6364.75
6369.91
6375.32
6380.74
6385.89
6391.31
6398.27
6404.46
6407.29
6409.87
6415.54
6420.96
6426.37
6432.04
6437.97
6443.64
6449.32
6455.25
6460.66
6466.59
6472.00
6477.68
6483.09
6489.02
6494.43
6500.11
6505.26
6510.93
6516.35
6522.02
6527.18
6532.85
6538.26
6543.68
6549.09
6554.25
6559.66
6564.82
6570.23
6575.64
6580.80
6586.21
6591.37
6596.53
6601.94
6607.10
6612.25
6617.15
6622.57
6627.98
6632.88
6638.04
6643.19
6652.73
6655.57
6655.82
6658.40
6660.98
6666.39
6671.29
6676.71
6682.12
6687.79
6693.21
6698.62
6704.04
6709.71
6715.12
6720.54
6725.95
6731.36
6736.78
6741.93
6747.35
6752.50
6757.92
6763.33
6768.49
6773.90
6779.06
6784.47
6789.37
6794.79
6799.94
6805.10
6810.25
6815.67
6820.57
6825.72
6830.62
6835.78
6840.93
6845.83
6850.99
6856.14
6861.04
6866.20
6871.36
6876.00
6881.15
6886.05
6891.21
6895.85
6906.68
6906.93
6907.45
6910.29
6912.61
6917.76
6922.92
6928.07
6933.23
6938.64
6944.06
6949.21
6954.63
6959.79
7152.37
7153.95
7158.59
7163.75
7168.91
7173.55
7178.70
7183.60
7188.50
7193.40
7198.30
7203.45
7208.09
7212.99
7217.89
7222.79
7227.69
7232.59
7237.48
7241.87
7252.70
7253.47
7253.73
7256.30
7258.37
7263.01
7267.91
7272.80
7277.96
7283.12
7288.27
7293.43
7298.33
7303.48
7308.90
7313.80
7318.95
7324.11
7328.75
7333.91
7339.06
7343.96
7349.12
7354.02
7358.91
7364.07
7368.71
7373.61
7378.77
7383.66
7388.30
7393.46
7398.36
7403.00
7407.90
7412.80
7417.44
7422.34
7427.23
7432.13
7436.77
7441.41
7446.31
7451.21
7455.59
7460.49
7465.39
7470.03
7474.67
7479.31
7484.21
7488.85
7493.21
7504.30
7505.07
7595.06
7680.16
7767.36
7867.39
7935.97
8030.56
8113.57
8196.32
8322.36
8438.63
8554.90
8696.00
8820.27
8944.53
9111.25
9439.29
9763.60
10136.75
10415.43
10846.14
11108.54
11437.77
11832.55
12100.49
12382.54
12776.37
13103.02
13449.91
13781.09
14088.52
14418.52
14757.40
15088.18
15427.12
15825.68
16158.52
16490.01
16822.07
17152.59
17486.97
17821.61
18154.45
18485.24
18832.25
19117.13
19449.45
19779.56
20257.99
20592.12
20852.51
21187.15
21518.95
21853.08
22186.17
22523.65
22782.49
23112.49
23500.85
23785.47
24117.54
24454.94
24644.69
24756.32
25287.62
26497.05
26816.48
27149.32
27477.95
27809.75
28138.80
28463.64
29011.17
29337.56
29659.82
29981.83
30169.78
30504.68
30838.80
31167.00
31489.78
31813.33
32032.47
32049.75
32055.42
32193.35
32488.54
32787.61
33088.21
33389.08
33601.78
33903.68
34149.11
34160.20
34218.46
34277.50
34339.89
34656.41
34700.17
34746.83
34793.75
34840.42
34887.34
34934.00
34980.67
35041.25
35112.41
35184.34
35258.07
35333.10
35407.86
35482.89
35483.14
35493.46
35570.09
35621.55
35668.80
35757.48
35785.84
35853.56
35899.20
35935.55
35978.09
36014.96
36051.05
36080.70
36158.30
36243.54
36335.84
36412.67
36476.86
36534.28
36592.29
36642.56
36715.52
36796.73
36875.11
36954.77
37033.92
37104.56
37176.49
37251.77
37327.05
37391.76
37461.89
37535.02
37612.36
37681.73
37757.01
37824.30
37870.71
37922.27
37991.11
38057.36
38124.91
38179.31
38232.16
38257.68
38306.93
38367.00
38426.04
38478.63
38532.00
38582.79
38636.67
38689.52
38739.79
38788.78
38842.14
38886.49
38933.93
38982.39
39024.42
39065.93
39102.79
39129.09
39150.23
39175.24
39234.02
39278.62
39312.39
39338.69
39375.56
39429.18
39480.75
39531.28
39576.14
39618.24
39645.05
39668.00
39694.81
39712.86
39714.15
39715.18
39716.73
39717.76
39718.79
39719.05
39720.59
39721.37
39721.88
39735.03
39754.88
39768.03
39782.47
39800.52
39812.63
39828.36
39886.62
39946.44
39994.91
40037.70
40082.05
40127.42
40175.63
40231.06
40283.66
40313.82
40335.22
40360.23
40386.78
40398.64
40424.16
40441.95
40449.17
40451.23
40451.49
40451.75
40452.01
40453.81
40454.07
40454.33
40454.59
40457.16
40457.68
40458.20
40458.97
40460.00
40461.29
40463.09
40464.90
40466.70
40468.25
40470.05
40471.86
40473.66
40475.47
40477.27
40479.34
40481.14
40482.17
40482.43
40492.48
40494.29
40496.09
40497.38
40498.41
40753.65
41231.89
41820.48
42421.95
43023.95
43624.39
44112.69
44135.38
