8.50
70.03
109.73
142.28
169.55
512.35
611.87
617.15
650.34
8.99
71.86
121.12
163.40
200.53
236.38
269.38
299.03
327.65
354.98
379.21
403.96
426.13
452.64
473.27
493.38
512.97
531.02
549.07
565.82
581.81
598.31
612.75
631.05
644.20
657.86
669.72
683.90
696.79
708.39
720.25
732.37
743.71
754.54
766.14
775.94
786.51
796.57
805.85
816.16
825.96
835.50
844.52
853.03
872.00
881.28
890.30
898.81
907.06
914.80
970.90
1238.89
1594.63
1926.82
2396.70
2672.49
3014.61
3312.66
3360.56
3376.02
3420.88
3561.13
3597.57
3643.46
3696.57
3806.91
4020.12
9.27
69.20
121.07
164.89
209.24
250.15
288.05
325.95
356.37
392.46
423.66
454.50
486.73
515.60
540.09
570.00
596.55
620.02
646.05
671.58
695.04
715.15
737.84
761.04
782.18
800.48
819.56
841.22
880.92
887.17
903.16
920.69
940.28
958.33
974.57
989.01
1004.99
1021.49
1038.25
1053.98
1068.16
1080.79
1096.00
1110.95
1125.65
1140.09
1152.98
1164.84
1175.66
1189.59
1204.02
1216.91
1229.80
1241.41
1251.98
1262.03
1280.85
1291.16
1303.28
1315.14
1326.23
1336.80
1346.59
1355.62
1369.02
1378.05
1389.39
1399.70
1410.27
1420.07
1429.35
1438.38
1446.62
1458.48
1467.25
1477.56
1487.10
1496.90
1505.92
1514.69
1522.94
1530.93
1538.66
1549.23
1558.77
1568.05
1576.56
1585.33
1593.84
1602.09
1609.82
1617.30
1624.77
1636.12
1642.30
1651.07
1659.32
1667.57
1675.82
1683.55
1691.29
1698.51
1705.73
1712.69
1719.39
1728.93
1756.83
1765.08
1772.81
1780.29
1788.02
1795.24
1802.46
1809.42
1816.38
1823.09
1829.53
1839.07
1845.77
1853.25
1860.73
1867.95
1875.16
1885.48
1889.09
1895.79
1902.23
1908.68
1914.87
1921.31
1929.82
1936.78
1944.00
1950.96
1957.66
1964.37
1971.07
1977.52
1983.96
1990.15
1996.34
2002.27
2008.45
2017.48
2022.89
2029.85
2036.55
2043.00
2049.19
2055.63
2061.82
2068.01
2074.20
2080.12
2086.05
2091.73
2097.40
2106.42
2111.58
2118.02
2124.47
2130.66
2136.59
2142.77
2148.70
2154.63
2160.56
2166.23
2171.91
2177.58
2183.25
2188.66
2196.66
2202.33
2208.52
2214.70
2220.63
2226.30
2233.78
2239.20
2244.87
2250.54
2255.95
2261.37
2266.78
2272.20
2277.61
2286.38
2290.50
2296.43
2302.36
2308.03
2313.70
2319.38
2324.79
2330.46
2335.88
2341.29
2346.70
2351.86
2357.02
2362.43
2367.33
2375.84
2379.96
2385.89
2391.30
2396.72
2402.13
2407.80
2412.96
2418.38
2423.53
2428.95
2434.10
2439.00
2444.16
2449.31
2454.21
2459.11
2466.33
2471.48
2476.90
2482.57
2487.73
2492.88
2498.30
2503.20
2508.35
2513.51
2518.66
2523.56
2528.46
2533.36
2538.26
2543.16
2547.80
2555.27
2559.91
2565.33
2590.85
2595.75
2600.65
2605.80
2610.70
2615.60
2620.50
2625.40
2630.04
2634.94
2639.58
2644.22
2648.86
2654.79
2726.59
2829.48
2946.31
3110.99
3439.08
3794.07
4095.24
4415.47
4810.91
5073.11
5398.98
5775.63
6082.94
6231.96
6882.04
7187.55
7516.77
7860.83
8162.73
8509.08
8835.21
8845.78
9107.97
9385.38
9504.75
9571.52
9598.86
9604.53
9640.88
9705.59
9776.75
9849.45
9852.03
9879.10
9968.03
10080.23
10146.68
10184.34
10221.21
10254.18
10303.49
10359.42
10414.07
10472.08
10569.90
10651.11
10724.33
10798.84
10876.95
10953.42
10987.71
11041.59
11524.47
11633.27
