15844.23
15845.27
15846.81
15848.36
15849.13
15850.16
15851.71
15853.52
15854.80
15855.84
15857.38
15858.93
15860.22
15861.51
15863.05
15864.09
15865.12
15866.15
15867.44
15868.73
15869.76
15870.79
15871.56
15872.85
15873.62
15874.91
15875.95
15876.98
15877.49
15878.27
15879.30
15880.59
15881.62
15883.16
15884.45
15885.48
15887.03
15887.29
15887.55
15887.80
15889.87
15890.90
15892.45
15892.96
15893.73
15894.25
15894.51
15894.77
15895.02
15895.28
15895.80
15896.05
15896.57
15896.83
15897.34
15897.86
15899.15
15899.92
15900.18
15900.70
15901.21
15903.02
15904.05
15904.82
15905.34
15905.85
15906.37
15906.62
15907.14
15907.40
15907.66
15909.72
15909.98
15910.23
15911.52
15912.55
15913.84
15914.10
15915.39
15916.68
15917.97
15919.77
15920.80
15922.35
15923.90
15925.70
15927.51
15929.05
15930.86
15931.63
15932.92
15933.18
15933.44
15933.70
15933.95
15934.21
15934.47
15934.98
15935.50
15938.34
15946.07
15953.55
15960.77
15965.92
15971.08
15976.49
15982.16
15987.06
15991.19
15995.57
16000.21
16003.82
16006.91
16011.04
16014.39
16017.48
16021.87
16026.77
16032.95
16039.14
16043.52
16050.74
16054.09
16060.28
16064.41
16067.76
16072.66
16076.78
16079.10
16081.16
16082.97
16086.58
16088.64
16090.70
16093.02
16095.60
16098.70
16101.53
16105.40
16107.98
16109.78
16111.07
16113.39
16113.91
16114.16
16115.45
16116.23
16117.52
16120.87
16122.67
16124.48
16126.28
16128.34
16129.38
16132.21
16138.14
16142.52
16146.13
16149.23
16151.80
16153.87
16155.93
16158.51
16159.80
16161.86
16165.73
16165.98
16166.24
16166.76
16167.53
16167.79
16168.05
16168.56
16168.82
16169.08
16169.34
16169.85
16170.11
16170.37
16170.62
16170.88
16171.14
16177.84
16178.10
16179.13
16180.42
16180.68
16180.94
16181.45
16181.97
16182.23
16182.74
16183.26
16183.77
16184.03
16184.80
16186.87
16187.12
16188.67
16189.19
16190.48
16191.77
16192.02
16192.80
16193.57
16194.09
16194.86
16195.38
16196.41
16200.79
16202.59
16203.11
16203.37
16204.66
16205.17
16205.43
16205.69
16206.20
16206.72
16207.49
16208.52
16209.30
16209.81
16210.07
16210.59
16211.10
16211.36
16212.65
16213.42
16215.23
16217.03
16220.12
16222.19
16222.45
16222.70
16222.96
16223.22
16223.48
16223.73
16223.99
16225.02
16227.34
16229.15
16231.73
16231.98
16232.76
16233.02
16233.53
16234.05
16235.34
16235.59
16235.85
16236.11
16237.40
16237.91
16238.69
16240.49
16241.78
16242.30
16242.81
16243.07
16243.33
16243.84
16244.10
16244.88
16247.97
16248.74
16249.00
16249.52
16249.77
16251.06
16252.09
16252.35
16252.61
16252.87
16253.12
16253.90
16255.70
16256.99
16257.51
16257.77
16258.02
16258.28
16260.09
16260.34
16260.60
16261.38
16261.89
16262.15
16263.18
16264.73
16266.27
16267.30
16267.82
16268.08
16268.85
16270.14
16270.40
16270.66
16270.91
16271.17
16271.43
16271.95
16272.20
16272.98
16274.27
16275.04
16275.30
16275.55
16275.81
16276.07
16276.33
16276.59
16276.84
16277.36
16277.62
16278.65
16278.91
16279.94
16280.45
16280.71
16280.97
16281.23
16281.48
16282.00
16282.52
16282.77
16283.29
16283.55
16283.80
16284.32
16285.09
16285.87
16286.90
16287.16
16287.67
16288.45
16288.96
16289.22
16289.48
16289.73
16290.25
16291.54
16291.80
16292.31
16293.09
16294.38
16295.66
16296.95
16299.27
16300.30
16300.82
16301.08
16301.34
16301.59
16301.85
16302.62
16303.14
16303.91
16305.46
16306.49
16306.75
16307.01
16307.78
16308.04
16308.81
16309.33
16310.10
16310.88
16311.65
16312.42
16312.68
16312.94
16313.20
16313.45
16313.71
16314.23
16314.74
16315.26
16315.52
16315.77
16316.03
16316.29
16316.80
16317.06
16317.32
16317.58
16318.09
16318.35
16318.61
16318.87
16319.12
16319.64
16319.90
16320.16
16320.41
16320.67
16320.93
16321.45
16321.70
16321.96
16322.48
16322.73
16322.99
16323.25
16323.77
16324.02
16324.54
16324.80
16325.05
16325.57
16325.83
16326.34
16326.60
16326.86
16327.38
16327.63
16327.89
16328.15
16328.66
16328.92
16329.44
16329.70
16330.21
16330.47
16330.98
16331.50
16331.76
16332.27
16332.53
16332.79
16333.05
16333.30
16333.56
16334.08
16334.34
16334.59
16335.11
16335.37
16335.62
16335.88
16336.14
16336.40
16336.66
16337.17
16337.43
16337.69
16337.95
16338.46
16338.72
16339.23
16339.49
16339.75
16340.01
16340.27
16340.52
16340.78
16341.30
16341.55
16342.07
16342.33
16342.59
16343.10
16343.36
16343.88
16344.39
16344.65
16345.16
16345.68
16346.45
16347.74
16348.77
16349.03
16349.29
16349.55
16349.80
16350.06
16350.58
16350.84
16351.09
16351.35
16351.87
16352.12
16353.16
16353.67
16353.93
16354.19
16354.45
16354.70
16354.96
16355.22
16355.73
16355.99
16356.25
16357.28
16357.80
16358.05
16358.31
16358.57
16358.83
16359.09
16359.34
16360.12
16360.38
16360.63
16361.15
16362.70
16363.21
16363.47
16363.98
16364.50
16365.53
16366.56
16367.08
16367.59
16367.85
16368.11
16368.62
16368.88
16370.95
16371.72
16372.23
16374.04
16375.84
16376.88
16377.13
16377.39
16377.65
16378.16
16378.68
16379.97
16381.26
16382.29
16383.06
16383.84
16384.35
16385.38
16386.16
16386.41
16386.67
16386.93
16387.19
16387.70
16388.48
16388.73
16388.99
16389.25
16389.51
16389.77
16390.28
16391.31
16391.57
16391.83
16392.60
16392.86
16393.12
16393.38
16393.63
16394.15
16394.66
16395.18
16395.95
16396.47
16396.98
16397.50
16398.02
16398.53
16399.05
16399.56
16400.08
16400.59
16400.85
16401.37
16401.88
16402.66
16403.43
16403.95
16404.46
16404.98
16405.49
16406.52
16406.78
16407.55
16408.07
16408.59
16409.36
16409.62
16410.13
16410.91
16411.42
16412.20
16412.71
16413.48
16414.26
16415.03
16415.80
16416.58
16417.35
16418.12
16418.64
16418.90
16419.16
16419.41
16419.93
16420.19
16649.38
17308.09
19503.37
20739.06
22341.62
16202.39
17491.45
15844.93
15848.54
15851.89
15854.46
15857.30
15861.43
15862.46
15862.71
15863.23
15863.49
15863.75
15864.00
15864.26
15864.52
15865.04
15865.81
15866.58
15867.61
15868.39
15868.90
15869.16
15869.42
15869.68
15870.19
15870.71
15871.48
15874.32
15874.83
15876.12
15876.38
15876.89
15877.15
15877.41
15877.67
15878.18
15878.70
15879.21
15879.99
15880.50
15881.02
15881.28
15881.54
15881.79
15882.05
15882.57
15882.82
15883.08
15883.86
15884.11
15884.37
15884.63
15884.89
15885.40
15885.66
15885.92
15886.18
15886.43
15886.69
15887.21
15887.46
15887.72
15887.98
15888.24
15888.50
15889.01
15889.27
15889.53
15889.79
15890.30
15890.56
15891.07
15891.59
15891.85
15892.36
15892.62
15892.88
15893.39
15893.91
15894.17
15894.43
15894.68
15894.94
15895.46
15895.71
15895.97
15896.23
15896.75
15897.26
15897.52
15897.78
15898.04
15898.29
15898.55
15898.81
15899.07
15899.32
15899.58
15899.84
15900.10
15900.36
15900.61
15900.87
15901.13
15901.39
15901.64
15901.90
15902.16
15902.42
15902.68
15902.93
15903.71
15903.96
15904.22
15904.48
15904.74
15905.25
15905.51
15905.77
15906.03
15906.29
15906.54
15906.80
15907.06
15908.09
15908.61
15908.86
15909.38
15909.89
15910.15
15910.67
15910.93
15911.44
15911.70
15912.21
15912.73
15913.25
15913.50
15913.76
15914.02
15914.28
15914.54
15914.79
15915.05
15915.31
15915.57
15915.82
15916.08
15916.34
15916.60
15916.86
15917.37
15917.89
15918.14
15918.40
15918.66
15919.69
15919.95
15920.46
15920.98
15921.50
15922.27
15922.79
15923.82
15924.85
15925.88
15926.91
15927.17
15927.43
15927.68
15928.46
15929.23
15929.75
15930.52
15931.29
15931.81
15932.07
15932.32
15932.58
15932.84
15933.10
15933.36
15933.61
15934.13
15934.39
15934.64
15934.90
15935.42
15936.19
15936.45
15936.71
15937.22
15937.48
15937.74
15938.00
15938.25
15938.77
15939.03
15939.54
15939.80
15940.06
15940.32
15957.07
15957.33
15957.59
15957.85
15958.11
15958.36
15958.62
15958.88
15959.14
15959.39
15959.65
15959.91
15960.17
15960.43
15960.68
15960.94
15961.20
15961.46
15961.71
15961.97
15962.23
15962.49
15962.75
15963.00
15963.26
15963.52
15963.78
15964.04
15964.29
15964.55
15964.81
15965.07
15965.32
15965.58
15965.84
15966.10
15966.36
15966.61
15966.87
16005.80
16539.21
17490.54
18249.54
16658.12
17465.07
15845.11
15847.17
15848.46
15848.72
15863.41
15863.67
15864.19
15865.48
15865.73
15865.99
15867.02
15867.54
15867.80
15868.83
15870.12
15870.38
15870.63
15871.66
15873.98
15883.52
15888.68
15891.77
15895.38
15895.90
15897.70
15898.48
15899.25
15901.05
15902.60
15903.63
15911.11
15912.40
15914.20
15917.04
15917.55
15918.07
15918.59
15918.84
15919.36
15920.65
15921.42
15921.68
15922.71
15923.48
15924.00
15925.80
15926.06
15926.32
15927.09
15929.41
15930.45
15930.70
15931.99
15934.83
15939.47
15941.79
15943.34
15945.91
15946.43
15946.95
15947.20
15947.98
15948.49
15949.27
15950.04
15951.07
15952.36
15953.39
15954.68
15955.45
15956.74
15957.77
15959.32
15960.09
15960.35
15960.61
15960.87
15961.12
15961.38
15961.64
15961.90
15962.16
15962.93
15964.48
15965.25
15965.51
15965.77
15966.02
15966.28
15966.80
15967.57
15968.34
15968.86
15971.18
15972.73
15975.05
15975.56
15975.82
15976.08
15976.59
15976.85
15977.11
15977.37
15977.62
15977.88
15978.40
15978.66
15978.91
15980.72
15981.23
15982.52
15982.78
15983.30
15983.55
15983.81
15984.07
15985.10
15985.62
15986.13
15987.16
15988.97
15989.74
15990.00
15990.26
15990.77
15991.03
15991.55
15993.61
15994.12
15995.67
15995.93
15996.19
15996.45
15996.70
15996.96
15997.22
15997.48
15997.99
15999.54
16000.05
16000.31
16001.09
16001.34
16001.60
16002.12
16003.15
16004.44
16004.70
16005.21
16005.47
16008.05
16008.82
16009.34
16010.37
16011.40
16011.66
16011.91
16012.69
16013.20
16013.72
16014.75
16015.27
16015.52
16016.04
16016.55
16017.07
16017.59
16018.36
16019.13
16019.91
16020.94
16021.45
16022.74
16024.80
16025.06
16025.32
16026.35
16027.38
16028.41
16028.67
16029.70
16029.96
16030.48
16031.25
16031.77
16032.80
16033.57
16034.86
16035.38
16036.41
16036.92
16037.70
16038.98
16042.59
16046.20
16047.49
16047.75
16048.52
16049.30
16049.81
16050.33
16051.10
16051.62
16052.39
16053.16
16053.94
16054.71
16055.23
16055.74
16056.26
16057.80
16058.06
16058.58
16059.09
16059.87
16060.64
16061.67
16062.96
16063.73
16065.02
16065.28
16065.54
16065.80
16066.05
16066.57
16067.09
16067.60
16067.86
16068.12
16068.38
16068.63
16069.15
16072.50
16073.27
16074.05
16074.56
16075.08
16075.34
16076.62
16077.91
16078.17
16078.69
16078.95
16079.98
16080.75
16081.01
16081.78
16082.30
16082.55
16083.07
16083.33
16083.59
16083.84
16084.88
16085.39
16085.91
16086.68
16087.97
16089.26
16089.52
16092.09
16094.16
16097.25
16098.80
16100.60
16102.15
16103.18
16105.50
16106.53
16107.30
16108.34
16110.14
16111.69
16113.75
16114.52
16115.04
16115.55
16117.36
16118.91
16119.68
16122.00
16122.26
16123.80
16124.58
16125.87
16126.38
16127.41
16130.51
16134.12
16136.70
16137.73
16142.88
16143.91
16147.01
16149.59
16151.65
16153.97
16156.80
16161.19
16165.05
16169.18
16171.76
16172.53
16173.05
16173.30
16173.56
16177.95
16178.72
16178.98
16179.23
16179.75
16181.30
16181.55
16182.33
16182.59
16184.91
16185.42
16185.68
16186.20
16186.97
16188.52
16189.03
16190.84
16192.38
16192.90
16194.19
16197.02
16200.12
16201.92
16205.27
16210.17
16214.30
16215.07
16215.33
16215.84
16216.62
16219.97
16221.00
16222.03
16223.32
16224.09
16224.61
16224.87
16225.12
16225.38
16225.64
16226.16
16227.70
16228.22
16228.48
16228.73
16229.25
16229.51
16229.77
16235.44
16236.73
16238.27
16239.82
16241.37
16242.91
16243.17
16243.69
16244.20
16244.72
16244.98
16245.75
16246.27
16246.52
16246.78
16247.04
16247.30
16247.55
16247.81
16248.59
16249.10
16250.65
16251.68
16253.23
16254.26
16255.80
16256.32
16257.61
16257.87
16258.12
16258.64
16259.93
16260.70
16261.22
16262.25
16263.02
16263.54
16263.80
16264.05
16264.31
16264.57
16264.83
16265.09
16265.34
16265.60
16265.86
16266.12
16266.38
16267.15
16267.66
16267.92
16268.18
16269.21
16270.24
16270.76
16271.02
16271.79
16272.30
16272.56
16274.37
16276.17
16278.49
16280.30
16282.88
16284.68
16287.52
16290.09
16292.41
16294.48
16294.99
16295.77
16296.02
16297.05
16298.09
16299.89
16300.92
16301.95
16302.98
16303.50
16303.76
16304.27
16304.53
16306.08
16308.40
16309.43
16309.69
16309.95
16310.20
16310.46
16311.49
16311.75
16312.01
16313.04
16316.13
16319.23
16321.29
16322.84
16324.38
16326.19
16326.45
16326.96
16327.48
16328.77
16329.80
16331.34
16332.89
16334.70
16336.24
16337.79
16339.08
16341.14
16344.23
16345.78
16348.10
16352.74
16355.32
16357.12
16361.25
16363.05
16363.57
16367.95
16372.34
16372.85
16373.11
16373.37
16373.62
16373.88
16374.14
16374.40
16374.66
16374.91
16375.17
16375.43
16376.72
16376.98
16377.75
16378.78
16379.30
16380.84
16381.62
16381.88
16382.13
16382.39
16382.65
16382.91
16384.45
16385.74
16386.00
16386.26
16386.52
16386.77
16387.03
16387.29
16387.55
16388.06
16389.35
16392.70
16395.02
16395.28
16395.80
16396.05
16397.34
16398.12
16399.15
16399.41
16400.44
16400.70
16400.95
16401.73
16403.27
16403.53
16404.56
16405.85
16406.88
16407.14
16407.40
16408.17
16408.69
16408.95
16409.20
16409.46
16410.75
16411.52
16412.81
16414.10
16415.39
16416.94
16418.48
16419.52
16420.03
16422.35
16425.19
16428.28
16429.57
16432.41
16433.70
16434.73
16435.24
16437.05
16438.08
16438.85
16439.37
16439.88
16440.40
16441.43
16442.72
16443.23
16443.75
16444.27
16445.04
16445.55
16445.81
16446.59
16448.13
16448.65
16448.91
16449.68
16450.20
16450.45
16450.71
16451.74
16452.26
16454.06
16454.84
16460.25
16461.02
16461.28
16461.54
16462.05
16462.31
16463.09
16463.86
16464.63
16464.89
16465.15
16466.18
16468.24
16469.79
16470.05
16470.30
16471.08
16471.85
16472.37
16472.62
16472.88
16473.40
16474.95
16475.72
16476.49
16477.01
16477.27
16478.04
16479.33
16480.10
16481.39
16482.16
16482.94
16483.97
16485.00
16486.03
16486.29
16487.32
16488.35
16488.87
16490.41
16491.19
16492.22
16492.48
16492.99
16493.51
16493.77
16494.28
16495.05
16495.83
16496.34
16496.60
16497.38
16498.15
16498.41
16498.92
16499.70
16499.95
16500.47
16500.73
16501.24
16501.50
16502.02
16502.27
16502.53
16502.79
16503.05
16503.82
16504.08
16504.59
16504.85
16505.11
16505.37
16505.62
16505.88
16506.66
16507.43
16508.98
16510.78
16511.81
16515.68
16518.77
16519.03
16520.58
16524.19
16529.86
16530.89
16531.66
16532.44
16533.47
16534.50
16537.85
16540.69
16541.72
16542.75
16543.52
16544.30
16547.39
16547.91
16548.16
16549.20
16549.71
16550.23
16551.52
16552.29
16553.06
16553.58
16553.84
16554.35
16554.87
16555.90
16557.96
16558.48
16558.99
16559.25
16559.77
16560.02
16560.28
16560.80
16561.31
16561.83
16562.34
16563.12
16563.63
16563.89
16564.41
16564.66
16565.18
16565.70
16566.21
16567.24
16567.50
16567.76
16568.02
16568.53
16568.79
16569.56
16569.82
16570.34
16570.85
16571.11
16571.62
16571.88
16572.40
16572.66
16573.17
16573.43
16573.69
16573.95
16574.46
16574.98
16575.49
16576.27
16576.78
16577.04
16577.30
16577.55
16577.81
16578.07
16578.33
16578.84
16579.10
16579.36
16579.62
16584.26
16587.87
16589.93
16595.60
16598.44
16600.50
16601.79
16602.56
16603.34
16603.85
16604.11
16604.62
16604.88
16605.14
16605.40
16606.95
16609.01
16610.04
16611.59
16612.88
16614.16
16615.20
16615.45
16620.09
16620.35
16621.38
16622.16
16622.67
16623.70
16625.25
16626.02
16627.57
16627.83
16631.70
16636.85
16642.78
16648.20
16653.87
16660.31
16665.98
16671.14
16677.07
16683.26
16689.19
16694.86
16700.53
16705.69
16711.10
16716.52
16722.45
16728.38
16734.82
16740.75
16746.94
16753.38
16758.80
16766.02
16772.20
16778.13
16784.06
16790.51
16796.70
16802.37
16808.81
16814.48
16819.90
16825.83
16831.50
16837.69
16843.10
16848.52
16853.93
16859.60
16865.79
16871.72
16877.39
16882.29
16886.16
16890.02
16894.41
16898.53
16902.91
16907.55
16911.68
16915.80
16920.19
16924.57
16928.95
16933.34
16938.49
16943.65
16949.32
16954.48
16959.38
16964.53
16969.95
16975.10
16979.74
16984.64
16989.54
16994.18
16998.82
17003.46
17007.84
17011.97
17016.35
17020.73
17025.89
17029.76
17034.66
17039.30
17043.42
17047.29
17051.41
17055.54
17059.66
17064.05
17068.69
17073.07
17077.45
17081.84
17085.70
17090.09
17094.47
17098.85
17103.23
17107.36
17111.74
17116.12
17120.77
17125.41
17129.79
17134.43
17138.04
17142.16
17147.32
17151.70
17155.83
17160.21
17164.59
17168.72
17172.84
17177.23
17181.61
17186.77
17191.41
17196.05
17200.43
17204.55
17209.20
17213.06
17217.19
17221.31
17225.44
17229.30
17233.95
17237.04
17241.16
17245.29
17248.38
17251.99
17255.86
17259.73
17263.34
17267.46
17271.33
17274.68
17278.80
17282.93
17287.05
17291.18
17295.30
17299.43
17304.07
17307.68
17312.06
17315.41
17319.54
17323.41
17327.79
17332.17
17336.04
17340.16
17344.80
17348.41
17352.54
17356.92
17361.30
17365.69
17370.33
17374.45
17378.84
17382.96
17386.83
17390.44
17393.79
17397.14
17400.49
17404.10
17408.48
17411.84
17415.19
17418.80
17421.89
17426.02
17429.37
17432.72
17436.33
17438.65
17440.45
17443.03
17445.61
17449.73
17453.60
17457.47
17461.59
17465.72
17470.10
17473.71
17477.84
17480.67
17483.25
17486.34
17489.95
17493.56
17496.66
17500.78
17504.65
17508.77
17512.38
17516.77
17521.15
17525.53
17529.66
17534.30
17538.94
17544.35
17550.02
17555.18
17560.08
17564.46
17566.01
17567.30
17568.07
17568.59
17569.62
17569.88
17570.13
17570.39
17571.16
17571.42
17571.68
17572.20
17572.45
17572.71
17572.97
17573.23
17573.48
17573.74
17575.03
17575.29
17575.55
17576.06
17576.58
17577.09
17577.35
17577.87
17578.38
17579.16
17580.19
17583.54
17584.83
17585.60
17586.12
17586.63
17587.66
17588.70
17589.98
17593.59
17595.91
17598.75
17601.59
17606.48
17610.87
17613.70
17618.86
17619.12
17619.63
17620.15
17620.41
17620.66
17621.18
17621.70
17621.95
17622.47
17622.73
17624.27
17625.56
17626.34
17627.88
17628.14
17630.46
17631.23
17632.27
17633.30
17634.07
17634.59
17635.88
17636.91
17637.42
17639.74
17640.52
17640.77
17642.06
17642.58
17643.09
17643.35
17644.12
17644.64
17645.41
17645.67
17645.93
17646.45
17647.73
17648.77
17649.54
17650.31
17651.34
17652.12
17653.15
17653.92
17654.70
17655.47
17656.24
17657.02
17657.27
17657.53
17657.79
17658.05
17658.82
17661.66
17664.75
17666.55
17668.88
17669.39
17669.65
17670.16
17670.42
17670.68
17670.94
17671.45
17671.71
17672.23
17672.74
17673.00
17673.52
17673.77
17675.06
17675.58
17676.35
17676.87
17677.90
17678.67
17679.45
17680.48
17680.99
17681.77
17682.28
17683.05
17683.57
17683.83
17684.86
17685.38
17685.89
17686.15
17686.66
17686.92
17687.18
17687.70
17688.21
17688.73
17688.98
17689.50
17690.02
17690.53
17691.30
17692.08
17692.34
17692.59
17693.37
17695.43
17695.95
17696.72
17697.23
17698.01
17698.52
17701.36
17702.65
17703.16
17703.42
17703.68
17704.20
17704.45
17705.48
17706.77
17707.29
17707.80
17708.06
17709.35
17710.12
17711.93
17712.96
17713.99
17714.25
17714.77
17715.02
17715.28
17715.54
17716.05
17716.31
17716.57
17716.83
17717.34
17717.60
17717.86
17718.12
17718.38
17718.63
17718.89
17719.15
17719.41
17719.66
17719.92
17720.18
17720.44
17720.70
17720.95
17721.47
17721.73
17722.50
17722.76
17723.02
17723.27
17723.53
17724.05
17724.30
17724.56
17724.82
17725.08
17725.85
17726.11
17726.37
17726.88
17727.40
17728.69
17729.72
17729.98
17730.49
17731.01
17732.04
17733.33
17734.10
17734.88
17735.39
17735.91
17736.16
17736.42
17736.68
17737.20
17737.71
17737.97
17738.74
17739.00
17739.52
17740.03
17740.29
17740.55
17740.80
17741.32
17743.64
17744.93
17745.19
17745.45
17745.70
17749.31
17751.89
17754.73
17754.98
17755.76
17756.02
17756.53
17756.79
17757.05
17759.11
17761.69
17762.46
17762.72
17763.49
17764.78
17765.04
17765.81
17766.59
17767.62
17767.88
17768.65
17769.42
17770.20
17770.71
17771.23
17771.48
17772.00
17772.26
17772.77
17773.29
17773.80
17774.32
17774.58
17775.35
17775.61
17776.12
17776.38
17776.64
17777.16
17777.93
17778.45
17778.96
17779.22
17779.99
17780.51
17781.02
17781.54
17782.05
17782.57
17782.83
17783.34
17784.12
17784.63
17785.41
17785.66
17786.70
17786.95
17787.73
17788.24
17788.50
17788.76
17789.27
17789.53
17790.05
17790.56
17791.08
17791.59
17792.62
17793.91
17794.17
17794.69
17795.20
17795.72
17796.23
17796.49
17797.01
17797.52
17798.04
17798.30
17798.81
17799.59
17800.10
17800.36
17800.62
17801.13
17801.65
17802.16
17802.42
17802.94
17803.45
17803.97
17804.48
17804.74
17805.26
17806.03
17806.29
17806.55
17806.80
17807.58
17808.09
17809.12
17809.38
17809.90
17810.41
17811.19
17811.70
17812.22
17812.48
17813.51
17814.02
17814.28
17814.54
17814.80
17815.31
17815.57
17815.83
17816.60
17817.63
17817.89
17818.41
17818.66
17818.92
17819.18
17819.70
17819.95
17820.47
17820.98
17821.24
17821.76
17822.27
17822.79
17823.05
17823.56
17823.82
17824.08
17824.59
17825.11
17825.37
17825.62
17826.91
17828.72
17829.23
17829.75
17830.27
17830.52
17830.78
17831.30
17831.81
17832.84
17833.10
17833.36
17833.62
17833.88
17834.13
17834.91
17836.20
17837.74
17838.77
17840.84
17843.41
17846.51
17848.31
17850.63
17853.21
17855.27
17857.85
17860.95
17863.27
17864.30
17864.55
17864.81
17865.07
17865.33
17865.59
17866.62
17867.13
17867.39
17867.65
17867.91
17868.16
17868.42
17868.94
17869.71
17870.23
17871.00
17871.77
17872.29
17873.06
17873.58
17874.35
17875.12
17876.16
17876.93
17877.19
17877.70
17878.48
17879.51
17880.28
17880.80
17881.83
17882.34
17883.12
17883.38
17883.63
17883.89
17884.41
17884.66
17884.92
17885.18
17885.44
17885.70
17885.95
17886.73
17886.98
17887.24
17888.79
17890.34
17890.85
17891.11
17891.37
17891.62
17891.88
17893.69
17895.49
17898.07
17899.62
17901.42
17903.23
17905.55
17906.84
17908.12
17908.90
17909.93
17911.48
17912.77
17913.80
17916.89
17918.18
17919.73
17921.27
17922.56
17923.85
17926.43
17926.69
17927.46
17929.52
17930.55
17932.62
17932.88
17933.13
17933.39
17933.65
17934.16
17934.42
17935.71
17936.48
17937.00
17937.52
17938.03
17938.29
17938.55
17938.80
17939.06
17939.58
17940.09
17940.87
17941.38
17941.90
17942.41
17942.67
17942.93
17943.19
17944.22
17944.99
17945.25
17945.51
17945.77
17946.02
17946.28
17947.31
17947.83
17948.09
17948.34
17948.86
17949.38
17950.41
17950.66
17950.92
17951.18
17951.44
17951.70
17953.24
17953.50
17953.76
17954.53
17954.79
17955.05
17955.82
17956.34
17956.85
17957.37
17957.88
17958.14
17958.40
17958.66
17958.91
17959.17
17959.69
17960.20
17960.46
17961.23
17963.04
17964.07
17964.33
17964.59
17964.84
17965.10
17965.62
17966.65
17967.16
17967.42
17967.94
17968.20
17972.32
17972.84
17973.35
17973.87
17974.38
17974.64
17975.93
17976.45
17976.96
17977.99
17978.51
17979.54
17979.80
17980.83
17981.60
17982.38
17982.89
17983.92
17985.47
17986.76
17987.53
17988.05
17988.56
17988.82
17989.08
17989.34
17989.59
17989.85
17990.11
17990.37
17990.62
17990.88
17991.14
17991.40
17992.17
17993.20
17993.46
17993.98
17994.23
17994.75
17995.27
17995.52
17995.78
17996.30
17996.81
17997.07
17997.33
17997.84
17998.10
17998.36
18000.68
18000.94
18001.71
18002.23
18002.48
18003.00
18003.26
18003.52
18004.55
18004.80
18005.32
18005.58
18005.84
18006.61
18007.12
18007.64
18007.90
18008.41
18008.67
18008.93
18009.45
18009.70
18009.96
18010.48
18010.99
18011.51
18011.77
18012.02
18012.28
18012.80
18013.05
18013.57
18013.83
18015.89
18016.41
18017.44
18019.24
18022.59
18023.88
18024.40
18024.91
18025.17
18025.69
18025.95
18026.20
18026.46
18026.72
18026.98
18027.23
18027.49
18027.75
18028.01
18028.27
18028.52
18028.78
18029.04
18029.55
18029.81
18030.07
18030.33
18030.59
18030.84
18031.10
18031.36
18031.62
18032.13
18032.39
18032.65
18033.16
18033.42
18033.68
18034.20
18034.45
18034.97
18035.48
18036.26
18037.03
18037.55
18038.06
18038.32
18038.84
18039.35
18039.61
18039.87
18040.38
18040.90
18041.16
18041.41
18041.67
18041.93
18042.19
18042.45
18042.96
18043.22
18043.48
18043.73
18043.99
18044.25
18044.51
18044.77
18045.02
18045.28
18045.54
18046.05
18046.31
18046.57
18047.09
18048.38
18048.63
18048.89
18049.15
18049.66
18049.92
18050.18
18050.44
18050.70
18050.95
18051.21
18051.47
18051.73
18051.98
18052.24
18053.27
18054.56
18055.08
18055.34
18055.85
18056.11
18056.37
18056.62
18057.14
18057.40
18057.91
18058.17
18058.43
18058.69
18059.20
18059.72
18059.98
18061.52
18061.78
18062.04
18062.30
18062.55
18062.81
18063.07
18063.33
18063.59
18063.84
18064.10
18064.62
18064.88
18065.13
18065.39
18065.65
18065.91
18066.16
18066.42
18066.68
18066.94
18067.20
18067.45
18067.71
18067.97
18068.23
18068.48
18068.74
18069.00
18069.26
18069.52
18069.77
18070.03
18082.41
18082.66
18082.92
18083.95
18084.98
18085.24
18085.76
18086.02
18086.27
18086.53
18086.79
18087.05
18087.30
18087.56
18087.82
18088.08
18088.34
18088.59
18088.85
18089.11
18089.62
18089.88
18090.66
18090.91
18091.17
18091.43
18091.69
18091.95
18092.20
18092.46
18092.72
18092.98
18093.23
18093.49
18093.75
18094.01
18094.27
18094.52
18094.78
18095.04
18095.30
18095.55
18095.81
18096.07
18096.33
18096.59
18096.84
18097.10
18097.36
18097.62
18097.88
18098.13
18098.39
18098.65
18098.91
18099.16
18099.42
18099.68
18099.94
18100.20
18100.45
18100.71
18100.97
18101.23
18101.48
18101.74
18102.00
18102.26
18102.52
18102.77
18103.03
18103.29
18105.87
18148.66
18191.52
15844.45
15845.73
15845.99
15846.51
15847.02
15847.28
15848.05
15848.57
15849.09
15849.60
15850.12
15850.38
15850.89
15851.15
15851.92
15852.18
15852.70
15853.47
15853.73
15853.98
15854.76
15855.53
15855.79
15856.30
15857.08
15857.59
15858.11
15858.37
15858.88
15859.66
15859.91
15860.17
15860.43
15860.69
15861.20
15862.23
15863.52
15864.04
15864.55
15865.33
15866.36
15867.13
15868.16
15869.45
15870.23
15870.48
15870.74
15871.52
15872.55
15873.32
15874.35
15875.38
15875.90
15876.16
15876.41
15877.45
15877.96
15878.48
15880.02
15881.31
15882.86
15883.12
15883.63
15884.66
15885.44
15885.70
15886.21
15887.50
15887.76
15888.02
15888.53
15889.05
15889.30
15889.56
15889.82
15890.08
15890.34
15890.59
15890.85
15891.11
15891.37
15891.62
15891.88
15892.14
15892.40
15892.66
15892.91
15893.17
15893.43
15893.69
15893.95
15894.20
15894.46
15894.72
15894.98
15895.23
15896.01
15896.78
15897.30
15897.55
15898.84
15900.39
15901.94
15902.97
15904.26
15905.55
15907.09
15908.38
15909.67
15910.45
15911.48
15913.02
15914.57
15915.34
15918.95
15922.56
15924.37
15924.62
15926.69
15930.04
15933.13
15934.16
15937.26
15940.09
15941.38
15942.41
15943.45
15944.99
15948.09
15951.18
15951.95
15952.73
15953.50
15956.08
15958.66
15960.20
15960.72
15961.23
15962.27
15966.65
15967.94
15969.48
15971.03
15972.58
15974.12
15975.67
15976.96
15977.99
15979.02
15980.05
15982.12
15983.92
15985.47
15987.27
15988.82
15990.88
15991.91
15992.95
15995.27
15997.07
15997.84
15998.36
16001.20
16002.74
16003.26
16004.55
16006.09
16006.87
16011.25
16011.77
16013.05
16013.83
16014.09
16014.34
16016.92
16018.21
16037.55
16037.80
16038.32
16038.58
16040.12
16041.41
16045.28
16049.66
16053.02
16053.53
16057.14
16064.62
16067.20
16068.23
16070.03
16070.55
16072.09
16073.64
16073.90
16074.41
16075.45
16076.22
16077.51
16078.02
16078.28
16080.34
16080.60
16081.38
16084.21
16089.11
16090.91
16092.46
16094.52
16096.59
16098.91
16101.48
16103.80
16106.12
16108.45
16111.02
16113.34
16115.92
16117.98
16120.56
16122.62
16124.95
16127.01
16129.07
16130.10
16132.16
16134.23
16135.26
16137.06
16138.87
16140.93
16142.73
16144.80
16146.86
16148.66
16150.73
16152.53
16153.82
16155.37
16157.17
16158.98
16161.04
16162.84
16163.88
16165.16
16166.97
16168.77
16170.32
16171.87
16173.67
16175.73
16177.54
16179.34
16181.15
16182.95
16184.76
16186.82
16188.62
16190.69
16192.75
16194.81
16196.36
16197.13
16198.68
16200.23
16201.26
16202.03
16204.09
16205.90
16207.70
16209.51
16211.31
16213.38
16214.66
16215.95
16217.76
16218.53
16219.56
16220.34
16220.85
16221.37
16222.66
16223.95
16225.23
16226.01
16227.30
16228.33
16229.36
16230.65
16232.45
16234.00
16235.80
16237.61
16239.16
16240.92
16242.72
16244.27
16246.07
16247.88
16249.43
16250.71
16252.26
16253.04
16254.32
16255.61
16257.42
16258.96
16259.74
16261.03
16262.06
16263.35
16264.38
16265.41
16266.44
16267.21
16268.50
16269.54
16270.05
16271.08
16271.86
16272.89
16273.92
16274.69
16275.98
16277.27
16278.82
16279.85
16280.88
16281.91
16284.23
16287.84
16292.22
16295.83
16299.70
16300.99
16302.02
16302.28
16303.31
16305.63
16305.89
16309.24
16312.85
16314.39
16314.91
16316.20
16316.97
16320.32
16323.42
16323.68
16326.00
16326.77
16327.54
16329.09
16330.89
16332.18
16333.99
16334.50
16335.28
16336.57
16337.60
16338.37
16340.95
16341.72
16342.75
16343.27
16344.56
16345.85
16347.14
16348.17
16348.94
16350.23
16351.26
16352.04
16353.07
16354.10
16354.61
16355.13
16355.64
16356.93
16357.71
16358.48
16359.25
16360.03
16360.80
16361.57
16362.09
16363.64
16364.67
16365.96
16367.76
16370.34
16372.92
16374.98
16376.27
16376.79
16377.30
16378.59
16379.62
16381.43
16382.71
16384.26
16385.29
16386.32
16388.13
16389.93
16391.74
16393.29
16395.35
16397.67
16398.96
16400.50
16402.05
16403.60
16405.14
16406.69
16408.75
16410.82
16412.62
16413.91
16414.68
16414.94
16415.71
16415.97
16416.75
16417.00
16417.52
16418.04
16418.29
16418.81
16419.32
16419.58
16420.36
16420.87
16421.13
16421.64
16422.42
16422.68
16423.19
16423.96
16424.48
16426.03
16427.57
16428.61
16429.38
16430.67
16431.70
16432.21
16432.99
16434.28
16435.57
16436.60
16437.11
16438.14
16439.18
16439.43
16440.21
16441.24
16442.27
16443.56
16445.11
16446.91
16448.46
16450.00
16452.07
16453.36
16454.90
16456.45
16457.48
16458.77
16459.80
16460.83
16461.86
16462.89
16463.67
16464.96
16466.25
16468.05
16470.11
16471.14
16471.92
16472.69
16473.98
16475.53
16476.82
16478.11
16478.62
16479.14
16480.43
16481.46
16482.23
16483.52
16484.29
16485.07
16486.87
16487.90
16489.19
16490.22
16490.74
16491.25
16492.54
16493.57
16494.35
16494.61
16495.12
16495.64
16496.15
16496.41
16497.18
16497.44
16497.70
16497.96
16498.21
16498.73
16499.50
16501.57
16503.11
16503.63
16504.92
16505.43
16505.69
16506.98
16507.24
16508.27
16508.79
16509.30
16509.82
16510.59
16511.62
16511.88
16512.39
16513.68
16514.46
16515.49
16516.26
16516.78
16517.29
16517.55
16518.07
16518.58
16519.10
16519.87
16520.13
16520.39
16520.90
16521.16
16521.42
16522.19
16522.45
16522.71
16524.00
16526.06
16527.61
16530.44
16532.76
16533.02
16533.54
16534.05
16537.40
16542.04
16546.43
16548.75
16550.81
16552.36
16555.45
16556.74
16559.06
16562.67
16565.76
16568.86
16570.92
16571.43
16574.01
16574.53
16580.46
16582.52
16584.58
16593.35
16597.21
16600.05
16604.18
16604.95
16607.53
16609.85
16611.14
16614.23
16616.81
16617.07
16617.84
16618.36
16622.22
16624.29
16627.89
16631.76
16633.82
16635.11
16635.37
16637.95
16644.14
16644.39
16644.65
16645.43
16645.68
16646.46
16648.26
16649.29
16651.36
16652.13
16653.16
16653.42
16654.19
16656.00
16658.83
16661.93
16662.96
16663.73
16664.76
16665.54
16666.57
16668.11
16668.37
16668.89
16669.92
16670.95
16671.98
16673.01
16674.04
16676.88
16680.23
16686.16
16691.57
16692.09
16692.35
16692.61
16692.86
16693.12
16696.21
16696.73
16696.99
16697.25
16699.82
16702.14
16703.69
16704.21
16704.46
16705.24
16705.50
16708.59
16708.85
16709.11
16709.62
16716.07
16719.93
16721.74
16726.64
16731.54
16731.79
16732.05
16732.31
16735.92
16736.43
16739.01
16739.27
16739.79
16740.82
16743.39
16745.97
16746.75
16747.26
16747.52
16747.78
16748.29
16749.32
16750.10
16750.87
16751.13
16751.90
16752.42
16757.06
16758.61
16758.86
16761.44
16762.21
16763.50
16764.79
16765.57
16766.08
16766.34
16767.37
16767.89
16768.40
16770.98
16773.30
16774.07
16775.11
16775.62
16775.88
16776.39
16777.68
16779.49
16779.75
16780.26
16781.04
16782.07
16782.84
16783.61
16785.16
16785.68
16786.45
16788.00
16789.29
16792.12
16796.76
16800.11
16807.85
16809.91
16811.20
16811.46
16813.00
16814.81
16817.39
16826.93
16833.37
16836.46
16840.33
16841.62
16841.88
16842.14
16843.43
16844.71
16845.23
16845.49
16846.78
16847.55
16848.58
16849.61
16850.90
16852.19
16853.48
16854.77
16855.80
16857.09
16858.38
16859.67
16860.96
16862.25
16863.54
16865.08
16865.86
16867.40
16868.95
16870.24
16871.53
16872.30
16873.59
16874.88
16876.17
16877.46
16878.49
16879.52
16880.81
16882.36
16883.64
16884.16
16884.68
16888.54
16891.64
16894.99
16895.76
16896.28
16897.57
16898.60
16899.11
16899.63
16901.69
16902.21
16902.46
16902.72
16903.75
16905.04
16909.68
16915.61
16923.61
16925.15
16929.02
16929.54
16931.34
16933.14
16933.40
16935.98
16936.75
16937.53
16937.79
16938.30
16938.56
16939.07
16939.33
16939.85
16941.14
16941.91
16942.43
16943.20
16943.71
16948.10
16950.42
16953.00
16955.06
16955.32
16955.83
16956.09
16956.86
16957.12
16957.38
16957.64
16957.89
16958.67
16958.93
16959.18
16961.76
16968.72
16970.79
16971.04
16972.33
16975.17
16977.49
16978.52
16978.78
16979.04
16979.55
16980.84
16982.64
16984.19
16986.00
16986.77
16989.61
16993.21
16995.02
16996.82
16999.40
17001.46
17002.50
17003.27
17003.53
17006.36
17007.39
17009.20
17013.32
17015.39
17018.22
17023.38
17029.57
17029.82
17031.63
17033.95
17053.54
17054.83
17055.35
17060.25
17060.50
17061.54
17061.79
17064.63
17064.89
17065.40
17065.66
17065.92
17066.43
17067.72
17069.01
17070.04
17071.85
17072.36
17072.62
17072.88
17073.14
17075.20
17077.78
17079.84
17080.10
17080.61
17082.16
17086.54
17095.57
17100.21
17100.72
17108.20
17110.00
17113.10
17120.57
17128.82
17131.14
17133.72
17139.91
17145.32
17153.83
17157.70
17159.25
17162.60
17165.95
17169.04
17171.62
17174.97
17178.07
17181.42
17184.77
17188.12
17191.47
17192.25
17193.02
17194.05
17195.34
17196.63
17197.66
17198.69
17199.72
17200.50
17201.27
17202.56
17203.59
17204.62
17205.65
17206.43
17207.46
17207.97
17208.75
17209.52
17210.29
17211.07
17212.10
17213.13
17213.90
17215.19
17216.48
17218.03
17219.32
17220.35
17221.38
17222.67
17223.70
17224.73
17225.50
17226.54
17227.57
17228.34
17229.37
17230.66
17231.18
17231.95
17232.98
17234.01
17235.04
17236.07
17236.59
17237.36
17238.39
17239.43
17239.94
17240.71
17241.49
17242.00
17242.78
17243.55
17244.32
17245.87
17247.16
17247.93
17248.71
17249.74
17250.77
17251.54
17252.06
17252.83
17253.35
17253.86
17254.89
17255.93
17256.70
17257.47
17257.99
17258.76
17259.28
17259.79
17260.57
17261.34
17261.86
17262.37
17262.89
17263.66
17264.18
17265.46
17266.24
17266.75
17267.79
17268.56
17269.07
17269.59
17270.11
17270.88
17271.39
17271.91
17272.68
17273.20
17273.71
17274.49
17275.00
17275.78
17276.55
17277.58
17278.36
17279.13
17279.64
17280.42
17281.45
17282.22
17283.00
17283.77
17284.54
17285.32
17285.83
17286.61
17287.38
17287.89
17288.67
17289.18
17289.96
17290.99
17291.76
17292.54
17293.05
17294.08
17294.86
17295.63
17296.40
17297.43
17298.21
17298.72
17299.24
17300.27
17301.04
17302.33
17303.11
17303.88
17304.91
17305.94
17306.71
17307.49
17308.78
17309.81
17310.84
17311.61
17312.64
17313.42
17314.19
17315.22
17315.74
17316.77
17317.29
17318.83
17319.35
17320.64
17321.41
17322.44
17322.96
17323.73
17324.76
17325.54
17326.57
17327.60
17328.63
17329.66
17330.43
17330.95
17331.46
17332.24
17332.75
17333.01
17333.53
17334.30
17335.07
17335.85
17336.36
17337.14
17337.65
17338.43
17338.94
17339.46
17339.97
17340.75
17341.78
17342.55
17343.07
17343.84
17344.36
17345.13
17345.90
17346.42
17347.45
17348.22
17348.74
17349.51
17349.77
17350.29
17350.80
17351.83
17352.35
17352.86
17353.89
17354.15
17355.18
17355.96
17356.99
17357.25
17357.50
17358.28
17358.79
17359.57
17359.82
17360.86
17361.11
17361.89
17362.14
17362.66
17362.92
17363.18
17363.95
17364.98
17365.50
17366.27
17366.79
17367.56
17368.33
17368.85
17369.36
17369.88
17370.65
17371.17
17371.68
17372.46
17373.49
17374.26
17375.04
17376.07
17377.10
17378.13
17378.39
17379.68
17380.45
17381.22
17382.00
17382.77
17384.06
17384.83
17385.86
17386.64
17387.67
17388.44
17389.47
17390.50
17391.54
17392.57
17393.60
17394.63
17395.66
17396.43
17397.21
17397.98
17398.75
17399.27
17400.30
17401.07
17401.85
17402.88
17403.91
17404.68
17405.71
17407.00
17407.78
17408.29
17409.32
17410.10
17411.13
17411.90
17412.93
17413.71
17413.96
17414.48
17414.74
17415.00
17415.25
17415.51
17416.29
17416.80
17417.32
17418.35
17419.12
17419.89
17420.67
17421.70
17421.96
17422.47
17422.99
17424.02
17425.05
17426.08
17426.86
17427.89
17428.66
17429.43
17430.46
17431.24
17432.27
17433.04
17433.56
17434.85
17435.88
17436.39
17437.68
17437.94
17438.46
17439.23
17440.26
17440.78
17441.55
17442.07
17442.84
17443.10
17444.13
17445.16
17446.19
17447.22
17448.00
17449.03
17449.54
17450.32
17451.09
17451.61
17452.12
17452.38
17452.89
17453.67
17453.93
17454.44
17454.96
17455.21
17455.73
17455.99
17456.50
17457.28
17457.54
17458.05
17458.57
17459.60
17460.37
17461.40
17461.92
17462.69
17463.21
17463.72
17464.50
17464.75
17465.53
17465.79
17466.82
17467.85
17468.62
17468.88
17470.17
17471.20
17471.71
17471.97
17472.23
17473.00
17473.52
17474.29
17475.07
17475.84
17476.36
17477.13
17477.90
17478.93
17479.71
17480.22
17480.48
17481.00
17481.77
17482.54
17483.32
17484.35
17485.12
17485.89
17486.67
17487.96
17489.25
17490.28
17490.79
17491.82
17492.60
17493.37
17494.14
17495.18
17495.95
17496.72
17497.75
17498.53
17499.30
17499.56
17500.33
17501.11
17501.62
17502.65
17503.68
17504.46
17504.97
17505.49
17506.26
17507.04
17507.55
17508.07
17508.84
17509.87
17510.64
17511.42
17512.19
17512.96
17513.74
17514.77
17515.54
17516.06
17517.09
17517.61
17518.64
17519.41
17519.93
17520.70
17520.96
17521.73
17521.99
17522.50
17523.02
17523.79
17524.31
17525.34
17526.11
17526.89
17527.66
17528.43
17529.21
17530.24
17530.50
17531.01
17531.79
17532.82
17533.33
17534.11
17534.62
17535.39
17535.91
17536.94
17537.71
17538.75
17539.52
17540.29
17541.32
17542.36
17543.13
17544.16
17544.93
17545.71
17546.74
17547.77
17548.29
17549.06
17549.57
17550.35
17551.12
17551.64
17552.67
17553.18
17553.96
17554.47
17555.50
17556.54
17557.31
17558.08
17559.11
17559.89
17560.66
17561.43
17562.21
17562.72
17563.50
17564.27
17564.79
17565.82
17566.59
17567.36
17567.88
17568.14
17568.65
17568.91
17569.43
17569.94
17570.71
17571.23
17572.00
17573.04
17573.81
17574.58
17575.36
17576.13
17576.64
17577.42
17578.19
17578.96
17579.48
17580.25
17580.77
17581.54
17582.32
17583.09
17583.86
17584.38
17584.64
17584.89
17585.41
17585.93
17586.44
17587.21
17588.25
17589.02
17589.54
17589.79
17591.08
17591.86
17593.14
17594.18
17594.95
17595.98
17597.01
17597.79
17598.82
17600.11
17600.88
17601.39
17602.43
17603.46
17604.23
17605.52
17606.29
17607.07
17607.84
17609.13
17609.90
17610.68
17611.45
17612.22
17613.00
17614.03
17614.80
17615.57
17616.35
17617.38
17618.15
17618.93
17619.44
17620.47
17621.50
17622.79
17624.08
17625.89
17626.66
17627.69
17628.72
17629.75
17630.01
17630.53
17630.79
17632.07
17632.85
17633.62
17634.39
17635.43
17636.71
17638.00
17639.04
17640.32
17641.36
17642.39
17643.42
17644.19
17645.22
17647.03
17647.29
17648.32
17648.57
17649.35
17651.15
17655.79
17656.05
17656.82
17660.18
17662.75
17663.27
17667.65
17669.20
17672.55
17674.36
17674.87
17676.93
17677.45
17677.71
17678.48
17678.74
17679.51
17680.29
17683.38
17686.21
17686.73
17688.79
17689.57
17690.08
17691.89
17695.24
17695.50
17696.53
17699.88
17703.75
17707.10
17710.19
17713.54
17715.35
17715.61
17716.64
17717.41
17717.93
17718.18
17718.96
17719.73
17721.02
17722.31
17724.63
17732.88
17736.49
17738.29
17738.55
17739.07
17739.32
17741.64
17742.16
17742.93
17747.83
17748.09
17748.86
17750.93
17752.21
17752.47
17753.25
17754.02
17755.31
17757.63
17759.95
17761.75
17762.01
17763.04
17763.82
17764.07
17765.36
17766.65
17770.26
17770.78
17771.55
17773.10
17774.39
17774.90
17776.19
17778.00
17779.80
17781.61
17783.41
17784.70
17786.50
17788.31
17791.66
17792.43
17793.46
17797.33
17800.94
17801.71
17804.29
17806.61
17808.42
17808.68
17808.93
17811.25
17814.35
17815.12
17815.38
17815.64
17817.96
17818.47
17818.99
17819.76
17824.66
17828.27
17828.53
17829.56
17830.85
17832.14
17832.39
17832.91
17834.71
17836.78
17841.16
17843.48
17845.29
17845.54
17846.32
17848.12
17849.67
17852.50
17860.75
17861.01
17861.53
17865.65
17866.43
17866.94
17867.46
17867.71
17868.75
17869.78
17871.58
17876.74
17877.25
17886.54
17886.79
17887.05
17893.24
17893.50
17894.79
17897.36
17899.43
17901.23
17903.81
17905.61
17906.13
17908.45
17909.22
17910.25
17911.03
17912.06
17913.09
17914.12
17915.15
17916.70
17917.73
17919.02
17920.57
17921.60
17922.63
17924.18
17925.46
17925.98
17927.01
17927.53
17928.56
17929.33
17930.36
17931.14
17932.43
17933.97
17935.52
17937.07
17938.61
17940.16
17941.71
17943.25
17944.80
17946.35
17947.89
17949.44
17950.99
17952.54
17954.08
17955.63
17957.18
17958.72
17960.27
17961.82
17963.36
17964.91
17966.71
17968.00
17970.32
17971.36
17972.39
17973.68
17974.96
17976.51
17978.06
17979.61
17981.41
17982.96
17984.25
17984.76
17988.11
17989.14
17989.92
17990.43
17993.01
17993.79
17994.04
17994.82
17996.36
17997.39
17999.97
18001.00
18003.84
18004.10
18004.36
18008.22
18008.48
18008.74
18010.54
18010.80
18011.57
18017.76
18018.79
18019.57
18021.89
18026.27
18031.17
18033.23
18033.49
18036.58
18038.13
18039.42
18039.93
18040.19
18040.45
18041.74
18043.80
18044.06
18044.57
18045.35
18045.61
18046.38
18047.15
18049.73
18053.08
18054.63
18054.89
18056.69
18057.72
18060.56
18061.59
18061.85
18062.36
18063.91
18067.78
18069.58
18070.61
18073.45
18077.83
18078.35
18078.61
18078.86
18079.38
18080.41
18080.67
18081.44
18083.25
18083.50
18083.76
18084.02
18088.66
18091.24
18100.00
18108.25
18116.50
18123.21
18129.14
18129.39
18133.52
18135.07
18137.90
18139.71
18140.22
18140.48
18141.00
18141.51
18142.29
18142.80
18144.09
18146.67
18152.60
18153.11
18154.92
18155.95
18157.75
18158.79
18162.39
18164.46
18164.97
18165.49
18165.75
18166.00
18166.26
18166.78
18168.07
18169.10
18170.13
18171.42
18172.45
18174.51
18177.86
18178.12
18181.73
18183.28
18183.79
18185.08
18186.37
18187.66
18188.95
18189.46
18190.24
18191.79
18193.59
18195.14
18195.91
18196.68
18197.46
18197.97
18198.49
18204.42
18206.22
18207.00
18209.06
18210.09
18210.35
18210.86
18211.38
18211.64
18212.15
18213.18
18214.47
18216.79
18219.11
18220.92
18221.95
18222.72
18225.04
18226.85
18229.17
18229.43
18230.46
18231.75
18235.10
18235.87
18236.64
18239.74
18240.00
18240.51
18240.77
18244.89
18246.18
18246.70
18247.47
18247.99
18248.76
18249.02
18251.86
18255.98
18264.75
18270.93
18278.15
18283.82
18288.98
18295.17
18301.61
18307.03
18314.25
18316.05
18316.57
18319.14
18323.27
18323.79
18324.82
18325.07
18325.85
18327.65
18329.20
18330.75
18331.00
18332.81
18333.32
18334.61
18335.64
18337.71
18340.03
18341.83
18342.61
18343.89
18345.44
18346.73
18348.02
18349.05
18349.82
18350.60
18350.86
18351.63
18352.92
18354.98
18356.01
18357.04
18357.30
18358.07
18359.62
18360.14
18360.65
18361.17
18361.68
18362.20
18362.97
18363.49
18364.26
18365.04
18365.55
18365.81
18366.07
18367.36
18368.90
18369.93
18370.45
18371.22
18372.25
18372.51
18372.77
18373.29
18374.06
18374.57
18375.61
18376.12
18376.64
18377.15
18378.70
18391.33
18399.84
18405.51
18409.64
18412.47
18414.79
18421.24
18424.33
18428.46
18431.81
18434.39
18438.51
18439.54
18440.57
18442.38
18445.21
18446.76
18448.82
18451.14
18453.21
18454.75
18457.85
18464.29
18469.71
18470.74
18473.57
18476.67
18478.21
18481.57
18483.63
18485.69
18487.75
18488.79
18490.85
18492.39
18492.91
18493.68
18494.46
18495.49
18496.00
18497.04
18498.07
18499.61
18504.25
18509.93
18513.02
18517.92
18519.21
18522.04
18523.33
18527.46
18531.84
18535.71
18543.18
18544.21
18544.73
18545.76
18546.79
18547.82
18548.60
18550.14
18551.43
18552.98
18554.27
18555.56
18556.59
18559.68
18564.58
18569.74
18572.57
18572.83
18573.09
18577.99
18581.08
18583.14
18583.40
18584.43
18585.72
18588.56
18589.59
18591.39
18596.55
18601.71
18606.09
18609.44
18610.99
18613.31
18614.08
18615.37
18617.18
18618.46
18618.98
18619.24
18620.79
18621.04
18621.30
18640.89
18642.44
18643.47
18645.54
18645.79
18647.08
18647.86
18648.89
18649.92
18650.95
18652.24
18653.27
18654.56
18655.85
18657.14
18658.43
18659.97
18661.52
18662.55
18664.10
18665.39
18666.68
18668.22
18669.51
18671.06
18672.35
18673.64
18674.15
18675.18
18676.21
18677.25
18678.54
18679.82
18680.86
18681.63
18682.66
18683.95
18685.24
18686.53
18687.82
18688.33
18688.59
18689.11
18690.14
18690.39
18694.00
18696.32
18698.39
18698.64
18714.63
18716.18
18719.01
18720.82
18723.14
18725.20
18727.26
18729.58
18732.42
18735.25
18738.61
18744.28
18751.50
18756.91
18762.07
18764.90
18765.42
18765.93
18767.22
18768.77
18769.54
18770.32
18771.61
18771.86
18772.12
18772.89
18774.18
18776.25
18778.05
18779.60
18781.66
18784.50
18788.36
18791.46
18791.71
18793.78
18795.32
18796.87
18798.68
18801.00
18802.54
18804.61
18806.15
18807.70
18809.50
18811.31
18814.92
18816.98
18818.79
18820.85
18821.36
18823.94
18824.97
18828.07
18831.42
18835.03
18838.12
18841.47
18845.34
18848.69
18852.30
18855.65
18859.26
18862.36
18865.45
18868.54
18871.64
18874.73
18877.31
18880.66
18883.75
18886.85
18890.20
18893.29
18896.39
18899.48
18902.32
18905.41
18908.25
18911.34
18913.92
18916.50
18919.07
18921.39
18923.71
18926.04
18928.36
18929.39
18930.68
18931.96
18933.51
18934.80
18935.83
18937.12
18938.41
18939.70
18940.99
18942.28
18943.82
18945.37
18946.92
18947.69
18949.50
18951.82
18954.14
18955.94
18957.23
18959.04
18960.84
18962.90
18964.45
18966.25
18969.09
18970.12
18973.73
18974.76
18975.79
18978.63
18978.89
18979.14
18979.40
18983.01
18983.79
18984.04
18984.30
18985.59
18986.62
18986.88
18987.65
18988.94
18990.23
18991.52
18992.81
18994.10
18995.13
18996.42
18997.71
18999.00
19000.29
19001.57
19002.86
19004.15
19005.44
19006.73
19008.28
19009.57
19010.86
19012.14
19013.43
19014.46
19015.75
19017.04
19018.33
19019.62
19020.91
19022.20
19022.97
19024.26
19025.55
19026.84
19028.13
19029.42
19030.71
19032.00
19033.03
19034.06
19035.61
19036.89
19037.93
19039.21
19040.50
19041.79
19043.08
19044.11
19045.40
19046.69
19047.98
19049.27
19050.30
19051.59
19052.36
19053.14
19053.91
19054.94
19055.97
19057.26
19058.55
19059.32
19060.10
19061.13
19062.42
19063.96
19065.25
19066.80
19068.09
19069.64
19070.67
19071.96
19073.25
19074.28
19075.82
19077.11
19078.66
19079.95
19080.46
19081.50
19081.75
19082.53
19083.56
19084.33
19085.11
19085.36
19085.62
19085.88
19091.04
19095.68
19100.06
19103.67
19106.76
19109.08
19109.34
19109.86
19110.89
19111.92
19112.95
19113.98
19115.01
19116.30
19117.33
19118.36
19119.39
19120.43
19121.46
19122.49
19123.52
19124.55
19125.58
19126.61
19127.64
19129.71
19141.31
19152.65
19166.32
19176.37
19185.14
19193.64
19201.64
19210.14
19219.17
19228.19
19236.96
19237.21
19237.47
19242.11
19242.37
19247.53
19252.94
19257.84
19261.96
19264.80
19270.73
19276.66
19283.11
19288.78
19290.07
19290.58
19290.84
19292.39
19293.93
19296.77
19299.09
19300.12
19300.64
19300.89
19301.15
19301.41
19301.67
19302.44
19303.21
19304.50
19305.02
19306.05
19307.08
19308.11
19309.40
19310.43
19311.72
19312.24
19313.27
19313.79
19314.82
19315.59
19316.11
19317.14
19317.91
19318.68
19319.71
19320.75
19321.78
19322.55
19323.32
19324.10
19325.13
19326.16
19327.19
19327.96
19329.00
19330.03
19331.06
19332.09
19333.12
19333.89
19334.93
19335.96
19336.99
19337.76
19338.54
19339.57
19340.08
19340.86
19341.89
19342.66
19343.69
19344.21
19344.98
19345.24
19345.50
19346.53
19347.30
19348.07
19349.11
19349.88
19350.65
19351.68
19352.71
19353.75
19354.78
19355.81
19356.58
19357.36
19358.13
19359.16
19360.19
19361.22
19362.51
19364.32
19365.86
19367.15
19368.18
19368.96
19369.99
19371.28
19372.31
19373.08
19373.86
19374.89
19375.92
19376.69
19377.72
19378.75
19379.53
19380.56
19381.07
19382.11
19383.14
19384.17
19384.94
19385.71
19386.75
19387.78
19388.55
19389.58
19390.36
19391.39
19392.42
19392.93
19393.19
19394.74
19395.51
19395.77
19399.38
19403.50
19407.11
19410.72
19413.56
19416.65
19420.26
19427.48
19434.44
19441.14
19445.53
19446.30
19446.82
19447.59
19447.85
19448.62
19450.17
19451.46
19452.23
19455.58
19459.19
19460.74
19462.54
19463.83
19464.61
19465.38
19465.64
19465.89
19466.41
19467.70
19469.76
19470.54
19471.05
19474.40
19477.75
19479.56
19480.07
19482.91
19484.46
19485.75
19486.78
19488.07
19489.36
19490.64
19491.93
19492.19
19493.48
19497.86
19500.44
19500.70
19501.73
19504.82
19506.37
19512.30
19520.04
19527.25
19533.44
19539.63
19545.56
19551.49
19555.36
19561.54
19566.96
19572.37
19577.53
19583.20
19586.29
19587.84
19588.61
19590.16
19591.45
19592.22
19592.48
19593.00
19593.51
19594.54
19595.32
19596.09
19596.86
19597.64
19598.67
19599.70
19600.47
19601.25
19602.28
19603.05
19604.08
19604.86
19605.89
19606.66
19607.69
19608.72
19609.50
19610.53
19611.30
19612.33
19613.36
19614.14
19615.17
19615.94
19616.97
19617.75
19618.78
19619.55
19620.32
19621.36
19622.13
19623.16
19623.93
19624.96
19625.74
19626.51
19627.54
19628.57
19629.61
19630.38
19631.41
19632.18
19632.96
19633.99
19634.76
19635.79
19636.57
19637.34
19638.37
19639.14
19640.18
19640.95
19641.72
19642.75
19643.53
19644.56
19645.33
19646.11
19646.88
19647.91
19648.68
19649.71
19650.49
19651.26
19652.29
19653.07
19654.10
19654.87
19655.64
19656.68
19657.71
19658.48
19659.25
19660.03
19660.80
19661.32
19661.83
19662.61
19663.38
19664.15
19664.67
19665.96
19668.02
19668.79
19669.31
19669.57
19669.82
19672.40
19672.66
19672.92
19673.69
19673.95
19674.46
19675.75
19677.82
19679.88
19682.46
19684.52
19685.81
19686.84
19688.13
19689.16
19690.45
19691.48
19692.77
19694.06
19695.09
19696.12
19696.89
19697.67
19698.70
19699.73
19700.50
19701.79
19703.08
19704.63
19705.66
19706.43
19707.46
19708.24
19709.53
19710.56
19711.85
19712.88
19713.91
19715.46
19718.04
19718.29
19719.32
19719.84
19720.10
19720.36
19720.61
19721.39
19722.16
19722.42
19722.93
19726.03
19729.12
19731.96
19734.28
19737.11
19737.37
19737.63
19737.89
19738.40
19738.92
19739.43
19739.69
19740.21
19740.72
19741.24
19741.75
19745.11
19746.14
19748.97
19749.23
19749.49
19749.75
19750.00
19751.04
19753.10
19755.16
19756.71
19758.77
19760.57
19763.67
19765.99
19768.31
19770.89
19774.24
19777.85
19781.71
19785.07
19788.42
19791.51
19795.12
19798.73
19802.60
19806.21
19810.07
19813.68
19816.78
19820.39
19823.74
19827.09
19830.18
19832.76
19835.34
19838.43
19841.79
19844.88
19847.97
19851.32
19854.42
19857.77
19860.61
19863.18
19865.76
19867.82
19870.14
19872.46
19874.53
19876.85
19878.91
19881.75
19884.07
19886.90
19888.19
19888.71
19889.74
19890.00
19892.32
19894.38
19897.47
19899.79
19900.05
19900.31
19900.57
19901.08
19903.92
19906.75
19908.04
19909.59
19910.62
19912.17
19912.94
19913.97
19916.55
19918.36
19920.16
19920.68
19921.45
19922.74
19924.03
19924.29
19924.54
19924.80
19925.06
19925.32
19925.57
19926.09
19926.35
19926.61
19926.86
19927.12
19927.38
19927.89
19928.15
19932.28
19934.60
19936.92
19939.24
19942.07
19945.43
19947.23
19949.04
19950.84
19952.13
19954.71
19957.03
19960.89
19962.18
19965.02
19969.14
19973.27
19975.33
19976.88
19977.91
19979.46
19980.75
19981.26
19983.58
19984.61
19985.90
19987.19
19990.54
19994.93
19998.02
19998.79
19999.57
20000.86
20002.92
20004.98
20005.75
20007.04
20007.82
20011.17
20011.94
20015.81
20019.68
20026.38
20032.82
20035.14
20035.40
20037.46
20039.27
20044.17
20045.97
20048.29
20048.55
20048.81
20049.07
20049.58
20049.84
20051.13
20053.45
20055.00
20057.83
20058.09
20058.35
20059.89
20062.47
20067.63
20072.01
20074.85
20076.14
20078.71
20082.07
20082.58
20083.87
20086.45
20088.00
20088.51
20090.57
20092.12
20093.67
20095.21
20095.47
20095.73
20095.99
20096.76
20097.02
20098.82
20099.34
20099.60
20099.86
20100.37
20100.63
20101.14
20101.40
20101.92
20102.69
20103.21
20103.72
20104.50
20106.56
20107.07
20107.59
20107.85
20111.46
20112.75
20113.26
20113.78
20114.04
20115.84
20116.61
20117.64
20119.71
20119.96
20120.48
20120.74
20121.25
20121.51
20122.80
20123.32
20124.09
20125.12
20125.64
20126.41
20126.93
20127.18
20130.54
20131.57
20133.11
20134.40
20136.21
20136.46
20136.72
20136.98
20137.50
20138.27
20138.79
20139.56
20139.82
20140.33
20141.11
20141.62
20142.39
20143.43
20143.94
20144.20
20144.46
20144.71
20145.23
20145.75
20146.00
20163.02
20163.28
20165.34
20167.92
20168.18
20169.72
20171.27
20173.07
20173.33
20173.59
20174.36
20177.71
20181.07
20181.58
20182.10
20182.36
20182.61
20182.87
20183.13
20184.68
20186.48
20186.74
20187.00
20187.25
20187.51
20187.77
20188.03
20188.54
20189.06
20190.86
20191.64
20191.89
20192.93
20196.02
20197.31
20197.82
20199.63
20200.92
20201.43
20202.21
20202.72
20204.79
20205.82
20209.68
20212.78
20214.07
20215.10
20216.13
20217.93
20219.48
20221.03
20221.29
20222.32
20222.57
20222.83
20223.09
20223.61
20227.21
20227.47
20227.73
20227.99
20228.76
20229.02
20231.34
20232.89
20233.40
20233.92
20236.50
20238.30
20240.11
20241.91
20243.46
20245.00
20246.29
20246.55
20247.07
20248.10
20248.61
20249.64
20250.42
20250.93
20251.71
20252.74
20255.06
20255.83
20256.09
20257.89
20258.15
20258.41
20259.70
20261.76
20263.82
20264.08
20264.86
20265.63
20266.92
20267.43
20268.98
20271.82
20273.62
20274.14
20274.39
20274.91
20275.17
20275.43
20276.20
20276.97
20277.75
20279.04
20279.55
20280.58
20281.10
20281.36
20282.90
20283.42
20284.45
20285.22
20286.25
20288.57
20289.61
20291.15
20291.41
20291.67
20291.93
20292.18
20292.70
20295.54
20296.57
20298.37
20298.63
20298.89
20299.14
20299.40
20299.66
20302.50
20304.56
20305.07
20305.85
20307.39
20309.97
20311.78
20312.55
20313.32
20314.10
20317.71
20319.00
20319.51
20320.03
20320.54
20321.57
20321.83
20322.09
20322.35
20322.86
20324.15
20324.67
20325.44
20326.21
20326.73
20327.25
20327.50
20328.02
20328.54
20328.79
20329.05
20330.08
20331.89
20333.18
20335.24
20338.07
20340.91
20342.46
20352.00
20354.83
20355.61
20356.38
20356.64
20356.89
20358.18
20358.96
20359.47
20359.73
20360.25
20360.50
20361.02
20363.08
20364.11
20365.14
20368.24
20371.07
20371.85
20372.11
20372.36
20372.62
20373.14
20373.39
20373.91
20374.17
20374.68
20375.46
20375.71
20375.97
20376.23
20377.00
20378.04
20378.55
20380.10
20380.61
20381.39
20381.90
20382.42
20382.68
20383.19
20384.22
20385.00
20386.03
20388.09
20390.15
20390.67
20391.18
20392.99
20394.54
20396.34
20397.63
20398.92
20399.43
20400.21
20402.53
20402.79
20403.56
20404.33
20404.59
20404.85
20405.88
20406.91
20407.94
20409.23
20410.00
20410.78
20411.55
20413.10
20414.39
20415.42
20416.19
20417.48
20418.51
20419.54
20420.32
20420.57
20421.09
20422.12
20422.89
20423.67
20424.70
20424.96
20425.99
20426.76
20427.79
20428.82
20429.34
20429.60
20430.37
20430.63
20431.66
20432.95
20433.72
20434.50
20434.75
20435.27
20435.53
20436.56
20437.07
20437.59
20437.85
20438.11
20438.62
20439.14
20440.43
20441.71
20441.97
20442.49
20442.75
20443.00
20443.26
20443.78
20444.04
20444.55
20445.07
20445.32
20445.58
20445.84
20446.10
20448.68
20451.25
20451.51
20452.03
20452.54
20453.06
20455.12
20456.67
20456.93
20457.44
20458.47
20458.99
20460.28
20461.82
20463.11
20464.92
20468.27
20468.79
20469.30
20470.33
20470.59
20470.85
20472.14
20474.20
20476.52
20478.32
20480.13
20481.42
20481.68
20483.22
20483.48
20483.74
20484.00
20484.25
20485.80
20486.83
20488.38
20490.44
20492.76
20494.82
20496.11
20496.89
20498.43
20500.50
20502.56
20504.11
20505.65
20507.46
20509.00
20510.04
20510.81
20512.36
20513.39
20514.93
20516.74
20518.03
20520.09
20522.67
20524.47
20525.76
20526.54
20527.05
20527.31
20528.08
20528.60
20528.86
20530.92
20531.95
20535.82
20536.85
20537.11
20537.62
20537.88
20538.14
20538.39
20538.65
20538.91
20539.17
20539.43
20539.68
20539.94
20540.20
20540.46
20540.71
20541.23
20542.00
20542.26
20542.52
20542.78
20543.04
20543.29
20543.81
20544.84
20551.03
20557.21
20563.14
20568.30
20568.56
20568.82
20569.07
20569.33
20569.59
20569.85
20570.36
20570.62
20570.88
20571.14
20571.39
20571.65
20571.91
20572.43
20572.94
20573.20
20573.71
20573.97
20574.49
20575.00
20575.52
20576.04
20576.29
20576.55
20576.81
20577.07
20577.32
20577.58
20577.84
20578.61
20578.87
20579.13
20579.39
20579.90
20580.16
20580.42
20580.68
20580.93
20581.19
20581.45
20581.71
20581.96
20582.48
20582.74
20583.25
20583.51
20583.77
20584.03
20584.54
20585.06
20585.32
20585.57
20585.83
20586.09
20586.35
20586.61
20587.12
20587.64
20588.15
20589.44
20589.70
20589.96
20590.21
20590.73
20590.99
20591.25
20591.50
20591.76
20592.02
20592.28
20592.54
20592.79
20593.05
20593.31
20593.57
20593.82
20594.08
20594.34
20594.60
20594.86
20596.92
20599.75
20603.11
20605.43
20605.68
20605.94
20606.20
20606.46
20606.71
20606.97
20607.23
20608.00
20609.04
20610.58
20611.10
20611.36
20611.61
20611.87
20612.13
20612.39
20612.64
20612.90
20613.16
20613.42
20613.68
20613.93
20614.19
20614.45
20614.71
20614.96
20615.22
20615.48
20615.74
20616.00
20616.25
20616.51
20616.77
20617.03
20617.29
20617.54
20618.32
20618.57
20618.83
20619.61
20619.86
20620.12
20620.64
20621.41
20621.67
20621.93
20622.18
20622.44
20622.70
20622.96
20623.21
20623.47
20623.73
20623.99
20624.25
20624.50
20624.76
20625.02
20625.28
20625.54
20625.79
20626.05
20834.62
21276.77
22671.28
24085.89
25436.32
26581.78
16674.94
17480.86
