9.25
11.16
9.45
8.67
9.77
68.18
118.85
171.45
222.11
274.45
323.17
375.70
425.72
477.80
526.27
577.83
624.59
919.38
1348.52
1807.28
2192.40
2677.11
3041.77
3473.03
3883.97
4306.75
4746.02
5169.76
5590.77
6004.74
6449.21
6861.97
7246.37
7653.71
8060.70
8476.71
8884.05
9391.17
9780.07
10185.86
10591.66
11017.86
11270.74
11284.16
11284.42
11284.68
11284.93
11285.19
11285.45
11285.71
11285.96
11286.22
11286.48
11286.74
11288.03
11288.54
11289.06
11350.42
11389.09
11401.46
11459.21
11478.29
11497.11
11533.68
11592.97
11684.66
11797.32
11866.67
11945.30
12040.45
12104.65
12155.35
12203.67
12248.53
12306.57
12381.40
12442.54
12505.45
12594.13
12673.02
12746.76
12806.31
12881.08
12959.20
13032.01
13077.39
13115.03
13161.95
13208.61
13250.38
13295.11
13336.87
13379.41
13423.50
13452.11
13463.20
13474.80
13486.92
13498.26
13513.99
13531.26
13543.38
13556.27
13572.25
13582.05
13591.59
13600.61
13609.38
13618.14
13626.65
13636.71
13646.50
13657.33
13668.42
13678.99
13688.87
13700.73
13710.53
13720.07
13731.15
13741.72
13751.26
13764.67
13776.79
13786.84
13796.38
13805.66
13814.17
13822.42
13831.18
13840.72
13850.26
13859.03
13867.79
13876.56
13885.84
13895.12
13902.86
13911.11
13919.10
13927.61
13936.22
13944.98
13953.75
13962.00
13969.21
13987.00
14011.75
14022.58
14033.15
14049.91
14065.38
14080.07
14093.74
14107.40
14117.71
14129.06
14146.85
14149.17
14180.62
14219.81
14262.35
14315.97
14362.12
14393.06
14423.74
14441.01
14458.03
14464.99
14471.95
14478.91
14485.36
14491.80
14499.28
14538.98
14559.09
14561.41
14564.76
14567.60
14569.66
14572.75
14575.59
14577.65
14580.23
14583.07
14586.68
14589.00
14591.32
14593.38
14595.70
14597.76
14601.11
14603.43
14621.74
14662.21
14712.75
14764.31
14816.90
14851.45
15006.14
15648.86
16080.70
16414.05
8.96
66.99
115.03
166.85
218.36
267.09
318.13
367.21
417.22
468.27
515.45
565.21
612.64
662.14
729.18
764.20
811.64
861.65
908.83
958.85
1006.03
1085.92
1432.59
1844.54
2273.13
2679.94
3130.14
3523.93
3951.66
4365.00
4786.98
5226.91
5650.79
6070.50
6474.60
6921.51
7341.74
7797.98
8139.84
8564.46
8979.28
9393.84
9891.38
10305.17
10709.16
11203.31
11538.46
11937.82
12341.08
12751.09
13145.57
13546.98
13921.59
14405.77
14821.10
15204.73
15607.17
16025.60
16435.59
16840.87
17251.82
17667.67
17933.19
18154.54
18156.64
18156.90
18164.38
18191.45
18191.70
18192.22
18192.48
18192.73
18192.99
18193.25
18193.77
18194.02
18195.83
18196.09
18196.34
18196.86
18203.82
18204.08
18211.55
18211.81
18212.33
18212.59
18212.84
18213.36
18213.88
18214.39
18214.91
18260.28
18305.73
18355.49
18377.66
18399.67
18420.04
18439.12
18458.71
18479.59
18507.70
18609.02
18675.94
18758.96
18811.95
18861.96
18936.21
19017.68
19097.86
19176.23
19266.00
19362.16
19432.54
19514.01
19592.93
19672.34
19733.44
19816.55
19891.98
19982.21
20067.03
20141.02
20216.05
20305.25
20391.88
20483.14
20570.28
20647.37
20731.93
20775.24
20815.46
20862.12
20904.92
20951.07
20999.02
21044.14
21087.97
21134.38
21180.64
21231.95
21277.84
21325.02
21376.84
21445.16
21505.48
21560.14
21588.13
21615.46
21643.56
21679.65
21700.28
21711.36
21723.22
21734.82
21753.13
21762.15
21770.92
21779.94
21789.48
21800.82
21812.17
21823.77
21833.57
21843.11
21853.42
21866.05
21878.94
21887.96
21899.05
21909.88
21920.45
21931.54
21947.26
21959.89
21969.95
21979.49
21989.54
21999.60
22013.26
22023.32
22032.86
22044.46
22055.54
22066.89
22085.19
22098.60
22114.58
22126.96
22139.59
22150.16
22160.47
22171.04
22182.13
22192.44
22208.62
22220.48
22230.54
22238.53
22246.52
22254.77
22263.79
22272.82
22281.58
22291.38
22300.14
22308.39
22316.39
22324.64
22332.63
22340.88
22349.64
22358.93
22367.18
22375.68
22383.68
22392.18
22400.69
22410.23
22419.51
22428.02
22436.27
22445.04
22455.35
22463.34
22471.33
22480.87
22490.15
22499.43
22508.97
22516.45
22524.44
22531.66
22539.14
22546.87
22556.41
22577.81
22602.56
22627.57
22636.85
22637.36
22652.83
22669.59
22691.76
22707.75
22720.64
22733.01
22747.45
22758.54
22770.39
22783.80
22797.46
22811.64
22825.31
22836.91
22859.08
22861.66
22879.45
22928.95
22969.17
23023.31
23073.07
23124.11
23165.88
23206.36
23243.74
23275.19
23305.61
23341.19
23353.57
23368.26
23380.64
23395.85
23402.29
23410.03
23416.73
23425.50
23430.91
23438.39
23444.32
23449.73
23457.72
23464.94
23472.16
23513.93
23553.11
23562.65
23565.49
23568.32
23570.39
23573.22
23575.54
23578.64
23581.47
23584.57
23586.89
23589.21
23591.79
23594.11
23595.91
23598.49
23600.81
23603.39
23605.45
23607.51
23611.12
23613.18
23616.54
23619.11
23622.72
23625.30
23628.39
23629.94
23632.00
23634.32
23638.71
23675.06
23716.74
23769.59
23822.45
23874.27
23926.34
23977.91
24031.27
24075.36
24530.91
25208.44
25625.84
26049.68
26490.03
26634.66
