9.89
8.40
10.34
9.13
8.85
68.18
119.31
171.64
223.48
274.78
325.31
378.82
428.57
479.88
529.89
580.17
635.54
981.86
1409.97
1843.71
2256.91
2708.33
3113.34
3545.24
3971.41
4379.36
4834.47
5261.53
5671.50
6087.71
6543.32
6945.76
7394.52
7748.50
8158.38
8565.48
8988.04
9470.75
9877.57
10297.29
10793.59
10992.36
11031.74
11034.83
11043.08
11043.34
11043.59
11043.85
11048.75
11049.27
11049.52
11049.78
11057.00
11057.26
11057.52
11064.73
11064.99
11065.25
11072.47
11072.73
11085.36
11085.62
11085.88
11088.20
11088.45
11095.93
11096.19
11096.45
11103.66
11103.92
11111.40
11111.66
11118.88
11119.13
11119.39
11126.61
11126.87
11127.12
11127.38
11134.34
11134.60
11134.86
11152.91
11153.16
11153.42
11153.68
11153.94
11154.20
11154.45
11154.71
11154.97
11155.23
11156.77
11157.03
11157.55
11243.66
11253.71
11265.57
11325.12
11343.43
11364.05
11425.60
11493.40
11589.32
11689.61
11767.47
11860.40
11938.77
11990.85
12036.90
12083.05
12141.83
12201.12
12273.68
12334.26
12427.57
12505.17
12576.18
12642.43
12720.29
12800.99
12884.00
12933.18
12971.34
13019.29
13064.67
13106.69
13151.55
13194.04
13237.87
13286.08
13316.76
13328.62
13339.71
13351.57
13369.10
13382.50
13398.23
13410.61
13421.95
13435.36
13444.89
13455.21
13463.46
13471.96
13480.73
13490.27
13500.58
13510.64
13521.46
13532.55
13542.86
13555.24
13565.81
13577.41
13588.24
13599.84
13610.15
13623.56
13635.16
13644.96
13654.50
13663.78
13671.00
13679.51
13688.02
13698.07
13706.84
13715.60
13724.37
13733.13
13742.67
13751.44
13759.95
13767.94
13776.19
13784.70
13793.98
13804.29
13813.05
13821.36
13831.15
13848.68
13872.40
13874.21
13891.48
13910.30
13925.00
13939.69
13952.07
13961.35
13973.72
13985.07
13994.35
14035.86
14077.62
14134.86
14182.29
14205.24
14238.75
14261.96
14280.00
14289.80
14297.54
14304.24
14311.20
14317.64
14324.35
14345.49
14385.19
14387.25
14390.35
14392.93
14396.28
14399.63
14402.46
14405.04
14407.62
14410.46
14412.78
14414.32
14416.90
14419.74
14421.80
14423.86
14426.44
14428.76
14433.14
14465.11
14512.29
14562.31
14614.39
14664.66
14677.55
15229.79
15685.34
16132.39
16220.56
