9.62
169.22
7.31
76.95
377.54
435.85
526.25
8.61
75.63
136.68
463.57
770.76
771.79
833.67
900.13
8.61
73.88
132.58
190.07
446.42
814.24
1180.75
1212.46
1253.97
1369.65
1405.75
1439.18
8.93
71.98
129.60
186.06
242.16
375.43
744.96
1108.71
1482.73
1742.36
1743.65
1835.43
1914.58
1963.50
2018.24
2078.05
2261.62
9.18
70.97
126.65
181.31
236.11
289.73
342.59
568.05
934.76
1309.25
1664.83
2026.30
2315.39
2338.07
2339.11
2342.46
2395.82
2478.07
2562.08
2641.49
2691.34
2739.55
2797.86
2917.23
9.98
69.93
124.56
177.93
232.47
285.32
337.91
390.98
440.46
675.15
1040.71
1398.82
1771.66
2127.78
2491.05
2855.06
3028.05
3031.14
3033.98
3099.72
3172.94
3240.77
3340.70
3420.88
3454.14
3510.42
3583.90
3630.30
3659.70
3997.69
9.49
68.38
122.14
174.22
227.29
278.59
331.45
382.07
433.38
484.68
528.51
691.56
1042.43
1382.70
1731.86
2086.69
2408.66
2792.27
3084.34
3438.96
3820.37
3889.33
3929.29
3994.52
4035.62
4126.11
4228.06
4318.81
4396.88
4421.89
4471.65
4526.46
4580.86
4636.80
4672.64
4993.10
5077.23
9.33
67.48
119.50
170.80
222.50
273.04
323.82
373.84
425.70
475.71
526.25
576.00
625.25
714.10
983.72
1350.68
1720.52
2072.87
2441.76
2789.55
3150.06
3531.05
3940.70
4237.96
4563.35
4752.72
4779.74
4785.41
4791.59
4795.20
4867.65
4946.35
4982.44
5029.07
5146.63
5271.27
5354.29
5432.66
5466.69
5505.36
5568.01
5626.00
5683.24
5738.04
5795.01
5812.54
6198.49
6353.43
9.32
66.79
118.46
168.21
218.71
268.47
317.97
367.47
417.76
467.26
516.50
564.45
613.70
666.80
710.63
759.46
862.25
1112.43
1478.55
1864.92
2203.48
2575.98
2924.03
3286.19
3666.68
4017.82
4376.85
4759.24
5118.11
5474.23
5694.89
5739.54
5740.31
5747.02
5754.49
5759.65
5762.48
5816.62
5932.38
5989.88
6013.41
6105.70
6245.01
6365.67
6452.55
6530.07
6585.50
6613.09
6665.68
6722.92
6783.76
6836.36
6878.12
6934.07
6989.24
7006.77
7319.75
7666.00
9.98
65.82
116.51
165.23
215.22
264.46
312.68
361.14
410.82
459.03
506.98
555.45
602.89
650.07
698.28
745.72
795.63
843.32
882.00
1000.28
1201.14
1559.39
1915.69
2280.30
2659.34
3001.02
3361.88
3741.11
4089.67
4461.45
4825.43
5185.34
5539.93
5911.58
6269.94
6596.84
6710.02
6749.23
6753.61
6761.09
6768.82
6778.36
6783.00
6835.60
6922.04
6994.97
7090.36
7105.57
7201.70
7337.31
7464.49
7566.07
7615.05
7720.24
7770.77
7802.73
7859.71
7913.85
7969.02
8024.81
8079.46
8133.35
8188.52
8245.50
8271.54
8350.43
8893.64
9061.47
8.55
64.92
114.61
162.57
211.19
259.14
306.84
354.79
403.50
451.45
498.89
546.33
592.73
639.66
687.35
733.76
783.60
831.04
878.21
924.36
971.80
1014.08
1114.30
1270.99
1577.26
1952.32
2321.81
2784.54
3025.27
3430.97
3766.45
4122.74
4537.42
4814.80
5215.02
5571.52
5928.84
6303.31
6660.66
7078.16
7425.18
7768.59
7923.53
7971.75
7976.64
7984.38
7991.85
7999.59
8010.41
8012.99
8044.19
8141.98
8163.38
8214.95
8291.77
8342.46
8397.70
8534.34
8653.29
8761.83
8871.14
8970.14
9028.81
9105.91
9157.73
9183.77
9242.81
9300.30
9358.57
9416.50
9470.12
9524.78
9579.95
9635.64
9691.84
9733.61
9753.98
10099.45
10626.41
10688.29
9.47
64.09
112.61
160.04
208.29
255.21
302.64
349.05
397.40
444.06
491.50
537.91
585.09
630.98
677.64
723.79
772.96
819.11
866.29
912.44
958.33
1005.25
1051.14
1096.78
1143.18
1199.41
1344.67
1493.00
1839.39
2209.78
2556.30
2951.50
3279.69
3777.95
4022.21
4380.83
4759.36
5113.04
5476.30
5832.77
6233.72
6567.92
7227.41
7344.49
7692.54
8054.25
8416.73
8718.23
9024.00
9171.61
9225.61
9230.50
9238.23
9245.71
9253.45
9260.92
9268.66
9274.84
9280.77
9330.79
9413.41
9454.41
9515.51
9573.52
9641.29
9681.51
9719.41
9811.48
9918.21
10058.72
10181.18
10298.23
10379.95
10480.76
10549.85
10596.26
10623.07
10649.11
10690.62
10756.88
10820.64
10876.59
10935.37
10981.78
11018.64
11074.33
11126.41
11176.43
11231.16
11286.33
11303.09
11752.71
12276.59
12395.70
10.74
63.53
110.60
157.52
204.89
251.04
297.45
343.34
390.84
436.99
482.88
528.52
573.89
619.27
664.12
710.27
758.11
803.74
849.37
894.49
939.86
985.24
1030.10
1074.70
1119.04
1163.39
1208.50
1252.85
1297.45
1351.59
1507.22
1641.71
1874.06
2227.45
2583.59
2961.96
3324.81
3671.18
4068.47
4416.77
4751.93
5166.79
5511.87
5871.45
6230.32
6606.43
6986.93
7382.86
7744.57
8091.58
8453.55
8839.27
9118.55
9484.64
9851.72
10305.71
10511.18
10639.57
10686.43
10686.69
10693.65
10701.12
10708.60
10716.34
10723.81
10731.55
10739.02
10746.76
10750.37
10757.84
10864.32
10924.47
10980.42
11007.75
11052.22
11095.79
11194.28
11243.26
11309.26
11419.86
11527.89
11652.93
11768.11
11879.22
12001.68
12096.30
12162.82
12232.43
12274.19
12297.14
12328.85
12372.90
12423.77
12485.13
12547.84
12606.36
12663.86
12721.61
12776.52
12833.55
12889.50
12947.25
13002.94
13060.17
13102.97
13151.95
13736.16
14266.22
14364.45
9.73
62.60
108.62
152.96
199.59
243.42
288.80
333.14
386.25
422.86
467.71
512.06
555.37
599.20
642.77
686.86
729.91
776.82
820.13
864.47
908.56
952.13
996.21
1038.75
1082.58
1125.38
1168.95
1211.75
1255.06
1297.60
1341.17
1385.00
1427.79
1471.11
1526.76
1672.23
1835.84
1987.48
2339.99
2687.75
3057.14
3422.66
3758.11
4161.71
4493.35
4831.47
5381.77
5575.04
5933.61
6289.39
6694.08
7021.25
7433.22
7791.58
8149.68
8491.80
8851.29
9148.64
9512.67
9877.11
10327.54
10691.06
11055.61
11416.03
11742.16
11920.31
12021.89
12071.98
12077.13
12084.61
12092.09
12099.82
12107.30
12114.77
12122.25
12129.98
12137.46
12144.16
12147.26
12151.64
12209.91
12295.02
12361.54
12411.86
12420.89
12463.17
12544.64
12582.54
12647.10
12723.41
12823.96
12930.16
13054.90
13173.55
13267.91
13350.27
13454.16
13560.90
13669.70
13778.49
13853.77
13888.32
13919.68
13951.91
13983.62
14035.70
14088.03
14139.85
14195.02
14253.80
14312.79
14370.02
14426.23
14484.23
14538.38
14593.29
14646.66
14701.57
14753.65
14808.05
14847.49
15292.22
15816.09
16291.76
8.27
61.96
107.52
152.38
198.61
242.69
287.55
331.38
375.46
421.66
466.78
510.35
553.66
598.01
641.58
685.41
729.49
776.26
819.31
863.91
907.48
951.57
995.66
1038.45
1082.28
1125.85
1168.91
1211.96
1255.53
1298.33
1341.12
1385.73
1428.27
1472.09
1552.27
1563.68
1607.51
1650.30
1671.96
1814.97
1972.86
2135.61
2310.79
2658.64
3012.14
3384.00
3751.45
4111.71
4470.39
4809.64
5166.19
5585.22
5909.97
6270.25
6627.84
7004.31
7422.16
7778.19
8138.61
8496.97
8841.50
9167.12
9501.84
9869.23
10688.53
11052.85
11417.14
11780.65
12142.11
12504.33
12967.35
13239.71
13399.30
13547.80
13604.67
13604.92
13611.88
13619.36
13627.09
13634.57
13642.30
13649.78
13657.26
13664.99
13672.47
13679.95
13689.74
13694.38
13702.12
13762.45
13870.72
13978.04
14051.52
14065.69
14100.75
14143.29
14175.30
14224.55
14287.71
14365.71
14478.63
14614.07
14707.66
14807.18
14939.18
15028.12
15135.37
15201.63
15260.39
15348.05
15431.14
15543.54
15633.52
15662.14
15689.46
15726.59
15782.79
15837.45
15892.90
15946.53
16000.41
16056.36
16071.82
16127.25
16178.82
16231.67
16282.97
16335.57
16389.19
16442.56
16494.38
16548.78
16602.14
16653.96
16708.11
16713.78
16785.45
17394.40
17939.16
18346.50
9.67
60.44
105.99
150.59
198.03
238.89
282.72
325.52
368.83
414.29
458.11
500.65
543.45
586.25
628.79
671.07
714.12
771.87
802.46
845.26
887.54
929.82
971.84
1017.99
1056.41
1098.69
1140.71
1182.73
1224.76
1266.78
1308.29
1349.80
1393.37
1435.13
1477.41
1554.50
1566.25
1608.53
1650.81
1693.09
1735.12
1777.40
1819.68
1854.74
1930.34
2073.83
2241.57
2403.44
2559.68
2844.52
3184.71
3531.48
3867.25
4224.65
4545.31
4872.33
5204.65
5577.18
5923.90
6242.17
6581.45
6920.13
7278.08
7671.30
8005.34
8345.14
8681.07
9004.83
9310.34
9679.36
9966.30
10504.10
10744.36
11087.00
11431.43
11774.84
12114.38
12453.92
12795.52
13242.64
13487.33
13825.02
14162.50
14497.73
14973.64
15215.47
15331.74
15398.26
15452.16
15455.76
15463.24
15470.97
15478.45
15485.93
15493.66
15501.14
15508.61
15516.09
15523.82
15531.30
15539.04
15550.89
15554.50
15557.34
15576.16
15650.67
15745.39
15785.87
15803.14
15834.92
15909.43
15969.29
16038.89
16098.45
16140.47
16194.18
16242.39
16305.04
16446.65
16591.54
16736.18
16883.13
16935.98
17004.04
17114.71
17226.08
17290.54
17380.00
17452.96
17500.91
17576.96
17639.36
17730.62
17793.01
17823.69
17843.54
17902.32
17955.84
18011.79
18069.28
18123.16
18178.08
18232.99
18288.16
18339.98
18391.28
18444.65
18499.56
18554.22
18609.87
18662.21
18714.03
18765.59
18842.68
18878.77
18926.46
18980.86
18998.14
19275.29
19839.12
20368.93
20845.36
9.72
60.53
104.97
148.02
191.34
235.59
278.12
320.66
363.98
408.80
451.08
493.10
535.38
578.18
620.46
662.48
704.51
746.79
791.86
834.66
876.94
919.22
960.21
1002.24
1044.26
1086.29
1127.79
1169.04
1211.07
1252.57
1294.08
1334.56
1380.96
1418.86
1459.86
1501.36
1548.86
1591.14
1632.91
1674.68
1716.18
1758.21
1799.97
1841.48
1881.96
1924.24
1966.00
2007.77
2047.47
2100.35
2243.54
2418.99
2573.07
2723.63
2900.82
3203.16
3542.91
3875.13
4244.96
4574.03
4969.88
5229.95
5606.20
5941.88
6289.49
6615.16
6955.06
7293.83
7714.18
8053.72
8389.98
8729.01
9066.98
9358.57
9699.91
10021.56
10363.94
10800.35
11145.24
11489.94
11832.05
12178.55
12521.96
12865.11
13205.68
13600.14
13900.12
14240.70
14581.52
15062.05
15402.88
15744.48
16057.72
16400.61
16715.40
16879.89
17039.47
17088.46
17115.51
17119.89
17127.36
17134.84
17142.57
17150.05
17157.79
17165.26
17172.74
17180.21
17187.69
17195.43
17203.16
17210.64
17218.11
17227.91
17231.78
17234.87
17243.38
17309.89
17399.84
17474.84
17564.50
17637.21
17696.71
17733.07
17812.35
17874.22
17930.17
17970.06
18024.71
18062.87
18159.29
18306.50
18454.23
18603.05
18752.68
18889.57
18914.32
19014.10
19105.88
19194.05
19323.99
19393.34
19481.00
19549.83
19591.34
19634.65
19711.79
19763.36
19800.22
19823.17
19858.34
19926.15
19993.70
20058.66
20115.12
20169.52
20219.54
20233.98
20291.98
20352.57
20404.10
20458.24
20513.67
20564.71
20618.60
20671.71
20724.04
20776.64
20829.49
20882.60
20932.87
20982.63
21034.71
21086.79
21118.50
21675.89
22204.92
22741.94
23192.60
10.18
60.22
104.18
146.21
189.00
232.52
274.80
317.08
358.84
403.67
444.92
487.20
529.48
570.21
612.75
653.49
696.54
737.79
781.98
824.52
866.80
907.54
950.08
990.81
1032.58
1074.34
1115.08
1157.10
1197.58
1238.83
1280.08
1320.81
1362.32
1404.86
1444.82
1486.07
1559.55
1575.41
1616.14
1658.17
1699.42
1741.18
1782.69
1823.43
1865.45
1906.18
1947.69
1989.20
2029.68
2070.93
2111.40
2152.65
2192.87
2234.12
2250.62
2369.11
2520.75
2684.30
2854.08
3007.74
3179.21
3426.48
3794.93
4139.96
4508.93
4859.96
5183.25
5541.16
5931.53
6287.57
6642.95
6983.50
7337.89
7749.58
8119.70
8476.77
8828.20
9180.46
9501.44
9842.53
10269.54
10528.64
10978.80
11335.83
11695.73
12055.64
12416.32
12777.00
13134.07
13492.75
13913.88
14216.30
14574.14
15160.15
15417.97
15774.52
16133.40
16457.98
16815.57
17173.41
17531.77
17812.79
18165.48
18450.62
18654.55
18756.12
18898.89
19083.96
19092.24
19146.12
19234.19
19338.24
19391.44
19456.71
19521.68
19593.36
19629.96
19686.17
19773.05
19846.93
19897.20
19943.86
19977.12
20003.93
20136.19
20270.11
20405.46
20550.38
20693.46
20736.77
20848.21
20959.85
21080.76
21188.53
21275.93
21382.14
21515.51
21560.37
21622.25
21684.64
21751.15
21791.11
21830.56
21858.66
21883.67
21901.46
21921.05
21964.11
22025.72
22088.11
22153.60
22217.79
22279.67
22336.64
22391.40
22446.05
22500.71
22557.17
22615.18
22673.45
22725.01
22779.92
22835.09
22889.23
22945.18
22998.29
23048.05
23098.06
23147.05
23200.16
23253.27
23304.83
23356.65
23369.54
23797.25
24356.19
24874.91
25406.00
25672.32
8.41
59.30
100.29
143.98
185.49
227.52
270.32
310.79
353.33
395.98
436.97
479.25
519.98
560.46
601.71
641.16
682.41
723.66
767.54
808.02
848.49
890.00
930.48
970.95
1012.20
1051.65
1092.64
1132.34
1172.30
1213.04
1252.48
1292.19
1332.66
1372.37
1414.13
1453.32
1493.80
1540.30
1581.30
1620.48
1661.73
1701.44
1741.40
1782.39
1822.09
1862.31
1903.05
1942.49
1982.45
2023.19
2062.38
2102.08
2142.81
2182.26
2221.70
2262.18
2302.14
2341.07
2381.03
2420.99
2460.70
2484.80
2629.24
2784.97
2948.05
3123.29
3302.73
3455.61
3726.55
3976.58
4323.29
4699.07
5084.18
5377.76
5736.93
6126.91
6479.33
6843.51
7183.58
7541.17
7955.59
8347.03
8681.67
8967.96
9323.55
9645.04
10001.43
10345.35
10987.06
11124.08
11485.79
11849.37
12211.85
12572.53
12933.73
13291.31
13649.16
14004.83
14377.84
14736.72
15484.12
15586.73
15945.83
16301.61
16659.71
16985.84
17347.81
17707.46
18065.30
18343.48
18628.88
18991.62
19353.85
19723.98
20088.79
20391.98
20564.20
20725.59
20762.97
20829.28
20832.37
20839.84
20847.32
20854.80
20862.27
20869.75
20877.48
20884.96
20892.44
20899.91
20907.39
20915.12
20922.60
20929.82
20937.30
20945.03
20952.51
20959.98
20972.62
20976.74
20979.32
20984.22
21023.41
21099.98
21169.35
21214.79
21261.00
21326.74
21358.97
21448.36
21536.53
21636.87
21670.64
21755.46
21853.95
21903.71
21947.62
21977.27
22073.43
22218.84
22365.02
22500.11
22639.07
22767.98
22909.52
23051.06
23193.11
23205.23
23277.68
23390.92
23520.60
23608.78
23695.92
23760.11
23820.96
23911.71
23958.89
23998.07
24045.00
24071.55
24099.14
24121.57
24141.68
24191.18
24240.68
24299.46
24358.50
24422.20
24486.91
24549.55
24609.62
24669.70
24726.16
24782.10
24805.30
24830.83
24885.74
24939.37
24995.57
25051.77
25106.69
25162.89
25220.38
25276.33
25329.95
25384.51
25439.68
25492.53
25545.12
25596.43
25649.02
25699.04
25728.17
26433.55
26960.52
27497.28
28036.37
28282.32
9.70
58.86
100.62
142.24
183.23
225.60
266.59
307.07
347.54
390.70
430.66
472.42
512.64
552.34
592.05
632.27
672.74
713.22
753.18
796.48
837.22
877.18
917.40
957.10
997.84
1037.54
1077.50
1116.69
1155.62
1194.80
1235.02
1274.98
1313.66
1352.59
1394.61
1433.02
1471.70
1510.62
1556.67
1596.38
1636.08
1675.78
1716.26
1755.70
1794.89
1834.08
1873.78
1913.23
1953.45
1992.38
2031.56
2071.01
2109.68
2149.38
2188.31
2228.02
2266.95
2306.13
2344.80
2384.51
2422.66
2461.85
2500.27
2539.71
2579.16
2617.31
2656.24
2687.44
2730.14
2876.25
3050.71
3206.23
3384.89
3524.48
3687.67
3944.29
4037.20
4358.78
4731.10
5079.42
5424.43
5758.42
6151.42
6501.38
6855.13
7224.12
7561.06
8083.65
8324.97
8723.07
9051.27
9402.48
9757.94
10079.58
10436.65
10778.51
11234.37
11557.41
11919.63
12280.21
12641.66
13002.09
13362.25
13720.35
14076.36
14434.97
14806.79
15164.63
15653.12
16008.64
16367.57
16724.89
17083.77
17408.36
17766.46
18124.56
18483.95
18689.17
19045.21
19408.72
19769.44
20137.30
20498.75
20860.98
21223.72
21583.54
22144.17
22505.27
22817.74
22911.59
23075.81
23118.09
23349.48
23351.57
23353.89
23356.47
23360.86
23414.22
23498.01
23563.77
23606.55
23650.38
23708.64
23832.98
23895.63
23969.64
24046.98
24149.33
24165.83
24197.03
24275.29
24355.73
24428.18
24476.90
24577.43
24721.55
24866.70
25000.50
25140.50
25281.26
25396.76
25523.09
25652.00
25771.88
25899.90
26031.64
26073.41
26177.82
26291.00
26411.14
26497.25
26551.39
26614.30
26660.19
26711.75
26758.41
26799.66
26820.80
26849.16
26878.81
26901.24
26953.13
27004.95
27056.52
27110.40
27164.28
27220.74
27276.17
27333.92
27393.99
27453.55
27512.84
27570.59
27626.02
27680.68
27733.79
27762.41
27766.27
27822.73
27875.84
27928.70
27979.79
28029.29
28084.20
28139.12
28192.23
28245.08
28297.41
28351.30
28403.12
28454.42
28507.02
28557.29
28607.56
28644.17
28904.56
29545.48
30074.26
30608.70
31142.38
31467.48
9.42
57.17
99.63
141.56
182.04
223.83
264.57
304.53
344.23
386.84
427.84
467.54
507.50
547.46
587.16
626.09
665.28
706.53
745.98
789.22
829.44
869.14
908.59
948.29
987.99
1027.70
1067.14
1106.33
1145.26
1184.19
1223.38
1262.30
1301.49
1340.42
1379.61
1420.34
1459.27
1497.95
1570.13
1582.53
1621.97
1661.68
1700.61
1740.05
1779.50
1818.94
1858.13
1897.06
1935.99
1974.92
2013.85
2052.78
2091.71
2130.64
2169.31
2207.98
2246.91
2285.84
2325.03
2363.70
2402.37
2441.04
2479.46
2518.13
2556.80
2595.73
2634.66
2673.07
2711.49
2749.64
2788.32
2836.01
2868.50
2907.17
2935.01
2989.61
3145.83
3304.40
3470.66
3638.49
3819.41
3980.41
4167.36
4331.59
4533.68
4889.46
5256.98
5577.96
5939.10
6316.19
6682.75
7036.04
7394.05
7761.06
8161.88
8517.15
8874.99
9252.32
9608.21
9934.86
10286.58
10647.00
11453.44
11773.17
12139.27
12501.62
12867.20
13228.91
13594.23
13957.11
14314.90
14676.09
15077.05
16102.11
16262.48
16625.55
16988.81
17349.75
17708.37
18041.20
18400.59
18762.56
19046.93
19330.01
19696.10
20061.35
20430.93
20799.86
21164.67
21528.96
22076.63
22457.75
22824.21
23189.53
23555.11
23922.23
24284.72
24647.46
24922.55
24987.26
25154.84
25178.81
25429.47
25430.79
25431.56
25437.75
25440.32
25444.96
25491.89
25574.39
25611.78
25680.07
25729.19
25838.64
25842.25
25910.06
25978.89
26009.83
26085.37
26144.15
26211.44
26256.04
26347.12
26412.61
26493.30
26569.66
26632.57
26736.21
26883.16
27011.81
27155.93
27221.15
27342.84
27477.93
27535.17
27666.36
27799.91
27899.94
28003.58
28039.93
28171.93
28249.53
28385.66
28476.66
28593.71
28699.41
28822.65
28959.03
29022.20
29071.95
29120.16
29153.94
29181.78
29204.73
29233.86
29266.09
29322.29
29375.66
29432.63
29487.80
29545.04
29601.20
29653.02
29710.51
29766.46
29822.14
29879.38
29941.00
29996.43
30051.60
30109.09
30163.97
30216.82
30267.87
30322.01
30377.70
30434.41
30492.16
30550.69
30605.86
30663.61
30719.55
30778.59
30829.12
30884.04
30939.47
30992.54
31045.39
31101.08
31154.19
31208.33
31230.76
31473.88
32154.24
32691.01
33236.02
33790.32
34326.83
34330.44
8.41
56.64
97.61
139.13
179.35
220.52
261.00
300.19
339.38
379.85
421.07
460.77
500.47
540.43
579.11
618.81
657.22
697.44
735.34
778.93
818.63
857.56
896.49
935.94
974.87
1014.57
1053.50
1092.69
1131.36
1170.80
1208.70
1247.12
1285.27
1324.72
1363.13
1406.19
1441.51
1479.92
1518.85
1564.84
1604.28
1642.44
1681.37
1720.04
1759.74
1797.90
1837.34
1875.76
1914.43
1952.07
1991.00
2030.19
2070.15
2107.27
2145.95
2183.33
2221.48
2260.41
2298.31
2336.73
2375.14
2412.01
2450.42
2489.35
2527.77
2565.66
2603.05
2640.95
2679.36
2717.00
2754.90
2792.28
2844.88
2871.95
2909.59
2947.48
2986.16
3024.57
3062.47
3179.77
3191.55
3226.61
3241.95
3390.93
3545.64
3698.29
3872.61
4054.20
4219.71
4403.80
4565.20
4729.68
4888.23
5184.63
5499.70
5817.73
6192.34
6526.54
6847.52
7191.15
7527.34
7860.18
8206.06
8589.87
8928.64
9264.57
9617.59
9953.16
10254.29
10589.96
10924.35
11353.68
11678.00
12062.48
12332.16
12673.24
13015.38
13356.21
13698.84
14039.93
14378.59
14718.12
15057.66
15493.55
15889.63
16227.62
16566.13
16905.93
17245.98
17584.23
17923.00
18262.80
18572.95
18912.74
19183.19
19526.08
19791.37
20133.57
20477.49
20829.80
21170.63
21513.27
21854.64
23217.69
23438.77
23782.69
24125.84
24469.76
24810.59
25152.45
25495.34
25837.20
26175.71
26517.82
26858.91
27115.95
27180.92
27340.50
27390.00
27442.60
27469.65
27473.52
27481.25
27488.21
27495.69
27503.16
27510.64
27518.38
27525.85
27533.07
27540.55
27548.28
27555.76
27563.23
27571.74
27578.19
27585.66
27593.40
27600.88
27608.35
27615.83
27623.30
27630.78
27638.26
27645.73
27653.21
27664.55
27670.23
27672.80
27675.38
27679.77
27730.30
27823.11
27862.46
27937.54
27977.07
28086.70
28154.50
28180.80
28204.78
28272.89
28351.52
28393.03
28473.79
28533.35
28570.73
28636.99
28683.65
28755.61
28827.28
28901.79
28966.24
29028.37
29176.45
29322.12
29469.33
29616.77
29738.46
29864.53
30008.13
30152.76
30251.25
30334.52
30447.44
30580.73
30650.34
30697.00
30746.50
30798.84
30925.94
30984.21
31065.68
31151.53
31233.79
31365.79
31457.83
31549.61
31581.32
31609.43
31641.14
31671.73
31694.16
31747.78
31801.15
31855.25
31908.61
31962.24
32016.38
32072.07
32127.24
32182.93
32198.39
32222.89
32277.03
32335.04
32385.82
32439.27
32490.57
32544.71
32596.54
32648.61
32700.95
32754.32
32803.56
32854.35
32906.68
32913.64
32950.51
32999.24
33049.00
33097.98
33149.03
33198.53
33249.83
33300.11
33328.21
33371.26
33420.25
33469.23
33519.25
33570.29
33619.54
33669.29
33721.63
33772.93
33821.14
33825.79
34006.00
34701.06
35254.58
35805.01
36359.82
36912.06
37197.46
8.59
57.05
97.41
137.88
176.81
217.36
256.54
295.47
334.14
372.82
414.39
453.57
491.99
531.18
569.59
607.75
645.64
683.80
723.25
760.63
802.42
840.84
879.77
918.44
955.56
993.98
1032.13
1069.77
1107.16
1146.34
1183.98
1220.85
1258.75
1297.16
1333.77
1371.67
1410.60
1449.02
1486.40
1523.27
1568.84
1607.00
1644.12
1683.05
1721.21
1758.59
1795.98
1834.39
1872.55
1909.67
1947.57
1985.73
2022.34
2060.75
2098.13
2135.00
2173.93
2211.31
2248.18
2286.08
2323.98
2360.59
2398.48
2435.35
2471.70
2510.12
2546.98
2583.59
2621.23
2658.62
2694.97
2732.09
2769.48
2805.31
2855.33
2883.95
2921.59
2958.45
2996.09
3033.73
3070.34
3187.65
3197.21
3235.37
3272.50
3310.39
3348.55
3385.16
3423.32
3460.70
3483.39
3525.37
3668.08
3845.55
4006.90
4153.22
4331.75
4493.66
4675.51
4835.36
4997.52
5162.26
5355.75
5566.29
5903.92
6206.68
6570.85
6911.93
7231.11
7571.52
7904.16
8237.51
8648.45
8974.54
9294.48
9629.64
10011.83
10314.75
10613.29
10948.44
11542.18
11709.23
12043.36
12365.36
12711.20
13013.36
13350.05
13688.55
14028.09
14367.12
14702.69
15043.00
15378.93
16385.43
16543.33
16880.80
17219.05
17554.39
17889.80
18225.21
18560.89
18867.17
19203.36
19468.90
19805.61
20100.61
20404.06
20745.66
21086.49
21434.16
21774.73
22112.21
22661.66
23002.75
23342.55
23682.96
24022.50
24363.33
24703.38
25044.47
25383.23
25720.71
26058.96
26396.70
26735.46
27074.48
27412.73
27749.95
28086.91
28425.42
28763.41
29100.38
29356.57
29406.84
29545.03
29635.01
29666.20
29729.70
29730.47
29737.69
29745.17
29752.64
29760.12
29767.34
29775.07
29782.55
29790.29
29797.25
29804.72
29812.46
29819.68
29827.15
29834.63
29842.11
29849.58
29857.06
29864.79
29872.01
29879.49
29886.96
29894.44
29901.92
29909.39
29916.87
29924.35
29931.82
29943.68
29948.07
29950.39
29952.71
29955.03
29959.67
30004.53
30086.25
30123.18
30202.23
30295.82
30341.45
30395.59
30467.50
30534.53
30564.69
30653.38
30759.95
30848.89
30875.19
30961.82
31027.84
31054.39
31130.45
31164.74
31226.10
31292.61
31377.43
31426.93
31569.91
31712.48
31854.54
31996.45
32141.09
32173.05
32282.62
32428.80
32505.89
32608.50
32724.26
32861.45
33001.44
33125.96
33163.60
33223.93
33326.54
33449.77
33537.01
33567.95
33622.35
33663.60
33773.68
33824.21
33891.25
33976.28
34058.26
34151.33
34240.79
34269.93
34290.04
34319.43
34337.73
34365.83
34421.78
34475.66
34529.29
34583.43
34638.60
34694.03
34750.23
34806.18
34861.86
34918.84
34976.85
35030.73
35084.87
35140.56
35197.28
35250.64
35303.50
35354.29
35407.14
35461.54
35514.39
35571.88
35627.57
35677.84
35728.63
35781.22
35830.72
35881.51
35931.79
35982.83
36033.88
36087.50
36140.61
36192.18
36244.77
36295.82
36347.12
36398.43
36449.99
36502.18
36556.57
36610.46
36662.79
36714.87
36766.69
36769.27
37131.75
37813.15
38339.09
38871.73
39411.07
39945.78
40450.57
7.38
56.03
96.57
135.36
174.29
214.68
253.35
292.54
330.43
369.62
409.88
449.06
487.48
524.60
563.53
601.69
638.30
676.71
714.61
753.02
794.30
832.97
870.09
909.02
945.89
984.56
1022.72
1059.07
1097.48
1133.84
1171.73
1209.12
1246.76
1284.14
1319.98
1357.88
1394.48
1434.45
1470.54
1508.18
1578.56
1590.70
1627.31
1665.21
1703.11
1740.49
1777.88
1814.74
1852.64
1888.48
1926.38
1963.76
2001.14
2038.52
2074.36
2112.00
2148.61
2186.51
2222.34
2259.98
2296.34
2333.72
2370.59
2407.71
2444.84
2481.19
2518.31
2553.63
2591.02
2626.85
2663.98
2700.07
2736.94
2773.03
2810.16
2862.49
2886.98
2924.88
2959.95
2997.59
3034.45
3071.58
3191.72
3196.94
3234.84
3272.48
3308.83
3346.47
3383.60
3421.50
3457.07
3494.97
3532.10
3569.48
3606.86
3642.70
3680.34
3717.21
3747.37
3749.21
3891.53
4059.15
4208.51
4378.99
4563.83
4731.67
4929.14
5084.61
5247.54
5413.06
5617.73
5779.89
5960.48
6253.60
6658.44
6999.12
7360.57
7699.34
8060.86
8416.38
8831.07
9201.27
9539.20
9887.76
10244.04
10609.43
10939.69
11294.04
11739.44
12097.80
12454.36
12797.76
13165.40
13489.98
13852.71
14215.97
14574.63
14936.09
15298.31
15657.45
16148.59
16508.75
16880.39
17240.56
17599.69
17959.88
18318.50
18676.86
19033.41
19361.86
19644.68
20006.39
20367.41
20644.81
21009.62
21374.16
21747.22
22102.72
23474.02
23758.32
24119.54
24483.05
24849.15
25212.66
25575.66
25935.05
26298.05
26658.99
27019.67
27380.61
27742.06
28103.00
28463.94
28821.27
29183.49
29545.20
29900.14
30260.30
30620.73
30979.60
31340.28
31635.73
31747.37
31839.92
31980.43
32005.18
32067.05
32094.15
32100.34
32107.81
32115.29
32122.77
32130.24
32137.72
32145.20
32152.41
32159.89
32167.37
32175.10
32182.32
32190.05
32197.27
32204.75
32212.48
32219.70
32227.44
32234.91
32242.39
32249.87
32257.09
32266.62
32272.04
32279.77
32286.99
32294.73
32302.20
32309.68
32317.16
32327.73
32330.56
32333.91
32335.98
32338.30
32340.62
32345.26
32440.65
32506.91
32545.98
32609.36
32668.91
32773.45
32821.92
32865.61
32909.18
32976.21
33030.95
33081.48
33189.77
33296.76
33379.18
33418.63
33481.79
33540.83
33586.72
33632.36
33678.50
33739.61
33759.46
33833.23
33891.17
33990.94
34137.38
34211.63
34356.00
34500.64
34644.75
34792.48
34939.69
35086.90
35090.51
35237.46
35372.56
35479.29
35585.51
35691.21
35739.68
35839.97
35981.51
36085.15
36153.99
36244.15
36288.49
36395.74
36474.89
36524.13
36574.66
36632.16
36675.21
36760.29
36825.00
36871.66
36959.84
37041.56
37098.28
37128.19
37158.87
37189.80
37241.62
37310.20
37374.91
37441.43
37501.24
37553.84
37606.17
37626.28
37632.47
37684.55
37741.01
37796.95
37852.12
37910.13
37963.76
38019.70
38075.13
38130.05
38190.12
38246.58
38299.17
38350.99
38404.10
38458.24
38512.90
38565.75
38620.15
38672.48
38725.08
38775.87
38826.91
38877.19
38928.84
38980.40
39030.93
39079.14
39127.87
39177.63
39225.84
39272.50
39320.46
39366.61
39415.85
39465.61
39513.56
39561.77
39610.24
39658.96
39707.43
39745.59
40023.77
40714.19
41286.79
41828.46
42361.10
42917.97
43447.00
43756.12
8.89
55.67
94.02
133.49
170.61
209.88
247.01
284.91
321.52
360.45
400.02
436.37
475.30
511.39
549.29
585.13
622.51
659.12
695.99
733.63
786.22
811.32
849.21
885.05
922.69
958.79
997.20
1033.55
1070.16
1106.77
1142.86
1180.76
1216.34
1253.46
1290.07
1325.91
1362.00
1398.10
1437.03
1473.12
1508.96
1583.98
1590.04
1627.94
1664.29
1700.90
1737.25
1773.09
1810.98
1846.56
1883.69
1920.30
1956.39
1992.48
2028.32
2065.70
2101.02
2138.41
2173.98
2209.30
2246.95
2282.01
2319.13
2354.71
2389.77
2426.90
2461.70
2498.83
2534.41
2569.98
2605.82
2642.43
2677.23
2714.10
2748.65
2785.52
2820.84
2872.91
2895.86
2932.98
2968.30
3003.37
3040.49
3075.30
3200.08
3236.97
3272.55
3310.19
3346.29
3382.12
3418.99
3454.82
3491.18
3527.53
3564.14
3600.23
3635.81
3673.19
3708.25
3745.89
3781.47
3816.79
3854.18
3888.98
3926.36
3961.94
3997.00
4026.65
4165.25
4311.55
4473.16
4638.41
4825.48
4994.09
5186.33
5347.21
5511.18
5680.56
5883.93
6045.32
6206.20
6366.30
6597.73
6978.02
7330.25
7693.32
8036.96
8394.16
8797.02
9150.22
9555.95
9864.61
10203.10
10556.82
10877.28
11253.20
11785.59
12050.18
12403.64
12760.71
13115.98
13478.71
13786.79
14147.73
14508.73
14864.93
15227.16
15588.87
16642.81
16800.56
17197.07
17529.91
17889.55
18247.66
18600.27
18957.85
19313.63
19671.48
19953.27
20277.08
20637.31
20996.96
21275.91
21637.62
22001.14
22366.64
22927.18
23289.93
23651.64
24013.61
24377.12
24741.41
25104.41
25465.09
25827.83
26187.99
26550.22
26910.12
27268.74
27627.88
27988.81
28346.91
28705.53
29065.18
29420.88
29780.01
30178.56
30488.97
30850.16
31209.81
31569.98
31926.79
33042.34
33309.49
33667.18
34025.54
34318.41
34618.51
34843.27
34869.56
35029.92
35111.39
35134.34
35459.62
35470.64
35475.80
35477.86
35479.93
35482.25
35484.31
35489.21
35554.43
35626.49
35653.62
35736.16
35831.30
35888.14
35937.64
35979.52
36017.93
36046.55
36093.62
36157.82
36231.29
36304.51
36409.39
36515.87
36623.12
36715.67
36740.68
36806.16
36875.14
36915.36
36956.61
36992.19
37016.68
37077.27
37118.52
37129.09
37175.23
37236.37
37381.77
37525.89
37668.72
37812.84
37957.21
38009.29
38128.66
38277.16
38423.34
38569.00
38713.38
38844.09
38876.05
39019.91
39130.33
39196.33
39283.98
39384.02
39439.19
39576.34
39719.43
39790.33
39867.67
39944.24
40010.76
40078.56
40181.95
40256.97
40298.22
40346.43
40395.93
40433.31
40474.56
40495.19
40582.59
40645.75
40688.03
40725.93
40756.61
40787.29
40815.65
40822.35
40873.91
40941.23
41007.23
41073.23
41139.23
41205.23
41268.14
41331.82
41386.99
41441.13
41492.44
41545.55
41598.14
41652.80
41708.74
41767.01
41825.27
41884.05
41943.09
41998.52
42051.63
42105.26
42162.75
42216.38
42271.03
42327.23
42376.73
42430.36
42484.24
42535.55
42588.14
42641.51
42693.07
42747.21
42798.52
42849.56
42900.09
42951.14
43001.41
43051.69
43101.70
43150.17
43199.93
43249.69
43299.19
43349.98
43396.90
43447.43
43497.70
43546.43
43594.64
43603.41
43862.77
44551.90
45165.49
45691.69
46232.06
46775.02
47317.97
47837.72
47961.47
8.00
55.43
93.23
131.10
169.00
207.62
244.23
281.87
317.45
355.09
394.27
430.88
466.72
504.62
540.71
577.32
614.19
649.77
685.60
723.50
759.34
800.27
835.85
873.23
909.07
944.91
981.77
1018.12
1053.45
1089.54
1126.15
1161.73
1196.53
1232.88
1268.72
1304.04
1340.39
1375.97
1410.52
1448.41
1484.51
1520.34
1587.63
1599.24
1636.11
1672.20
1706.75
1743.62
1779.97
1815.55
1852.41
1887.22
1922.80
1959.15
1994.98
2030.05
2064.85
2101.20
2136.78
2171.84
2207.68
2243.26
2278.58
2313.12
2348.96
2384.28
2418.83
2453.12
2489.73
2524.27
2558.56
2593.37
2629.98
2664.52
2698.81
2733.10
2769.97
2804.26
2838.80
2880.83
2912.28
2947.86
2983.44
3018.76
3053.82
3089.40
3208.51
3211.14
3248.00
3282.81
3318.13
3354.48
3390.32
3425.64
3459.67
3496.54
3531.60
3566.66
3602.24
3638.07
3673.65
3708.20
3744.29
3779.36
3813.90
3848.45
3884.80
3919.86
3954.41
3989.73
4025.31
4060.63
4095.43
4130.75
4166.33
4201.39
4235.94
4271.52
4306.84
4314.06
4371.05
4506.14
4674.02
4821.76
4972.68
5153.28
5315.96
5506.98
5666.56
5829.76
6096.08
6209.22
6357.72
6519.11
6680.50
6840.35
7080.95
7387.80
7708.19
8021.60
8363.75
8686.28
9081.41
9415.75
9746.53
10099.61
10419.47
10738.83
11061.36
11370.47
12120.65
12152.13
12483.96
12819.11
13152.98
13487.88
13809.11
14154.23
14458.20
14796.92
15136.22
15474.98
15813.23
16294.06
16634.89
16973.66
17313.45
17702.68
18001.23
18339.99
18677.21
19015.68
19352.38
19687.79
19952.82
20290.30
20599.16
20936.38
21271.54
21610.04
21870.69
22210.59
22696.83
23121.94
23451.42
23792.77
24133.85
24476.23
24815.25
25154.99
25494.53
25836.39
26179.80
26520.11
26859.65
27202.28
27541.05
27880.59
28218.32
28555.80
28893.02
29230.63
29570.43
29907.13
30245.38
30584.92
30915.17
31253.68
31588.84
31927.60
32263.53
32923.56
33260.26
33598.51
33935.47
34272.00
34612.05
34883.34
35224.43
35562.94
35899.64
36236.86
36574.59
36914.91
37197.47
37337.20
37479.00
37480.29
37615.12
37726.24
37747.64
37818.54
37859.15
37862.75
37869.71
37877.19
37884.67
37891.89
37899.36
37906.84
37914.06
37921.79
37929.01
37936.49
37943.71
37951.18
37958.66
37966.14
37973.61
37980.83
37988.31
37995.79
38003.00
38010.48
38017.96
38025.18
38032.65
38040.13
38047.61
38055.08
38062.30
38069.78
38077.25
38084.47
38091.95
38099.43
38106.90
38119.54
38123.40
38125.21
38127.27
38129.33
38131.39
38133.71
38138.36
38173.93
38264.43
38290.03
38369.43
38458.50
38513.38
38569.82
38620.79
38664.79
38732.08
38752.96
38774.62
38842.16
38896.30
38983.24
39089.20
39147.98
39252.91
39358.87
39465.48
39562.93
39610.62
39654.97
39713.75
39763.25
39808.37
39848.33
39880.55
39902.47
39920.26
39961.77
40103.82
40234.27
40280.94
40419.12
40561.70
40646.52
40759.44
40897.62
41041.23
41184.83
41247.73
41391.07
41533.64
41612.53
41746.07
41878.07
42023.48
42167.60
42295.21
42405.04
42511.26
42551.22
42618.25
42725.25
42797.69
42937.94
43028.69
43119.18
43171.52
43255.82
43308.16
43384.47
43485.79
43519.57
43571.90
43620.37
43657.69
43695.59
43730.91
43757.21
43777.83
43801.04
43826.30
43854.66
43881.73
43892.82
43915.50
43964.49
44027.91
44089.27
44150.11
44212.50
44276.70
44341.67
44405.35
44466.71
44526.04
44585.33
44646.95
44700.06
44754.46
44804.21
44855.52
44908.89
44963.29
45019.49
45076.21
45134.47
45194.54
45254.10
45307.98
45359.54
45411.88
45467.57
45524.03
45579.20
45633.60
45688.51
45742.39
45797.05
45848.61
45902.75
45953.29
46003.82
46055.38
46106.94
46157.99
46210.84
46263.95
46316.80
46368.36
46418.38
46468.14
46520.47
46571.78
46622.05
46672.32
46722.34
46771.58
46819.54
46869.04
46878.83
47368.16
48064.00
48651.29
49179.04
49720.70
50260.30
50804.54
51332.29
51590.10
8.63
55.03
92.77
130.16
165.99
205.29
242.42
278.25
314.09
351.47
396.07
426.04
462.13
498.74
535.09
570.93
606.25
641.82
679.21
715.30
750.88
791.14
826.97
862.29
898.13
934.74
970.57
1006.15
1041.47
1077.31
1112.63
1147.69
1182.75
1218.07
1253.91
1288.97
1324.04
1359.36
1393.39
1430.00
1465.06
1501.93
1536.47
1579.79
1614.60
1650.18
1686.53
1722.36
1757.17
1792.23
1827.81
1863.39
1898.96
1934.03
1968.57
2003.64
2039.99
2074.79
2109.34
2143.63
2178.95
2214.27
2249.07
2284.65
2319.20
2352.97
2387.78
2423.36
2457.90
2492.96
2527.00
2561.29
2595.57
2629.61
2665.18
2699.21
2734.54
2768.31
2802.60
2836.89
2892.32
2910.36
2944.65
2978.68
3014.78
3049.07
3083.61
3118.42
3214.84
3239.52
3274.84
3310.68
3345.23
3380.55
3416.12
3451.70
3486.77
3521.31
3556.38
3592.73
3627.53
3662.34
3696.37
3731.69
3767.27
3802.07
3837.39
3872.45
3906.48
3941.03
3977.12
4011.67
4046.22
4081.80
4115.57
4149.86
4186.21
4220.50
4255.05
4290.37
4324.40
4358.43
4394.78
4429.07
4463.88
4498.42
4532.20
4567.00
4602.06
4615.21
4636.05
4774.91
4926.39
5071.23
5239.66
5418.75
5588.13
5784.90
5946.81
6113.36
6279.13
6486.88
6652.13
6816.88
6981.62
7359.83
7365.91
7527.05
7744.34
8065.06
8414.55
8775.41
9177.08
9559.46
9870.69
10221.57
10626.23
10932.00
11266.12
11582.98
12024.90
12396.23
12768.56
13103.46
13454.09
13807.80
14160.49
14538.84
14864.20
15181.48
15541.95
15900.83
16422.29
16749.98
17107.57
17465.93
17824.55
18251.82
18552.43
18907.18
19264.25
19615.32
19969.81
20245.41
20600.41
20957.48
21282.32
21640.68
21998.79
22327.75
22626.59
23188.16
23544.71
23910.22
24267.55
24626.68
24985.82
25345.72
25705.89
26067.09
26423.90
26783.55
27140.10
27500.27
27857.85
28216.21
28574.83
28933.70
29291.29
29644.06
30000.36
30356.40
30712.44
31071.05
31417.38
31774.19
32132.03
32686.33
33153.66
33509.44
33863.67
34218.68
34573.43
34922.19
35279.52
35569.55
35928.43
36289.37
36648.24
37005.57
37360.06
37718.16
37892.45
38285.61
38434.37
38796.34
39157.02
39519.50
39870.64
40088.75
40138.77
40193.42
40340.89
40428.03
40446.59
40522.13
40549.18
40555.10
40562.32
40569.80
40577.27
40584.49
40591.97
40599.19
40606.66
40614.14
40621.36
40629.09
40636.31
40643.79
40651.01
40659.77
40665.96
40673.18
40680.66
40688.13
40695.61
40703.09
40710.30
40717.78
40725.26
40732.48
40739.95
40747.43
40754.91
40762.38
40769.60
40777.08
40784.55
40791.77
40799.51
40806.73
40814.20
40821.42
40832.25
40840.76
40846.17
40847.72
40854.94
40856.74
40858.80
40860.87
40862.93
40867.57
40887.94
40996.48
41021.38
41059.69
41133.26
41237.60
41290.92
41343.26
41394.43
41442.54
41465.23
41476.83
41528.14
41572.48
41626.63
41653.70
41707.84
41786.47
41876.45
41949.15
42049.18
42101.32
42205.21
42277.14
42381.56
42486.23
42539.86
42582.91
42628.03
42667.99
42707.95
42731.67
42759.77
42781.17
42879.39
43021.19
43083.58
43196.74
43336.47
43419.23
43537.31
43660.03
43744.33
43858.80
43964.07
44098.19
44235.35
44375.86
44510.95
44646.30
44784.23
44923.96
45060.61
45085.61
45144.39
45266.08
45406.07
45544.00
45630.63
45693.02
45763.66
45866.53
45970.68
46031.01
46085.15
46166.88
46230.04
46339.61
46414.89
46471.87
46519.82
46581.44
46636.36
46692.04
46728.91
46780.21
46822.24
46848.79
46873.80
46895.20
46919.95
46948.31
46975.12
46995.23
47003.74
47043.96
47093.34
47140.78
47194.40
47251.12
47311.96
47371.00
47428.50
47488.82
47550.18
47608.45
47666.20
47723.43
47781.18
47836.36
47894.11
47949.54
48005.22
48060.91
48116.15
48164.88
48218.50
48249.18
48264.91
48312.34
48363.39
48414.18
48468.06
48522.98
48576.09
48628.68
48683.59
48736.70
48792.65
48847.30
48904.54
48959.45
49016.17
49068.25
49119.04
49174.98
49227.58
49278.62
49332.77
49386.91
49436.92
49488.74
49537.73
49588.26
49638.64
49688.40
49737.90
49786.88
49833.80
49881.76
49928.68
49977.15
50026.39
50075.12
50121.27
50169.48
50208.15
50414.91
51089.61
51781.06
52299.52
52830.88
53354.49
53897.70
54434.73
54953.45
55275.97
9.19
53.94
91.48
129.36
164.94
202.68
238.25
273.83
310.70
345.76
382.37
420.59
455.66
492.01
526.55
561.62
597.71
633.55
668.09
703.67
740.02
791.84
813.98
849.81
884.10
919.94
953.97
989.55
1024.09
1060.70
1095.77
1130.31
1165.63
1200.18
1235.50
1269.02
1304.08
1338.62
1373.69
1409.01
1445.10
1480.94
1515.74
1594.12
1594.25
1629.05
1664.11
1698.66
1734.75
1770.59
1805.14
1840.71
1875.00
1910.32
1944.10
1979.42
2013.71
2049.03
2084.35
2119.15
2153.44
2188.76
2222.54
2257.60
2292.14
2325.66
2360.72
2395.01
2429.56
2464.62
2499.43
2533.71
2567.75
2602.55
2636.58
2670.10
2704.90
2739.45
2773.22
2806.74
2841.54
2875.57
2914.76
2949.57
2983.60
3017.37
3052.43
3086.46
3121.01
3221.56
3242.75
3278.07
3312.61
3346.90
3381.96
3416.25
3451.83
3487.15
3520.93
3556.25
3590.54
3624.82
3659.89
3693.66
3728.46
3763.53
3797.30
3832.62
3867.94
3901.97
3936.52
3971.32
4005.10
4039.39
4074.19
4108.48
4141.74
4176.54
4212.89
4244.35
4279.41
4314.47
4349.02
4383.05
4417.08
4451.89
4485.92
4519.69
4554.24
4588.53
4622.30
4656.07
4690.62
4725.17
4758.43
4792.97
4828.04
4862.32
4896.87
4924.20
5017.73
5165.12
5310.27
5475.41
5631.64
5815.73
5982.02
6178.91
6346.74
6516.64
6723.70
6896.63
7066.27
7233.85
7401.69
7628.15
7793.93
7979.70
8132.84
8349.06
8672.63
9328.94
9458.41
9794.08
10161.04
10492.43
10847.44
11235.02
11559.99
11864.47
12308.43
12662.67
13036.84
13390.08
13748.44
14103.96
14456.65
14812.17
15159.17
15513.92
15841.60
16199.43
16694.16
17053.03
17414.23
17773.88
18133.27
18493.95
18878.94
19226.47
19584.32
19940.36
20298.18
20578.43
20936.79
21297.72
21655.82
21981.18
22342.12
22698.96
23263.65
23542.35
23901.22
24279.54
24628.36
24992.39
25356.94
25719.68
26082.17
26445.18
26809.99
27170.67
27528.51
27887.64
28248.07
28609.78
28970.46
29330.11
29688.98
30049.66
30412.66
30773.08
31129.64
31486.19
31876.98
32195.64
32558.64
33223.71
33582.58
33942.75
34300.33
34661.79
35015.95
35370.30
35729.17
36085.73
36381.70
36744.18
37101.77
37460.64
37824.16
38185.35
38524.38
38585.99
38918.05
39278.48
39639.16
40003.19
40369.54
40729.70
41091.93
41455.70
41822.05
42187.89
42546.51
42840.80
42910.15
42938.00
43072.83
43212.82
43242.73
43278.31
43663.39
43670.54
43677.50
43679.31
43681.11
43683.18
43685.24
43687.04
43689.88
43700.19
43768.77
43830.09
43898.92
43942.18
43981.89
44023.79
44138.52
44192.71
44246.95
44297.48
44332.03
44385.40
44434.02
44475.27
44523.23
44597.22
44667.34
44716.59
44785.81
44861.35
44950.81
45017.07
45091.57
45188.25
45264.39
45358.75
45435.06
45516.27
45585.11
45625.07
45664.25
45694.68
45717.11
45777.43
45922.84
45982.39
46096.09
46222.68
46334.71
46468.00
46612.11
46687.41
46770.17
46906.55
46984.93
47111.25
47251.25
47307.45
47444.35
47561.65
47665.55
47802.96
47943.99
48084.75
48149.98
48243.57
48365.00
48503.96
48599.35
48740.89
48879.33
48997.93
49056.39
49139.41
49213.14
49314.21
49410.63
49450.07
49509.11
49564.54
49617.65
49690.36
49768.73
49810.12
49852.15
49886.95
49932.33
49971.26
50015.86
50037.52
50064.59
50093.20
50120.79
50128.27
50150.18
50175.96
50228.55
50279.60
50332.97
50386.34
50435.32
50485.85
50538.45
50595.16
50648.71
50704.92
50727.09
50737.14
50795.41
50852.64
50912.20
50972.27
51032.32
51090.32
51149.11
51204.54
51262.29
51321.58
51374.18
51428.06
51481.68
51537.89
51589.19
51642.56
51690.51
51700.31
51722.48
51771.98
51819.93
51869.43
51919.19
51971.53
52025.41
52077.49
52129.05
52181.39
52235.01
52288.38
52342.00
52393.82
52446.16
52497.98
52553.41
52607.81
52660.66
52714.29
52770.23
52823.08
52872.58
52922.08
52975.71
53028.30
53077.29
53126.53
53176.29
53226.30
53279.41
53329.93
53378.40
53427.13
53476.63
53527.16
53574.34
53623.84
53624.87
54289.25
54995.66
55606.93
56148.08
56700.83
57246.36
57811.49
58361.92
58903.07
59059.82
9.76
52.80
90.31
127.50
163.07
203.81
235.53
270.34
306.17
341.23
376.81
413.69
449.52
484.84
519.91
554.20
589.00
623.80
658.35
693.16
728.48
763.02
803.25
838.31
872.60
906.89
941.69
976.50
1011.30
1046.11
1080.65
1115.20
1149.75
1184.29
1218.84
1253.13
1287.16
1320.93
1354.96
1389.00
1423.29
1459.64
1493.67
1527.70
1599.11
1605.11
1639.65
1674.20
1708.49
1743.04
1777.58
1812.13
1846.68
1880.96
1915.00
1949.29
1983.57
2017.86
2051.89
2085.93
2119.70
2153.73
2187.76
2221.54
2255.31
2289.08
2323.11
2356.63
2390.66
2424.69
2458.98
2492.75
2526.27
2560.04
2593.30
2626.82
2660.07
2693.33
2726.85
2760.88
2794.91
2828.43
2861.68
2911.18
2934.39
2968.16
3001.93
3035.71
3069.74
3104.03
3138.06
3189.20
3223.49
3257.78
3292.07
3326.36
3360.64
3394.68
3429.22
3463.25
3497.54
3531.57
3565.86
3600.15
3634.44
3668.47
3702.76
3736.79
3770.82
3805.11
3839.40
3873.43
3907.72
3942.01
3975.79
4009.30
4043.07
4076.59
4110.11
4143.88
4177.91
4212.20
4245.97
4279.75
4313.52
4347.04
4380.29
4413.81
4447.07
4480.58
4514.10
4548.39
4582.68
4616.19
4649.96
4683.22
4716.74
4750.25
4784.54
4818.83
4852.35
4885.86
4919.38
4952.64
4986.15
5020.44
5054.21
5087.73
5121.25
5154.50
5187.76
5222.05
5250.15
5330.50
5463.38
5615.55
5766.28
5922.07
6096.67
6264.76
6458.65
6636.54
6793.04
6998.20
7169.23
7343.25
7498.45
7662.16
7884.15
8048.38
8213.12
8375.86
8540.86
8703.02
8890.71
9027.46
9402.06
9734.06
10096.79
10399.68
10778.11
11057.49
11389.91
11822.45
12041.08
12460.59
12781.05
13115.95
13481.59
13804.12
14136.16
14471.84
14806.48
15141.32
15474.76
15806.84
16143.54
16564.03
16929.25
17268.02
17607.82
17947.36
18287.15
18627.46
18964.68
19300.36
19652.27
19988.20
20324.12
20661.82
20924.70
21260.88
21598.36
21935.32
22274.86
22581.14
22916.22
23469.00
23808.79
24070.47
24408.46
24752.13
25099.04
25440.38
25780.95
26122.04
26464.41
26803.61
27145.72
27488.61
27828.41
28169.75
28510.84
28850.38
29189.92
29526.62
29862.06
30200.83
30536.50
30873.98
31210.68
31548.16
31884.60
32229.30
32562.88
34211.85
34236.66
34574.91
34911.36
35243.52
35581.25
35917.95
36256.32
36595.60
36937.71
37208.42
37548.73
37886.72
38227.81
38564.51
38873.89
39084.00
39255.19
39594.21
39937.36
40282.57
40624.95
40965.00
41308.93
41648.72
41991.61
42332.18
42673.79
43015.90
43356.47
43698.85
44043.54
44384.11
44720.98
45062.84
45403.15
45670.76
45826.22
45853.81
45998.18
46119.61
46148.75
46179.94
46484.99
46491.99
46499.47
46506.95
46514.16
46521.64
46528.86
46536.59
46543.81
46552.06
46558.51
46565.98
46573.46
46580.94
46588.16
46603.37
46605.69
46612.39
46614.20
46616.00
46618.06
46619.87
46621.67
46623.73
46628.89
46637.91
46737.69
46770.25
46843.76
46886.39
46923.79
47021.19
47078.43
47132.57
47187.60
47239.42
47307.98
47350.52
47372.18
47417.55
47470.92
47546.72
47589.52
47649.07
47690.84
47752.20
47827.22
47865.12
47949.68
48016.97
48110.89
48183.59
48246.76
48312.24
48403.25
48483.95
48550.46
48642.50
48723.45
48753.36
48783.01
48910.37
49029.99
49107.85
49252.48
49345.55
49469.91
49594.95
49689.82
49804.55
49944.54
50036.84
50167.81
50305.48
50381.79
50459.39
50542.67
50670.54
50727.52
50866.74
50982.75
51037.41
51140.54
51252.68
51382.62
51492.96
51587.84
51719.58
51802.34
51913.15
52018.34
52144.41
52280.79
52417.69
52554.59
52633.48
52685.04
52734.02
52811.62
52866.28
52934.86
52985.65
53029.22
53080.52
53127.96
53182.88
53230.83
53292.96
53329.05
53362.05
53386.55
53412.07
53440.69
53471.88
53496.38
53502.56
53547.68
53598.73
53652.35
53704.69
53757.28
53811.68
53864.79
53918.41
53970.23
54020.51
54074.13
54130.36
54184.76
54240.45
54295.36
54353.62
54409.31
54462.94
54519.40
54580.50
54637.99
54697.80
54752.46
54810.98
54866.93
54924.42
54980.37
55036.83
55090.45
55145.88
55198.48
55252.88
55308.05
55365.28
55421.74
55476.14
55529.25
55581.59
55632.63
55683.68
55732.15
55780.62
55830.12
55880.65
55934.27
55990.22
56042.55
56093.86
56145.94
56195.44
56248.03
56298.05
56350.64
56403.49
56455.34
56508.19
56557.43
56610.29
56661.85
56715.99
56765.49
56819.72
56871.80
56924.65
56979.05
57034.73
57086.55
57137.34
57187.10
57243.82
57296.41
57313.95
57996.38
58701.49
59345.77
59890.27
60442.50
60993.19
61558.05
62113.64
62664.07
63142.57
9.82
52.24
87.88
123.52
158.33
194.42
229.77
264.06
298.87
333.67
367.70
404.08
438.11
472.14
506.95
540.98
574.75
609.55
643.07
676.07
710.36
745.42
796.73
816.96
850.73
883.73
918.80
952.05
985.57
1019.86
1052.86
1085.34
1119.63
1152.63
1187.18
1219.92
1253.95
1286.70
1320.47
1353.21
1385.18
1418.95
1454.53
1488.56
1521.30
1554.82
1596.42
1630.96
1663.96
1696.45
1730.48
1763.74
1797.77
1831.54
1864.29
1898.57
1931.06
1964.83
1997.06
2030.57
2063.32
2097.35
2129.83
2163.86
2196.09
2229.61
2261.57
2294.83
2327.32
2361.09
2393.06
2427.09
2459.57
2492.32
2524.03
2557.29
2590.80
2623.29
2656.54
2688.77
2722.03
2753.22
2787.00
2820.00
2852.48
2885.74
2921.83
2955.09
2988.35
3021.61
3054.35
3087.61
3119.83
3237.14
3270.08
3303.60
3336.86
3371.14
3403.89
3437.92
3470.66
3504.69
3537.43
3569.66
3603.69
3636.43
3670.98
3703.46
3737.75
3770.24
3804.27
3836.50
3869.24
3902.75
3936.27
3969.27
4002.79
4035.01
4068.53
4100.24
4133.50
4165.72
4200.01
4238.68
4265.50
4298.50
4330.21
4362.95
4395.43
4429.21
4461.18
4494.43
4527.69
4559.66
4591.89
4624.37
4657.89
4690.11
4723.37
4756.37
4788.34
4821.08
4853.05
4886.82
4919.05
4951.79
4984.79
5015.99
5048.99
5081.73
5114.47
5147.47
5179.44
5211.93
5243.89
5276.38
5309.89
5342.12
5374.86
5407.61
5438.54
5471.54
5504.80
5536.51
5569.77
5578.79
5703.09
5840.25
5989.01
6152.95
6309.82
6490.91
6663.90
6862.34
7030.43
7202.91
7413.14
7585.88
7757.32
7923.61
8038.59
8266.87
8434.96
8602.35
8768.38
8937.51
9102.51
9270.60
9525.49
9698.59
10005.34
10356.83
10733.18
11047.98
11434.46
11739.81
12089.15
12608.57
12856.07
13201.39
13538.86
13889.75
14259.14
14613.38
14964.11
15315.21
15670.72
16024.18
16416.23
16859.72
17177.34
17532.89
17894.60
18252.18
18611.57
18968.13
19325.20
19686.39
20131.62
20408.26
20763.27
21117.11
21391.52
21752.45
22110.30
22467.37
22817.28
23711.38
24055.41
24412.22
24722.89
25042.06
25399.64
25766.52
26130.81
26489.17
26848.82
27207.95
27563.46
27926.20
28284.56
28645.50
29003.34
29361.70
29724.19
30083.32
30437.30
30795.91
31152.73
31508.51
31865.84
32223.42
32580.49
33155.93
33597.86
33942.99
34302.12
34653.78
35011.36
35360.27
35716.82
36074.66
36426.84
36779.07
37135.62
37489.86
37773.71
38132.59
38489.91
38846.98
39234.99
39386.33
39741.85
39968.98
40274.23
40634.14
40994.30
41353.95
41711.54
42076.09
42439.34
42800.28
43157.61
43516.74
43879.74
44239.13
44596.46
44957.14
45313.03
45673.45
46035.94
46395.07
46754.98
47112.30
47470.15
49341.87
49364.02
49588.83
49692.21
49718.77
49857.98
49987.98
50015.57
50026.40
50115.09
50155.56
50158.39
50165.61
50172.83
50180.05
50187.52
50194.74
50202.22
50209.70
50216.91
50224.39
50231.61
50239.09
50246.30
50253.78
50261.26
50268.48
50275.95
50283.17
50290.65
50297.87
50305.34
50312.82
50320.04
50327.52
50334.73
50341.95
50349.43
50356.91
50364.12
50371.60
50378.82
50386.30
50393.77
50400.99
50408.47
50415.95
50423.16
50433.73
50437.86
50445.34
50452.81
50460.03
50467.51
50474.73
50482.20
50489.68
50498.45
50508.76
50514.95
50516.75
50518.30
50520.10
50521.91
50523.71
50525.52
50527.32
50531.45
50533.77
50602.09
50662.20
50682.31
50753.12
50799.00
50908.71
50948.48
51000.82
51054.02
51108.68
51161.53
51222.64
51295.09
51299.47
51318.55
51368.56
51435.34
51492.31
51562.95
51656.80
51699.34
51743.42
51810.45
51842.68
51922.25
51977.42
52014.80
52076.16
52148.09
52245.03
52315.93
52378.58
52455.15
52541.52
52603.65
52679.19
52757.05
52807.06
52885.44
53029.81
53156.91
53291.75
53371.67
53427.62
53550.59
53675.63
53777.21
53903.80
54030.90
54167.20
54225.98
54331.17
54426.30
54558.82
54658.08
54764.30
54898.10
54967.20
55069.29
55167.26
55287.14
55313.95
55374.80
55498.29
55593.94
55656.40
55752.05
55843.31
55946.18
56065.55
56156.81
56280.30
56414.37
56550.23
56622.68
56736.63
56824.80
56960.41
57098.60
57173.37
57298.92
57399.47
57470.11
57534.30
57580.45
57649.55
57684.35
57732.05
57770.46
57808.62
57841.10
57874.62
57907.62
57933.40
57960.47
57986.51
58013.58
58019.51
58047.09
58074.16
58124.18
58178.32
58230.91
58286.34
58341.77
58395.40
58449.02
58502.65
58554.98
58587.47
58612.48
58665.84
58717.41
58768.45
58817.95
58871.32
58921.85
58977.80
59030.65
59086.34
59142.54
59196.16
59252.11
59306.77
59361.94
59416.34
59473.83
59529.26
59586.23
59643.73
59701.48
59758.97
59811.05
59861.06
59911.85
59962.90
60016.01
60066.80
60119.13
60171.21
60223.80
60275.88
60324.87
60375.66
60431.34
60480.33
60528.05
60578.32
60627.09
60676.85
60722.22
60766.57
60813.23
60862.21
60913.78
60963.54
61017.93
61068.98
61121.83
61172.11
61220.57
61270.85
61316.22
61364.43
61412.39
61461.63
61514.22
61563.46
61613.22
61661.43
61708.87
61757.60
61807.87
61855.57
61905.84
61953.54
62002.52
62042.74
62338.45
63013.66
63710.79
64316.90
64848.25
65385.28
65919.98
66459.84
67007.43
67547.29
68076.84
68304.75
7.17
51.91
88.12
124.53
158.30
193.88
229.84
263.61
296.61
331.16
366.74
403.45
437.22
472.03
505.29
540.86
573.09
607.89
641.15
675.70
709.47
742.99
797.13
816.48
850.77
883.52
917.03
950.55
985.35
1018.61
1053.16
1087.19
1119.93
1153.45
1186.45
1221.25
1254.77
1287.77
1321.28
1353.51
1386.77
1421.05
1456.38
1489.63
1522.89
1555.63
1598.59
1633.39
1666.13
1700.68
1734.20
1767.71
1800.71
1833.97
1868.77
1902.03
1935.29
1969.32
2000.77
2034.55
2068.84
2101.84
2134.32
2167.84
2200.58
2233.32
2267.09
2300.61
2333.87
2365.06
2398.58
2432.35
2465.61
2498.09
2531.09
2563.84
2597.09
2629.32
2662.06
2695.06
2727.29
2760.80
2793.03
2825.52
2858.52
2890.74
2931.73
2961.64
2993.87
3027.12
3060.64
3094.16
3127.16
3249.88
3277.35
3310.61
3344.12
3377.90
3411.41
3443.64
3476.90
3510.67
3543.41
3577.19
3610.45
3642.41
3675.93
3709.70
3742.96
3775.45
3808.70
3841.45
3874.19
3906.93
3940.19
3973.19
4004.90
4037.64
4071.41
4104.41
4137.41
4168.35
4201.35
4235.38
4268.12
4300.87
4331.80
4364.80
4398.32
4431.32
4464.32
4495.00
4527.74
4561.26
4594.26
4627.00
4658.45
4691.20
4723.94
4756.68
4789.42
4821.39
4854.65
4886.62
4919.10
4951.33
4983.81
5017.07
5049.55
5082.04
5112.72
5145.20
5178.20
5210.69
5243.17
5274.88
5308.14
5340.62
5372.85
5403.53
5435.76
5469.02
5501.24
5533.47
5565.18
5597.92
5630.41
5662.63
5693.31
5725.80
5758.28
5790.51
5821.96
5853.93
5886.67
5938.49
5952.41
6014.07
6145.04
6310.04
6457.03
6610.28
6784.45
6948.93
7146.56
7321.36
7488.68
7698.00
7869.36
8045.44
8216.12
8385.25
8614.76
8781.56
8957.91
9122.13
9305.95
9462.70
9633.38
9892.89
10059.44
10229.08
10426.79
10705.48
11055.47
11433.16
11757.56
12132.55
12539.99
12893.45
13253.12
13583.38
13929.20
14266.16
14621.68
14998.11
15356.37
15708.65
16064.43
16421.76
17471.57
17618.45
17939.43
18299.88
18661.84
19023.81
19381.40
19744.66
20105.34
20463.95
20864.95
21194.95
21549.95
21830.45
22187.78
22546.14
22901.37
23350.99
23822.01
24182.43
24507.53
24867.18
25229.66
25507.07
25868.52
26268.66
26598.92
26960.89
27323.12
27686.89
28049.89
28408.84
28767.97
29132.00
29493.20
29853.36
30215.33
30576.01
30936.18
31297.11
31657.02
32015.64
32372.71
32728.75
33485.68
33756.82
34115.96
34495.67
34823.09
35182.23
35537.08
35898.02
36257.92
36617.31
36976.45
37327.34
37684.67
38039.42
38394.17
38686.01
39043.34
39402.73
39601.50
39956.00
40316.42
40704.94
40858.08
41219.28
41583.31
41948.11
42307.25
42670.50
43030.67
43388.43
43752.72
44116.75
44478.72
44840.95
45202.92
45565.40
45928.14
46287.32
46650.84
47008.94
47368.59
47733.39
50414.64
50726.71
51085.84
51447.61
51808.55
52167.94
52481.44
52712.44
52778.70
52819.43
52962.26
53081.88
53109.47
53121.59
53214.14
53254.69
53258.04
53263.97
53271.19
53278.66
53286.14
53293.36
53300.58
53307.80
53315.27
53322.75
53330.23
53337.45
53344.66
53352.14
53359.62
53367.09
53374.31
53381.53
53389.01
53396.23
53403.70
53410.92
53418.40
53425.62
53433.09
53440.57
53447.79
53455.27
53462.74
53469.96
53477.44
53484.66
53492.13
53499.61
53506.83
53514.30
53521.52
53529.00
53536.48
53543.70
53551.17
53558.39
53565.87
53573.34
53580.56
53588.04
53595.26
53602.73
53609.95
53617.43
53632.38
53638.83
53640.38
53642.18
53643.98
53645.53
53647.34
53649.14
53650.95
53652.75
53657.91
53667.45
53767.73
53798.61
53853.52
53898.75
54009.91
54065.85
54112.26
54155.97
54210.72
54264.09
54317.77
54381.71
54454.93
54527.04
54587.08
54635.80
54730.94
54806.48
54864.74
54935.38
55013.04
55068.47
55109.46
55158.70
55212.84
55259.51
55310.30
55345.62
55369.08
55418.32
55502.32
55577.86
55647.72
55718.00
55810.82
55868.57
55945.39
56042.85
56092.35
56142.62
56289.05
56435.23
56580.90
56723.47
56871.71
57002.68
57115.60
57150.15
57186.50
57313.34
57418.02
57545.63
57656.49
57787.72
57901.93
58038.05
58156.65
58211.30
58280.14
58394.87
58479.17
58606.27
58720.70
58822.79
58887.25
58940.10
59003.52
59088.04
59139.60
59188.59
59318.52
59434.54
59471.41
59540.50
59663.99
59759.12
59870.50
59987.29
60107.17
60224.22
60321.16
60457.28
60584.12
60665.85
60768.98
60878.29
60989.15
61129.66
61218.09
61277.38
61330.23
61378.96
61431.04
61476.67
61503.48
61528.49
61555.05
61581.34
61606.87
61635.74
61657.14
61660.75
61702.26
61756.91
61811.05
61867.26
61919.08
61953.88
61964.71
62020.91
62075.31
62129.97
62184.37
62239.80
62299.09
62353.23
62405.31
62459.97
62513.85
62566.45
62620.07
62672.41
62726.80
62783.52
62836.89
62888.71
62939.76
62987.71
63039.79
63051.91
63079.23
63133.89
63191.12
63246.55
63302.76
63360.51
63415.16
63468.02
63519.32
63573.20
63624.51
63674.52
63723.25
63772.49
63820.19
63871.49
63923.05
63971.61
64019.56
64070.86
64119.59
64168.83
64218.33
64269.12
64317.85
64367.35
64417.11
64467.38
64515.85
64566.38
64616.14
64668.47
64719.78
64768.25
64821.10
64870.86
64920.36
64969.60
65015.49
65064.99
65116.55
65165.28
65209.11
65254.48
65306.30
65356.06
65406.07
65456.09
65506.62
65556.89
65604.85
65654.62
65700.51
65748.72
65795.90
65842.82
65890.52
65901.34
66427.54
67129.82
67847.05
68434.35
68978.59
69527.99
70079.20
70628.85
71192.17
71744.41
72293.80
72582.55
8.61
52.45
86.64
122.00
156.29
189.29
224.97
259.00
292.78
324.23
360.07
402.09
429.16
461.65
495.16
528.42
561.68
594.16
626.91
660.16
692.91
726.16
759.68
797.50
829.99
863.50
896.76
929.50
961.73
995.25
1028.25
1060.99
1092.70
1125.96
1158.70
1190.93
1222.89
1255.64
1287.86
1319.57
1351.54
1384.54
1417.80
1453.38
1483.54
1517.06
1548.00
1589.92
1623.44
1656.44
1689.18
1720.89
1754.41
1786.89
1819.63
1851.09
1884.34
1917.09
1949.05
1981.02
2013.77
2045.99
2077.70
2110.19
2143.19
2175.93
2207.12
2240.12
2272.09
2303.55
2335.26
2368.00
2401.26
2432.20
2464.68
2496.65
2527.84
2559.55
2592.55
2625.04
2655.98
2688.20
2719.40
2750.34
2784.11
2815.82
2847.02
2878.21
2910.70
2946.53
2978.76
3011.50
3042.44
3075.44
3107.41
3138.86
3257.97
3287.48
3319.97
3351.42
3384.42
3416.91
3449.13
3480.84
3513.59
3545.55
3577.01
3610.01
3643.27
3675.49
3706.69
3739.69
3771.66
3803.37
3835.08
3867.82
3901.08
3932.02
3964.76
3996.73
4028.18
4059.63
4092.38
4125.38
4156.57
4189.05
4220.77
4251.70
4283.67
4316.93
4348.38
4379.32
4411.55
4443.77
4474.71
4507.97
4539.68
4570.88
4602.07
4635.07
4667.30
4698.23
4730.20
4761.91
4792.85
4826.11
4857.82
4888.76
4919.95
4953.21
4984.66
5015.60
5047.31
5080.05
5110.99
5143.22
5174.41
5204.84
5238.09
5269.80
5300.48
5331.68
5364.94
5395.88
5426.30
5458.52
5490.23
5520.91
5552.37
5585.11
5615.53
5647.50
5678.95
5709.89
5742.12
5773.05
5803.48
5836.73
5867.93
5898.61
5961.26
5971.57
6003.54
6034.48
6066.19
6099.19
6130.90
6161.84
6193.80
6226.29
6257.23
6289.45
6313.95
6354.40
6481.36
6625.73
6755.75
6913.13
7085.08
7240.29
7398.76
7592.34
7762.50
7925.69
8134.34
8301.59
8472.00
8639.04
8804.04
9029.67
9193.12
9357.35
9520.03
9682.45
9845.39
10001.62
10247.90
10403.36
10555.73
10712.74
10871.29
11043.25
11227.69
11518.76
11851.51
12191.05
12912.09
12991.83
13264.43
13565.04
13899.42
14249.54
14574.99
14896.23
15231.38
15586.80
15921.60
16253.83
16589.76
17619.98
17735.78
18106.30
18404.07
18710.36
19050.53
19388.78
19732.70
20075.07
20413.58
20752.86
21090.86
21531.62
21779.12
22046.73
22381.88
22718.48
23055.17
23417.39
23945.71
24284.99
24622.73
24959.43
25270.61
25608.34
25946.85
26221.68
26551.94
26893.28
27241.90
27584.79
27925.36
28266.96
28608.82
28947.91
29290.54
29632.40
29972.46
30314.42
30656.54
30995.30
31337.16
31675.93
32013.66
32352.17
32693.26
33031.51
34926.95
35048.05
35381.97
35712.21
36051.75
36389.48
36726.70
37066.24
37404.75
37740.16
38080.79
38415.43
38752.90
39092.70
39369.33
39707.58
39990.40
40225.79
40565.84
40904.35
41247.50
41485.46
41754.36
42097.50
42438.59
42781.22
43124.63
43465.71
43807.83
44151.50
44491.55
44833.15
45176.04
45517.13
45860.54
46204.20
46543.48
46884.64
47226.24
47568.36
47994.52
50532.43
50787.29
51129.66
51470.23
51809.77
52150.74
52492.09
52833.95
53174.52
53514.57
53853.59
54192.10
54531.38
54870.41
55210.20
55541.28
55800.12
55966.67
55992.97
56059.48
56198.19
56299.77
56326.32
56334.31
56429.45
56859.73
56861.43
56870.45
56881.54
56887.21
56888.76
56890.56
56892.11
56893.91
56895.46
56897.27
56898.81
56900.62
56902.42
56908.09
56908.87
57008.12
57077.38
57107.18
57144.82
57188.23
57230.25
57342.66
57394.77
57439.64
57487.08
57543.28
57597.08
57659.47
57730.96
57759.57
57804.95
57893.12
57954.22
58044.20
58130.05
58206.94
58295.37
58334.82
58380.71
58468.36
58532.56
58585.67
58616.09
58648.57
58707.87
58729.27
58760.72
58823.89
58879.49
58892.64
58977.71
59050.68
59145.04
59218.77
59269.82
59336.33
59429.34
59492.50
59515.96
59638.94
59784.09
59930.52
59951.92
60090.88
60235.52
60381.18
60523.75
60567.84
60713.24
60857.88
60976.98
61021.59
61122.65
61183.75
61271.41
61376.59
61500.60
61644.72
61743.46
61889.28
62029.28
62149.42
62189.89
62262.60
62320.35
62410.58
62545.93
62680.25
62798.85
62878.00
62897.33
62950.18
63003.55
63041.96
63079.09
63179.12
63221.40
63254.14
63341.29
63420.95
63503.19
63553.46
63634.42
63724.91
63814.63
63907.18
63998.71
64087.65
64177.11
64287.71
64419.46
64551.92
64641.64
64727.23
64822.88
64864.39
64894.81
64923.68
64955.14
64984.27
65016.24
65044.08
65050.53
65064.47
65113.20
65164.76
65215.03
65268.66
65321.51
65374.10
65427.21
65481.61
65537.30
65589.89
65644.55
65700.75
65754.63
65812.38
65867.04
65919.38
65973.00
66027.40
66079.97
66135.66
66190.31
66242.91
66296.79
66353.51
66409.45
66461.27
66510.00
66561.30
66615.19
66665.20
66718.31
66771.68
66823.50
66875.58
66926.11
66976.38
67028.20
67080.54
67133.91
67187.53
67241.67
67296.33
67347.63
67397.91
67444.83
67492.27
67542.54
67591.27
67640.77
67691.30
67742.86
67792.88
67843.41
67894.45
67944.21
67995.00
68045.27
68094.77
68142.73
68192.74
68243.53
68292.52
68342.27
68390.23
68442.30
68494.12
68546.20
68597.51
68647.01
68700.89
68751.94
68802.47
68855.32
68908.43
68959.99
69008.46
69056.67
69103.85
69155.41
69206.20
69255.70
69309.84
69361.66
69412.97
69465.30
69516.87
69571.01
69620.25
69665.11
69712.55
69758.95
69810.00
69820.31
70476.70
71172.54
71881.52
72471.66
73014.09
73563.75
74115.47
74661.00
75232.57
75786.87
76332.14
76872.26
76902.42
9.92
52.48
87.59
122.29
155.04
189.58
224.44
257.44
290.44
324.21
358.25
391.25
427.19
461.48
493.19
527.48
560.74
593.22
625.45
658.19
692.22
724.71
757.71
795.50
829.02
861.76
893.73
926.73
960.76
993.24
1024.95
1057.44
1090.95
1122.41
1155.15
1187.63
1219.60
1253.12
1285.09
1316.02
1349.80
1382.02
1413.22
1446.48
1481.80
1512.73
1545.22
1616.12
1620.72
1652.69
1685.95
1718.43
1749.88
1783.40
1816.66
1848.88
1880.59
1913.85
1947.11
1978.56
2011.05
2044.30
2075.50
2107.98
2148.20
2171.92
2204.92
2236.89
2268.60
2301.60
2333.05
2365.02
2397.77
2429.48
2461.19
2494.19
2525.64
2557.35
2589.58
2621.80
2653.00
2685.23
2718.23
2748.91
2780.88
2813.62
2844.30
2876.52
2909.01
2950.00
2977.59
3008.52
3042.04
3073.49
3104.43
3138.20
3169.40
3220.75
3252.21
3286.24
3318.46
3350.18
3382.40
3415.92
3447.89
3479.34
3512.60
3545.60
3576.79
3609.28
3642.54
3673.73
3705.96
3739.21
3770.41
3803.15
3835.89
3867.35
3900.09
3932.32
3964.03
3996.77
4028.48
4060.45
4093.19
4124.90
4156.61
4189.36
4221.07
4253.04
4288.36
4317.49
4348.43
4380.65
4413.65
4444.07
4476.04
4508.79
4539.46
4571.95
4604.18
4635.11
4668.37
4699.31
4730.50
4763.50
4794.18
4826.93
4858.64
4888.80
4922.06
4953.25
4984.71
5016.93
5049.16
5079.84
5111.29
5144.04
5174.71
5207.71
5238.91
5269.85
5302.59
5333.01
5366.01
5397.21
5427.89
5460.11
5492.34
5522.50
5554.21
5586.18
5616.35
5649.61
5679.77
5712.25
5742.93
5774.39
5806.10
5838.32
5868.49
5900.97
5932.17
5980.89
6004.87
6036.07
6067.26
6100.00
6131.71
6162.91
6194.62
6227.36
6258.04
6290.01
6322.50
6352.92
6385.92
6416.86
6616.66
6645.04
6678.82
6711.04
6742.24
6775.24
6779.11
6896.00
7031.61
7173.25
7330.42
7485.89
7659.62
7819.98
8012.96
8185.44
8355.27
8560.40
8731.51
8908.37
9079.81
9252.55
9481.63
9649.98
9815.96
9987.92
10145.70
10331.07
10481.89
10737.81
10905.13
11070.39
11235.64
11401.42
11578.28
11745.86
11908.63
12101.08
12406.94
13208.23
13209.34
13550.65
13896.29
14210.88
14565.12
14964.03
15288.70
15636.23
15968.94
16374.91
16701.04
17052.68
17543.18
17896.12
18251.64
18603.56
18970.61
19309.38
19631.38
19989.19
20347.55
20706.16
21066.33
21428.81
21786.40
22144.24
22512.22
22793.24
23151.08
23507.56
24067.52
24424.85
24779.34
25133.84
25490.65
25847.46
26173.85
26531.95
26892.12
27166.95
27528.14
27894.18
28256.41
28617.61
28979.83
29336.39
29695.80
30056.48
30417.10
30776.49
31137.68
31496.82
31858.79
32218.18
32576.02
32933.35
33290.16
35146.41
35383.50
35743.67
36086.29
36441.81
36799.91
37158.27
37513.02
37869.06
38225.62
38580.11
38937.93
39296.29
39650.78
40008.88
40297.89
40500.27
40845.74
41204.87
41564.78
41925.20
42282.01
42460.42
42820.84
43182.29
43544.12
43902.22
44267.02
44626.93
44985.80
45345.20
45707.42
46067.59
46428.52
46786.37
47145.76
47507.47
47864.08
49206.77
49415.60
49773.70
50132.84
50493.52
50855.23
51214.88
51573.75
51932.11
52291.24
52652.44
53009.52
53370.97
53727.79
54087.95
54445.28
54801.83
55156.32
55505.95
55860.96
56217.26
56574.33
56932.69
57286.92
57644.51
57999.77
58355.30
58711.85
59048.55
59262.54
59361.02
59387.24
59490.62
59629.33
59701.52
59727.55
59743.80
59839.96
60285.16
60290.47
60302.07
60310.06
60316.51
60318.05
60319.86
60321.41
60322.95
60324.76
60326.30
60328.11
60329.66
60331.46
60333.27
60338.42
60372.71
60464.23
60497.80
60548.59
60595.07
60713.05
60770.11
60829.14
60884.47
60931.65
60974.19
61032.55
61088.75
61157.87
61230.83
61304.05
61395.83
61504.89
61575.97
61645.07
61751.03
61813.42
61921.70
61991.57
62031.53
62101.39
62194.46
62238.04
62286.89
62318.35
62350.32
62410.90
62439.26
62496.50
62574.10
62601.68
62613.54
62709.19
62764.11
62839.07
62906.87
62962.04
63033.97
63099.71
63126.01
63264.46
63411.93
63558.36
63706.09
63727.75
63847.37
63994.75
64139.38
64284.02
64430.97
64577.15
64725.91
64737.77
64845.53
64993.52
65131.93
65193.29
65274.76
65378.14
65437.70
65540.82
65675.66
65756.09
65874.43
66013.39
66102.85
66250.58
66388.77
66444.45
66525.15
66584.45
66678.03
66738.36
66819.05
66956.47
67081.51
67135.91
67223.56
67269.97
67329.52
67367.94
67419.24
67457.91
67528.55
67578.31
67611.57
67642.77
67773.48
67843.34
67880.73
67944.66
68049.59
68165.87
68276.73
68315.40
68422.65
68504.25
68569.48
68657.91
68776.50
68850.49
68869.05
68888.91
68919.33
68949.49
68976.56
68997.19
69014.46
69051.84
69102.38
69155.74
69207.30
69257.84
69310.69
69362.25
69415.36
69471.99
69525.61
69580.53
69634.93
69690.36
69743.72
69797.09
69853.55
69907.95
69962.61
70020.87
70077.85
70135.34
70190.00
70244.65
70299.57
70354.22
70408.11
70464.05
70520.00
70571.82
70625.70
70678.81
70732.18
70782.96
70833.22
70882.46
70937.63
70989.45
71043.34
71097.48
71145.95
71196.48
71248.81
71298.83
71354.52
71405.82
71458.67
71514.10
71564.12
71615.42
71664.66
71717.52
71764.95
71815.48
71866.27
71917.58
71966.30
72016.32
72063.76
72113.52
72162.76
72210.97
72257.12
72304.04
72349.67
72396.59
72445.84
72497.14
72548.70
72598.20
72646.93
72696.43
72745.16
72797.75
72846.73
72896.75
72948.83
72997.81
73046.54
73095.78
73147.34
73196.84
73248.15
73300.48
73352.30
73403.35
73452.85
73501.84
73552.37
73601.09
73650.85
73702.67
73752.17
73801.41
73849.88
73900.93
73948.88
73998.90
74050.72
74090.94
74714.59
75414.29
76127.14
76772.19
77319.27
77866.34
78429.66
78977.00
79547.02
80112.15
80667.99
81219.97
81629.38
8.97
50.93
85.59
118.59
151.34
185.11
218.13
251.64
282.84
316.36
347.81
380.55
415.93
446.87
480.64
512.87
544.32
576.55
608.77
640.48
672.45
703.65
737.68
767.59
805.00
836.71
868.68
901.16
931.59
964.59
995.01
1027.23
1059.46
1089.88
1122.37
1153.30
1184.50
1216.98
1248.18
1279.12
1310.31
1342.80
1372.19
1404.41
1436.12
1469.12
1501.09
1531.00
1562.97
1604.57
1635.25
1668.00
1697.90
1730.64
1763.13
1792.78
1825.78
1855.43
1887.91
1919.88
1950.30
1982.27
2012.95
2044.66
2075.34
2107.31
2138.76
2168.15
2200.64
2231.06
2262.51
2292.68
2324.64
2355.84
2385.75
2416.68
2447.62
2479.33
2508.46
2540.18
2571.37
2602.31
2633.25
2662.89
2693.83
2724.25
2756.22
2785.61
2816.81
2846.97
2878.43
2909.36
2960.41
2974.59
3006.30
3035.95
3067.66
3098.86
3129.54
3159.96
3272.62
3304.13
3335.07
3365.75
3396.95
3429.17
3458.30
3490.53
3522.24
3552.66
3583.34
3614.28
3646.25
3675.64
3707.87
3739.06
3770.52
3800.94
3831.10
3863.33
3893.23
3924.17
3955.62
3987.08
4018.02
4047.41
4079.38
4109.80
4142.02
4170.64
4202.61
4233.55
4264.48
4301.09
4324.55
4356.01
4386.43
4418.14
4447.53
4478.73
4509.66
4541.12
4571.80
4601.70
4632.38
4662.29
4694.26
4723.91
4755.62
4783.98
4815.43
4846.37
4877.30
4908.24
4938.15
4968.83
4998.22
5029.67
5059.58
5091.03
5120.42
5151.36
5180.49
5211.69
5242.37
5273.05
5303.21
5333.89
5364.57
5393.45
5424.12
5453.52
5484.71
5514.62
5545.81
5575.46
5606.91
5635.27
5666.21
5696.12
5727.05
5757.73
5788.16
5818.84
5848.74
5879.42
5908.30
5938.98
5998.53
6009.36
6040.30
6069.95
6100.62
6130.27
6161.98
6191.89
6223.34
6252.22
6283.41
6314.09
6345.29
6375.97
6406.65
6437.07
6634.04
6658.89
6690.09
6719.73
6751.45
6782.38
6814.09
6843.23
6874.94
6906.39
6937.59
6968.78
6997.91
7029.88
7060.30
7092.02
7121.41
7153.63
7160.08
7234.15
7369.17
7519.50
7640.73
7798.16
7975.52
8138.71
8327.88
8495.71
8673.67
8883.20
9058.34
9232.11
9409.23
9587.38
9813.61
9986.86
10155.23
10324.35
10500.70
10663.12
10837.40
11096.34
11263.92
11433.04
11598.30
11766.14
11935.78
12115.47
12280.31
12447.63
12612.12
12780.83
13126.89
13470.03
13782.14
14135.28
14441.30
14787.01
15142.15
15495.87
15863.59
16214.31
16544.31
16896.48
17747.97
17758.40
18110.83
18463.26
18814.66
19166.31
19516.42
19865.06
20222.64
20542.94
20901.81
21260.69
21616.73
21975.34
22332.16
22688.97
22975.14
23336.84
23688.46
24247.12
24603.41
24959.13
25316.46
25672.75
26028.02
26381.48
26737.52
27062.62
27418.66
27773.67
28044.63
28400.15
28766.69
29126.59
29486.24
29845.89
30207.09
30562.76
30922.66
31282.83
31640.41
32000.06
32358.94
32718.84
33076.69
33436.34
34822.42
35168.49
35522.47
35874.75
36229.50
36585.54
36932.72
37290.31
37646.86
38004.19
38361.52
38714.98
39069.99
39426.29
39776.36
40131.62
40486.38
40842.93
41023.40
41313.44
41672.05
42030.93
42389.03
42747.13
43104.46
43275.13
43635.81
43997.52
44358.20
44719.40
45079.82
45440.24
45799.38
46161.09
46520.99
46881.67
47241.06
47600.20
47960.88
49010.95
49139.97
49495.92
49857.38
50217.02
50575.64
50936.58
51295.45
51652.78
52014.75
52372.85
52732.76
53092.41
53453.34
53806.77
54167.19
54524.26
54883.14
55241.50
55590.24
55947.31
56302.84
56658.88
57016.20
57373.02
57728.80
58082.26
58438.55
58796.40
59152.70
59508.99
59865.80
60219.52
60576.34
60932.38
61289.19
61644.71
62002.30
62359.88
62597.07
62758.20
62783.16
62816.93
62951.00
63084.54
63126.57
63147.96
63168.85
63267.07
63721.70
63725.21
63732.68
63739.90
63747.12
63764.39
63765.17
63766.71
63776.25
63777.80
63779.35
63780.89
63782.44
63783.99
63785.54
63787.08
63788.63
63790.43
63822.92
63823.69
63848.96
63917.37
63953.93
64008.07
64062.18
64118.37
64172.25
64226.10
64280.89
64334.00
64379.38
64417.69
64466.16
64519.20
64587.26
64663.79
64773.36
64881.64
64990.94
65101.28
65114.43
65175.53
65273.76
65361.67
65445.72
65508.62
65614.59
65674.90
65717.95
65774.16
65841.19
65933.74
65965.71
65995.88
66027.59
66056.20
66096.16
66148.24
66168.87
66198.09
66278.52
66323.38
66336.53
66352.00
66445.59
66501.53
66584.29
66647.45
66715.26
66737.95
66840.04
66984.67
67129.56
67271.62
67415.22
67559.59
67701.39
67843.19
67987.56
68128.84
68157.20
68278.38
68421.72
68568.00
68637.35
68785.07
68894.39
69039.79
69171.28
69272.86
69356.90
69441.98
69518.81
69597.18
69671.18
69753.68
69828.44
69910.68
70042.17
70174.43
70312.87
70450.54
70592.86
70611.42
70702.17
70775.13
70835.46
70899.39
70988.08
71031.14
71105.64
71177.83
71306.74
71426.11
71520.21
71554.50
71609.41
71652.72
71695.52
71734.96
71782.92
71818.50
71882.69
71911.04
71939.14
71972.14
72100.79
72170.14
72208.30
72286.41
72348.29
72430.53
72525.92
72643.23
72754.34
72819.31
72896.14
72966.01
72991.79
73017.83
73047.22
73076.09
73101.88
73133.07
73136.68
73155.79
73180.29
73242.42
73308.42
73375.71
73440.42
73504.10
73552.05
73604.64
73656.46
73703.64
73755.46
73806.00
73856.01
73907.57
73960.68
74012.50
74068.96
74125.17
74179.57
74233.19
74287.07
74340.70
74394.32
74448.46
74503.12
74557.52
74615.25
74675.06
74729.98
74783.09
74838.77
74893.43
74949.38
75003.00
75054.82
75107.67
75160.52
75211.05
75263.91
75318.56
75368.84
75421.69
75475.31
75523.78
75571.99
75623.30
75673.31
75725.13
75777.47
75828.26
75879.05
75931.38
75985.52
76037.86
76088.39
76138.66
76187.91
76239.21
76289.74
76337.70
76384.10
76433.09
76478.72
76526.16
76572.05
76621.80
76669.76
76719.00
76766.70
76816.97
76864.66
76914.42
76962.63
77009.04
77054.93
77099.79
77145.42
77194.41
77243.13
77288.51
77336.72
77379.52
77428.24
77477.48
77526.21
77574.16
77623.41
77672.91
77720.86
77766.75
77815.99
77866.27
77914.73
77967.07
78017.34
78065.81
78113.51
78163.01
78211.22
78258.40
78307.12
78355.34
78405.87
78452.02
78491.46
78878.44
79553.13
80246.65
80951.25
81530.04
82065.77
82598.93
83149.62
83677.62
84228.30
84783.89
85319.11
85857.42
86383.62
86522.84
8.59
51.08
84.58
118.08
150.05
181.76
216.89
248.08
281.08
314.08
345.54
378.28
413.39
445.88
477.59
510.33
542.04
574.53
606.75
636.92
669.92
700.86
734.37
765.31
803.02
833.70
866.18
897.38
930.63
960.28
993.02
1025.25
1056.96
1088.67
1118.84
1151.58
1182.26
1215.00
1244.39
1276.36
1307.81
1339.78
1371.23
1402.43
1433.88
1466.88
1498.34
1529.53
1560.73
1601.81
1633.78
1665.49
1696.17
1727.36
1758.30
1790.79
1821.21
1853.95
1883.34
1915.31
1946.25
1978.21
2009.67
2040.86
2072.32
2103.00
2134.45
2163.84
2195.55
2225.97
2257.68
2288.11
2320.07
2349.98
2381.95
2412.11
2444.08
2473.21
2504.93
2534.06
2566.03
2595.16
2627.13
2656.78
2688.23
2718.39
2749.85
2780.01
2810.95
2841.63
2872.31
2902.99
2933.67
2969.25
2999.93
3030.09
3061.80
3091.96
3123.68
3153.84
3185.29
3236.18
3267.38
3298.83
3330.28
3361.22
3392.67
3422.58
3454.03
3483.94
3515.91
3546.59
3578.55
3608.72
3640.43
3670.59
3702.56
3731.95
3764.18
3795.12
3826.57
3857.51
3888.45
3919.64
3950.58
3981.77
4012.20
4043.91
4073.30
4104.75
4134.66
4166.11
4196.53
4228.50
4258.41
4289.86
4319.77
4351.73
4381.38
4413.61
4443.00
4474.97
4504.10
4535.81
4565.72
4597.17
4627.59
4658.53
4689.21
4720.15
4750.83
4781.51
4812.19
4843.12
4873.80
4904.74
4935.16
4965.59
4996.27
5026.95
5057.62
5088.05
5118.73
5149.15
5179.57
5209.99
5240.67
5271.09
5301.52
5331.94
5362.10
5392.52
5422.95
5453.37
5483.53
5514.21
5544.38
5574.80
5604.96
5635.38
5665.55
5695.71
5726.13
5757.07
5787.23
5817.66
5847.56
5877.98
5908.15
5938.83
5968.73
6016.95
6040.41
6070.05
6101.51
6131.41
6163.12
6192.77
6224.48
6253.62
6285.59
6314.72
6346.43
6375.56
6407.27
6437.18
6646.01
6662.97
6693.14
6725.36
6755.27
6786.98
6816.63
6848.60
6879.54
6911.25
6942.18
6973.64
7004.83
7036.03
7067.48
7097.13
7128.58
7158.23
7190.46
7221.14
7253.11
7283.01
7315.24
7344.89
7376.86
7405.99
7437.70
7468.64
7500.35
7531.29
7548.04
7588.31
7717.59
7860.98
7989.28
8142.72
8312.30
8474.72
8641.78
8831.73
9001.88
9177.82
9386.14
9558.36
9732.90
9908.99
10143.44
10314.63
10488.39
10657.71
10827.10
11005.50
11171.79
11434.91
11605.32
11776.51
11948.47
12118.11
12282.08
12447.34
12621.34
12784.28
12946.45
13107.84
13406.07
13572.36
13737.87
13936.87
14278.46
14593.95
14927.48
15262.89
15609.83
15964.49
16317.64
16688.38
17040.86
18073.92
18246.30
18587.65
18940.95
19294.92
19651.22
20005.45
20358.66
20708.83
21065.64
21387.56
21744.89
22099.12
22457.22
22811.71
23170.59
23468.36
23807.63
24424.56
24740.38
25099.00
25453.75
25811.85
26170.98
26529.60
26886.15
27241.42
27596.68
27925.14
28283.50
28640.82
28919.52
29281.23
29645.55
30002.85
30365.33
30724.24
31088.27
31443.54
31801.12
32155.10
32515.01
32876.46
33235.59
33595.50
34262.58
34621.71
34981.11
35339.21
35698.86
36050.88
36409.24
36767.09
37120.55
37478.65
37830.41
38190.57
38546.61
38906.78
39262.82
39622.72
39980.31
40336.35
40693.57
41049.61
41376.00
41592.30
41950.66
42245.34
42603.96
42964.64
43322.74
43680.07
44080.20
44221.73
44581.90
44944.90
45306.09
45668.58
46028.74
46388.13
46750.88
47112.84
47475.33
47837.30
48195.14
50386.03
50464.84
50826.55
51186.20
51546.88
51908.08
52264.12
52625.83
52985.73
53345.64
53706.58
54066.23
54422.91
54781.79
55142.46
55505.46
55854.66
56218.43
56574.47
56933.86
57289.64
57650.32
58007.39
58366.78
58726.69
59082.98
59441.60
59798.16
60155.23
60514.88
60872.20
61229.02
61587.12
61942.90
62298.16
62658.07
63016.69
63370.29
63729.42
64083.65
64441.75
64798.05
65159.50
65518.89
65875.45
66112.89
66273.51
66299.81
66332.81
66467.64
66601.00
66651.01
66675.50
66688.39
66787.91
67293.74
67298.28
67300.34
67307.56
67322.77
67327.16
67327.93
67337.47
67339.02
67340.56
67342.11
67343.66
67345.46
67347.01
67348.55
67350.10
67351.65
67353.45
67384.65
67387.48
67392.64
67462.31
67502.01
67528.42
67577.23
67671.84
67726.95
67781.61
67835.96
67889.58
67942.69
67988.70
68032.27
68072.46
68126.09
68188.99
68260.92
68344.97
68356.83
68457.09
68523.86
68627.25
68693.25
68794.57
68852.32
68928.63
69018.61
69085.29
69182.74
69289.99
69395.95
69453.45
69505.52
69561.47
69639.84
69729.05
69807.68
69823.15
69861.05
69897.66
69939.94
69988.41
70016.25
70041.26
70093.08
70164.49
70179.70
70192.59
70200.84
70241.32
70334.13
70428.75
70458.66
70485.47
70625.46
70771.12
70918.85
71062.97
71208.38
71356.10
71502.80
71648.20
71794.38
71941.70
72086.59
72233.80
72381.53
72530.80
72680.33
72828.57
72978.62
73128.15
73159.09
73248.55
73370.24
73515.13
73587.83
73666.72
73750.25
73860.60
73927.37
74030.50
74137.23
74244.48
74275.42
74405.61
74491.72
74619.08
74760.36
74861.43
75008.12
75072.06
75151.72
75247.63
75345.34
75375.25
75464.71
75526.58
75639.25
75764.03
75845.75
75902.73
75957.64
76000.44
76060.25
76097.64
76135.54
76176.79
76217.52
76260.32
76298.21
76346.17
76375.04
76397.47
76435.63
76573.82
76641.62
76665.60
76724.09
76801.95
76917.71
77025.47
77077.81
77137.11
77154.89
77182.48
77212.13
77242.55
77249.51
77277.10
77306.49
77344.39
77397.50
77462.21
77529.75
77597.56
77662.79
77728.27
77794.53
77855.89
77916.99
77976.80
78038.93
78085.86
78140.00
78190.27
78237.45
78291.33
78342.12
78392.91
78428.75
78453.75
78507.21
78561.36
78613.43
78669.12
78726.61
78783.59
78839.79
78896.77
78949.88
79002.73
79056.87
79110.50
79162.32
79215.68
79270.08
79324.74
79376.56
79428.89
79482.26
79537.18
79591.83
79641.59
79691.35
79744.46
79795.25
79846.29
79899.66
79947.87
79997.37
80050.48
80102.04
80153.09
80179.39
