10.92
169.52
172.59
7.78
76.70
377.60
435.66
526.25
10.16
76.35
137.14
434.84
759.57
771.43
809.07
890.43
908.88
8.66
73.65
132.61
190.36
438.30
789.36
1170.57
1212.60
1253.39
1341.10
1403.49
1440.10
8.96
71.77
129.39
185.59
241.69
375.22
749.66
1110.07
1484.59
1742.17
1743.97
1836.79
1913.87
1963.17
2019.55
2077.30
10.02
71.55
127.48
182.40
237.98
292.12
343.16
586.49
953.14
1347.60
1680.89
2040.56
2317.27
2338.15
2340.47
2342.53
2397.70
2478.91
2563.92
2641.52
2690.27
2737.71
2795.87
2903.12
8.02
68.54
122.91
176.02
229.54
281.88
333.44
386.26
433.44
645.73
1014.91
1374.06
1747.13
2108.67
2468.34
2838.02
3027.77
3031.12
3033.70
3099.44
3172.40
3229.95
3337.31
3420.58
3453.58
3510.60
3584.34
3631.77
3667.09
4005.09
8.77
68.02
121.27
173.86
226.42
278.24
331.09
381.46
433.03
484.33
528.16
703.69
1079.07
1431.96
1804.86
2168.36
2521.88
2882.79
3265.08
3615.58
3859.58
3889.09
3896.82
3989.12
4020.18
4081.03
4205.36
4295.59
4384.57
4416.54
4460.62
4516.74
4570.11
4626.57
4675.55
4891.86
5108.42
9.69
67.52
119.55
170.60
222.55
272.83
323.62
373.63
425.49
475.77
526.04
575.80
625.04
714.02
985.05
1363.08
1721.85
2076.52
2441.80
2794.49
3154.47
3535.98
3969.34
4244.43
4580.91
4783.43
4786.52
4787.04
4791.94
4795.29
4873.41
4953.86
4991.75
5033.87
5171.54
5296.89
5382.74
5442.81
5473.49
5517.32
5579.58
5622.63
5678.84
5732.61
5789.07
5808.14
6197.70
6349.04
8.88
66.32
117.99
167.49
218.25
268.01
317.51
367.01
417.55
467.05
516.04
563.99
613.23
666.34
710.43
759.01
861.58
1108.44
1491.70
1862.21
2196.90
2567.35
2914.36
3275.23
3655.20
4005.05
4362.81
4743.39
5102.01
5456.59
5691.16
5739.13
5745.83
5753.57
5759.24
5761.82
5812.61
5925.01
5983.79
6007.09
6089.85
6215.62
6343.76
6440.95
6520.20
6578.82
6611.82
6656.42
6712.11
6772.70
6831.22
6889.23
6945.17
6973.53
7008.34
7140.85
7656.73
8.93
64.78
115.47
164.20
213.68
262.41
310.88
358.83
408.50
456.71
504.40
551.58
599.02
646.20
693.89
741.33
791.50
839.20
881.74
994.55
1178.75
1538.15
1900.38
2263.95
2646.60
2990.61
3353.29
3734.82
4085.45
4459.79
4827.65
5190.39
5546.79
5922.06
6283.00
6599.03
6717.11
6748.82
6754.23
6761.71
6769.44
6777.95
6782.85
6878.75
6935.31
7010.26
7094.30
7120.78
7251.48
7389.41
7511.00
7610.78
7649.19
7750.51
7781.19
7827.08
7883.54
7939.23
7995.22
8049.88
8107.11
8148.36
8183.43
8236.02
8264.89
8351.52
8905.30
9055.09
8.95
65.06
114.50
162.20
210.82
258.77
306.72
354.42
403.13
450.82
498.52
545.44
592.11
639.03
685.95
732.87
782.71
829.89
876.04
923.22
970.14
1014.23
1110.12
1258.84
1543.72
1895.55
2243.37
2567.85
2929.71
3257.66
3629.94
3966.12
4296.89
4639.37
5006.56
5348.16
5685.59
6051.42
6381.02
6720.32
7122.86
7451.31
7776.93
7924.65
7971.79
7976.94
7984.41
7992.15
7999.62
8010.45
8013.29
8044.74
8142.56
8199.28
8222.22
8300.86
8350.33
8402.44
8521.55
8658.29
8777.14
8886.20
8969.21
9034.96
9107.14
9160.76
9188.35
9246.87
9304.36
9362.11
9420.26
9474.92
9530.09
9584.49
9640.18
9695.61
9748.46
9755.68
9922.74
10460.79
10690.50
10.22
64.34
112.35
159.01
207.26
253.92
299.81
346.99
394.56
440.97
487.12
534.30
579.93
625.05
673.77
718.12
765.75
811.89
858.56
904.19
949.82
996.23
1041.61
1086.98
1132.61
1165.59
1304.48
1455.73
1735.86
2106.14
2456.70
2822.17
3181.39
3538.62
3909.46
4265.50
4695.34
5169.46
5351.43
5706.35
6062.13
6436.34
6794.96
7210.06
7569.20
7914.92
8275.86
8637.95
8925.93
9097.63
9198.84
9226.00
9228.05
9235.02
9242.49
9249.97
9257.70
9265.18
9275.23
9278.07
9285.55
9393.05
9450.70
9466.69
9540.68
9596.82
9651.48
9699.95
9729.08
9843.19
9965.91
10086.57
10233.52
10320.66
10414.50
10493.39
10563.00
10604.25
10627.97
10648.86
10700.68
10765.90
10827.25
10862.31
10915.16
10972.66
11027.83
11083.26
11133.53
11184.32
11240.32
11294.98
11305.29
11794.36
12309.47
12398.16
9.43
63.44
111.02
156.66
204.03
250.43
296.07
342.21
389.72
435.36
480.99
526.36
571.74
616.60
661.71
706.57
769.48
799.53
844.90
890.02
934.88
980.00
1025.11
1069.46
1114.32
1158.66
1203.00
1246.83
1290.92
1330.42
1475.57
1618.01
1812.62
2173.14
2530.41
2903.37
3295.10
3608.46
3995.93
4350.43
4690.74
5088.22
5439.62
5798.93
6157.29
6532.07
6893.01
7305.93
7665.57
8011.56
8373.79
8732.89
9033.89
9399.98
9764.49
10216.68
10498.21
10633.30
10686.89
10691.79
10699.26
10707.00
10714.47
10721.95
10729.68
10737.16
10747.21
10749.54
10754.18
10807.80
10906.64
10981.13
10993.25
11036.73
11078.24
11172.86
11231.64
11264.64
11371.11
11496.15
11592.57
11718.79
11822.68
11955.46
12063.22
12134.12
12192.64
12254.78
12288.55
12314.07
12346.52
12398.86
12452.45
12515.87
12575.32
12632.55
12689.53
12745.73
12801.15
12855.55
12912.27
12968.73
13023.64
13080.88
13104.08
13349.00
13880.36
14365.56
10.16
62.70
109.50
154.10
201.25
246.11
290.71
335.57
381.98
427.09
471.18
515.78
560.38
603.95
648.30
692.12
736.73
783.63
827.72
872.32
915.63
960.23
1004.32
1048.15
1091.98
1134.77
1178.60
1221.91
1265.48
1308.28
1351.85
1396.45
1439.51
1476.63
1573.38
1727.78
1889.27
2122.54
2472.28
2818.70
3192.83
3554.99
3923.93
4284.52
4643.98
4981.34
5387.86
5731.91
6090.75
6448.59
6824.93
7242.81
7599.92
7959.05
8303.23
8664.02
9086.54
9328.75
9694.59
10316.57
10513.31
10878.11
11243.18
11605.66
11870.69
12011.46
12072.13
12075.22
12082.44
12089.92
12097.65
12105.39
12112.86
12120.34
12128.07
12135.55
12144.32
12146.64
12151.79
12195.11
12290.27
12354.21
12411.75
12418.71
12462.54
12547.62
12587.06
12654.64
12730.96
12843.11
12954.23
13070.73
13180.24
13286.20
13376.64
13469.71
13597.33
13704.07
13810.03
13860.30
13896.39
13926.07
13952.37
13996.46
14050.60
14103.45
14156.30
14214.57
14273.55
14333.88
14392.14
14450.15
14506.87
14562.82
14616.96
14673.16
14727.56
14781.18
14836.36
14844.86
15088.50
15648.98
16187.04
16288.36
8.90
61.93
107.49
152.35
198.32
242.40
287.00
331.09
375.18
421.11
466.23
509.80
552.86
597.20
640.51
684.34
727.65
774.16
817.99
862.33
905.64
948.96
993.56
1036.36
1079.67
1123.50
1166.55
1209.09
1252.66
1295.71
1338.51
1382.86
1425.65
1468.19
1551.98
1559.79
1603.87
1647.70
1671.68
1794.34
1949.11
2106.37
2269.02
2571.66
2911.11
3254.48
3582.42
3920.97
4271.75
4613.37
4933.80
5268.70
5656.26
5975.84
6314.71
6651.43
7006.00
7405.80
7740.94
8078.16
8416.41
8741.25
9077.01
9396.52
9703.31
10046.72
10482.46
10826.64
11168.50
11512.16
11853.77
12192.79
12534.65
12972.42
13228.79
13396.88
13543.84
13604.25
13610.43
13617.91
13625.38
13633.12
13640.59
13648.33
13655.80
13663.28
13671.02
13678.49
13689.32
13693.45
13697.83
13760.48
13860.20
13965.45
14034.29
14065.24
14085.35
14135.36
14166.06
14204.48
14264.80
14350.54
14436.39
14584.58
14681.52
14774.07
14884.42
14995.54
15094.02
15174.71
15232.29
15319.43
15386.34
15471.93
15585.11
15640.54
15664.77
15698.29
15752.95
15808.38
15862.00
15916.73
15969.06
16024.23
16079.66
16134.32
16188.98
16244.15
16298.03
16352.95
16407.86
16462.77
16516.91
16518.20
16557.91
16608.95
16658.71
16711.82
16723.42
17297.31
17829.95
18356.15
8.89
60.46
105.73
150.08
198.03
238.64
282.21
325.01
368.58
414.04
457.61
500.40
543.20
586.00
628.79
671.07
714.13
771.88
802.46
845.26
887.54
929.82
972.11
1018.00
1056.67
1098.95
1140.97
1182.74
1224.76
1267.04
1308.55
1350.06
1393.63
1435.39
1477.42
1554.50
1566.52
1608.80
1651.09
1693.37
1735.39
1777.67
1819.70
1854.76
1931.93
2092.45
2247.29
2411.25
2565.16
2902.97
3232.79
3600.09
3965.83
4326.43
4704.20
5011.77
5364.20
5819.99
6114.80
6456.40
6813.10
7168.88
7595.99
7947.81
8307.20
8661.18
9001.95
9323.96
9688.07
10013.69
10460.49
10823.20
11186.72
11549.20
11909.11
12267.73
12626.86
12985.99
13355.01
13709.96
14067.29
14420.36
15110.24
15205.12
15318.81
15395.64
15465.55
15469.93
15477.15
15484.63
15492.11
15499.84
15507.32
15514.79
15522.27
15530.00
15537.48
15550.63
15553.72
15556.82
15565.07
15648.08
15711.50
15777.48
15803.00
15823.40
15891.72
15957.09
16029.02
16087.55
16130.60
16180.89
16222.91
16297.42
16414.25
16559.65
16704.03
16770.29
16913.89
16982.72
17072.70
17209.80
17277.60
17354.43
17438.73
17482.56
17536.19
17615.59
17703.77
17781.62
17807.66
17837.83
17876.24
17933.36
17988.01
18043.44
18098.61
18154.30
18211.28
18266.71
18318.75
18370.83
18423.42
18476.27
18531.70
18586.12
18638.71
18690.54
18778.45
18814.54
18850.89
18901.94
18956.08
18996.30
19611.70
20128.87
20659.71
20843.53
11.10
60.70
105.40
148.45
191.77
236.02
278.82
321.10
364.41
409.23
451.77
493.54
536.33
578.87
621.41
663.43
705.46
747.74
792.55
835.61
878.15
920.17
961.94
1003.70
1045.98
1088.01
1129.77
1170.77
1212.27
1254.30
1295.80
1337.05
1381.14
1421.62
1461.84
1503.86
1551.09
1593.11
1635.14
1676.90
1718.67
1760.18
1802.46
1844.22
1885.99
1926.46
1968.49
2010.25
2047.64
2105.69
2257.89
2420.98
2577.88
2729.47
2902.80
3206.44
3546.43
3874.80
4243.34
4566.47
4932.16
5215.95
5731.31
5922.23
6265.94
6586.20
6923.77
7259.45
7685.74
8011.62
8346.33
8682.52
9018.19
9333.21
9641.04
9994.93
10296.31
10728.85
11070.66
11414.07
11753.86
12094.95
12436.81
12775.32
13115.11
13554.68
13802.84
14139.80
14478.05
15162.80
15292.20
15629.16
15938.28
16278.59
16617.87
16869.50
16975.71
17056.67
17115.62
17116.39
17123.35
17130.82
17138.30
17145.78
17153.25
17160.73
17168.46
17175.94
17183.42
17190.89
17198.37
17207.14
17213.58
17221.57
17228.02
17232.92
17236.01
17268.75
17350.22
17412.06
17483.23
17579.07
17650.50
17696.91
17737.38
17822.29
17884.42
17936.24
17974.05
18031.80
18068.15
18167.15
18313.07
18458.99
18606.20
18753.45
18877.97
18909.42
19010.48
19100.98
19179.35
19307.74
19381.99
19469.91
19541.84
19585.92
19628.20
19666.48
19754.14
19797.20
19817.56
19840.02
19887.20
19954.74
20019.45
20080.81
20135.21
20179.81
20207.66
20264.12
20321.87
20377.55
20430.38
20483.48
20537.62
20585.32
20637.40
20689.48
20740.01
20792.60
20844.94
20895.73
20946.00
20994.98
21047.06
21097.34
21120.54
21683.60
22199.74
22723.88
23194.38
9.60
59.99
103.96
146.50
189.04
232.81
274.83
317.63
359.39
404.21
446.24
488.52
530.54
571.54
614.07
656.10
698.12
740.14
785.38
826.63
868.91
910.68
951.93
993.95
1034.69
1076.71
1118.22
1159.47
1200.98
1241.71
1283.22
1323.18
1364.69
1406.97
1448.48
1489.47
1559.34
1579.07
1620.84
1661.57
1703.85
1744.84
1786.61
1828.63
1869.11
1911.13
1951.35
1993.38
2042.10
2075.36
2116.87
2157.09
2198.34
2238.81
2250.41
2395.00
2566.77
2722.62
2894.90
3072.82
3228.54
3562.09
3909.81
4259.89
4650.69
4990.23
5338.36
5858.11
6074.46
6465.95
6795.16
7138.45
7495.26
7909.82
8287.66
8642.98
9001.08
9356.71
9667.63
10027.79
10375.44
10812.21
11176.24
11538.96
11900.67
12265.22
12628.73
12989.93
13354.99
13713.86
14084.21
14443.60
14804.79
15296.45
15655.33
16017.04
16346.27
16710.04
17069.95
17430.62
17810.12
18073.35
18371.12
18648.79
18720.98
18895.76
18985.73
18987.98
18995.46
19002.93
19010.67
19018.14
19025.62
19033.36
19041.86
19048.31
19055.79
19063.52
19075.38
19075.64
19080.54
19083.63
19113.79
19199.13
19272.19
19354.93
19407.82
19444.69
19505.90
19573.70
19614.95
19694.10
19783.16
19843.49
19903.56
19943.78
19975.75
20037.37
20184.32
20316.45
20459.02
20605.20
20748.36
20890.93
20963.64
21012.36
21143.33
21232.28
21335.92
21418.93
21524.71
21579.89
21647.95
21717.30
21773.25
21806.50
21839.50
21860.64
21887.46
21917.11
21972.54
22035.96
22101.96
22168.73
22232.15
22292.74
22349.08
22404.00
22459.43
22515.11
22573.12
22632.68
22688.36
22745.60
22803.86
22860.58
22919.36
22974.79
23028.93
23081.27
23131.80
23185.17
23239.57
23293.96
23345.59
23369.31
23756.55
24338.43
24868.49
25412.99
25671.84
9.16
59.52
100.77
144.20
185.71
227.48
270.02
310.50
352.52
395.43
436.42
477.93
519.69
558.62
600.13
640.35
680.57
722.33
765.18
806.95
846.91
888.16
928.38
968.59
1009.84
1049.55
1089.25
1130.24
1169.69
1209.39
1250.38
1289.31
1328.76
1369.23
1411.00
1450.45
1489.63
1562.08
1576.88
1617.61
1656.80
1697.54
1737.75
1776.94
1817.68
1857.89
1897.08
1937.56
1977.78
2016.96
2056.67
2096.89
2136.85
2175.52
2216.25
2255.96
2295.40
2335.36
2374.81
2413.74
2453.70
2463.50
2603.76
2749.36
2912.70
3085.61
3256.01
3411.47
3563.08
3847.10
4182.28
4634.84
4866.09
5202.80
5510.80
5899.01
6224.37
6556.94
6904.11
7224.59
7563.09
7959.73
8339.57
8647.66
8917.96
9255.96
9596.07
9895.73
10219.54
10629.71
10964.48
11306.34
11648.78
11993.48
12335.59
12676.94
13019.05
13355.50
13692.98
14029.32
14384.28
14723.30
15163.13
15540.84
15879.83
16216.53
16555.81
16863.38
17207.05
17545.04
17885.35
18237.52
18489.41
18758.82
19102.23
19444.34
19796.69
20140.61
20457.72
20566.78
20739.00
20767.87
20829.61
20833.21
20840.69
20848.17
20855.90
20863.12
20870.60
20878.33
20885.55
20893.29
20900.76
20908.24
20915.71
20923.45
20930.93
20938.14
20945.62
20953.10
20960.83
20972.95
20977.07
20979.91
20984.55
21025.29
21102.37
21171.75
21217.20
21264.44
21336.89
21430.03
21557.39
21628.18
21664.27
21709.13
21794.72
21897.33
21930.07
21971.66
22001.31
22132.54
22276.75
22417.00
22551.06
22694.66
22822.28
22934.69
22959.70
23079.58
23217.51
23310.84
23433.98
23560.43
23630.81
23720.27
23792.72
23851.76
23933.74
23976.54
24021.66
24058.78
24084.05
24112.15
24132.52
24159.59
24207.80
24256.78
24317.88
24376.65
24440.07
24504.27
24565.63
24626.47
24686.54
24743.26
24798.18
24816.48
24847.16
24902.33
24957.25
25013.96
25070.17
25124.82
25181.54
25238.26
25293.18
25347.06
25403.00
25457.40
25510.77
25562.85
25613.89
25666.49
25716.76
25741.51
25822.21
26486.59
27016.39
27552.64
28087.86
28295.92
9.03
58.67
100.70
142.82
183.30
226.17
267.16
307.90
348.38
391.02
432.27
473.26
513.74
553.44
593.66
634.91
674.61
715.86
755.82
799.64
839.86
880.08
920.30
961.55
1001.77
1041.47
1080.66
1119.84
1160.58
1200.02
1239.98
1279.17
1317.84
1357.55
1398.28
1437.98
1477.43
1517.39
1563.68
1603.90
1643.86
1683.82
1723.01
1762.71
1803.19
1842.89
1882.08
1921.78
1960.97
2000.16
2040.12
2079.56
2119.27
2158.20
2197.12
2236.31
2274.98
2315.20
2354.65
2393.58
2432.25
2471.18
2509.85
2548.52
2587.45
2626.12
2665.57
2687.48
2770.64
2929.67
3077.32
3247.54
3390.11
3563.45
3722.01
3905.53
4088.54
4406.00
4764.40
5096.73
5427.30
5748.41
6138.56
6456.81
6791.22
7184.71
7476.01
7801.37
8197.90
8534.34
8888.63
9226.11
9558.95
9865.75
10204.96
10529.55
11286.73
11311.75
11620.36
11963.42
12305.54
12648.43
12990.29
13331.89
13671.69
14009.41
14349.21
14704.77
15043.53
15524.57
15862.30
16199.82
16540.13
16880.70
17218.43
17530.13
17868.89
18210.50
18551.07
18747.00
19090.93
19435.36
19778.54
20127.59
20471.25
20815.17
21158.84
21499.32
22808.75
22902.89
23022.00
23114.81
23161.73
23188.71
23191.80
23199.54
23206.76
23214.23
23221.97
23229.45
23236.92
23244.40
23251.88
23259.35
23267.09
23274.56
23282.30
23289.52
23296.99
23304.73
23312.20
23319.68
23327.41
23334.89
23348.55
23351.65
23354.23
23356.80
23361.45
23437.24
23504.21
23571.28
23616.85
23660.93
23726.68
23851.57
23872.71
23911.38
23983.89
24063.29
24144.25
24183.95
24255.46
24343.63
24415.05
24458.62
24579.18
24724.84
24874.89
25008.43
25149.97
25289.96
25410.11
25538.24
25659.93
25785.12
25919.70
26047.83
26086.25
26199.94
26327.82
26457.24
26503.64
26558.56
26615.54
26663.49
26721.50
26768.68
26797.04
26824.11
26856.85
26898.87
26916.40
26969.76
27021.84
27076.49
27129.34
27187.09
27243.81
27300.27
27361.63
27422.48
27483.06
27541.07
27597.27
27653.48
27707.36
27763.05
27822.60
27876.48
27929.84
27960.52
27960.77
28009.76
28065.45
28121.91
28175.02
28228.12
28280.98
28335.63
28388.23
28441.59
28492.12
28543.69
28596.80
28624.90
29114.48
29717.51
30261.23
30811.92
31353.07
31448.20
8.07
57.07
98.50
139.92
180.39
221.66
262.39
301.84
341.03
391.56
423.34
463.30
503.01
542.45
581.64
620.83
659.76
699.20
738.39
780.86
820.31
859.75
899.20
938.39
977.57
1016.50
1055.43
1094.11
1132.78
1171.45
1210.38
1249.31
1287.72
1325.88
1363.78
1403.22
1442.41
1480.57
1518.98
1564.63
1603.56
1642.49
1681.42
1720.61
1759.54
1798.21
1836.88
1875.30
1913.71
1952.12
1991.31
2029.47
2067.62
2105.78
2143.94
2181.84
2220.77
2258.66
2296.82
2335.49
2373.65
2411.55
2449.96
2488.12
2526.02
2564.17
2602.33
2639.97
2677.09
2715.25
2753.15
2791.05
2835.91
2869.94
2908.87
2934.91
2985.17
3127.46
3298.66
3448.96
3613.96
3786.61
3943.36
4127.85
4282.80
4441.87
4739.14
5095.40
5424.26
5754.10
6098.89
6500.22
6782.55
7116.93
7545.46
7799.92
8181.41
8515.54
8851.72
9208.96
9544.64
9876.02
10178.77
10517.80
10854.24
11271.39
11625.16
11925.00
12267.37
12610.16
12950.47
13292.33
13634.19
13976.75
14311.84
14651.12
15055.90
15542.39
15821.09
16159.09
16498.21
16838.78
17180.12
17517.60
17826.20
18166.51
18506.82
18803.57
19111.39
19373.33
19717.51
20060.36
20407.77
20754.27
21097.16
21440.31
21780.95
22333.26
22678.57
23023.01
23366.68
23710.86
24056.84
24396.12
24736.95
24945.78
25013.58
25158.47
25182.45
25253.73
25254.76
25261.72
25269.20
25276.67
25284.15
25291.62
25299.10
25306.58
25314.05
25321.53
25329.01
25336.74
25343.96
25351.44
25358.91
25366.39
25374.12
25381.60
25389.08
25396.55
25404.03
25411.51
25418.73
25430.84
25431.10
25437.03
25439.61
25441.93
25451.73
25563.88
25596.46
25663.67
25706.54
25753.72
25841.97
25869.04
25936.33
25999.54
26032.54
26100.60
26158.86
26218.16
26264.17
26360.85
26421.18
26500.32
26568.55
26634.80
26750.05
26895.71
27018.95
27162.03
27306.15
27447.69
27520.13
27540.24
27674.97
27806.97
27905.20
28009.09
28138.26
28211.99
28252.21
28382.15
28483.47
28580.15
28682.76
28800.58
28934.90
29013.02
29066.90
29115.62
29149.14
29182.14
29208.95
29236.02
29252.01
29274.44
29329.09
29381.95
29436.86
29491.77
29547.98
29603.31
29653.07
29709.27
29763.67
29818.84
29873.50
29934.09
29989.52
30044.95
30100.63
30155.05
30207.65
30256.89
30309.23
30362.59
30417.77
30472.16
30528.11
30583.02
30639.23
30692.59
30747.25
30801.65
30852.44
30907.35
30960.98
31012.23
31066.62
31119.99
31172.07
31223.89
31225.18
31626.34
32259.01
32787.78
33320.16
33861.05
34324.60
9.81
56.50
97.46
139.23
178.42
219.86
259.30
299.01
338.20
376.87
419.63
458.56
497.75
537.19
575.86
614.54
651.92
691.11
730.81
772.85
811.78
851.48
890.15
929.60
968.27
1006.94
1044.84
1083.77
1122.96
1161.11
1199.79
1238.20
1275.58
1313.74
1352.67
1390.31
1429.75
1467.91
1506.58
1551.53
1590.46
1628.10
1667.03
1705.96
1743.86
1783.05
1821.72
1859.36
1897.52
1935.67
1974.60
2013.02
2051.69
2088.81
2126.97
2165.38
2203.28
2241.70
2279.59
2316.98
2355.13
2393.03
2430.93
2468.83
2506.47
2544.37
2582.01
2619.91
2656.77
2694.16
2732.31
2769.70
2807.08
2847.81
2885.71
2923.09
2961.25
2998.89
3036.53
3074.17
3179.88
3201.19
3226.71
3274.45
3418.64
3594.29
3751.62
3921.83
4104.65
4270.27
4455.02
4620.28
4788.37
4999.61
5315.59
5684.34
5995.18
6416.52
6728.21
7087.45
7441.52
7793.96
8156.09
8568.02
8908.33
9262.05
9634.62
9987.21
10301.50
10653.67
11006.10
11448.59
11789.16
12154.84
12474.79
12833.94
13193.33
13553.49
13912.88
14271.88
14627.66
14985.77
15342.58
15844.81
16200.85
16556.89
16914.21
17271.29
17627.84
17984.91
18309.24
18666.57
19030.86
19305.68
19622.02
19940.16
20301.25
20664.00
21031.53
21393.75
21751.62
22683.36
23036.43
23397.88
23761.40
24123.11
24486.37
24847.30
25206.95
25568.92
25927.28
26286.16
26644.77
26948.99
27150.86
27232.07
27369.74
27390.88
27660.98
27664.62
27670.30
27672.62
27675.20
27679.84
27724.70
27804.88
27855.07
27927.07
27967.07
28013.18
28134.75
28180.64
28180.89
28236.86
28305.44
28389.49
28421.97
28501.42
28547.83
28592.43
28674.41
28722.77
28786.19
28851.93
28924.38
28987.28
29099.54
29243.91
29389.83
29535.50
29671.34
29785.30
29921.16
30063.48
30206.05
30316.65
30422.61
30561.57
30668.82
30745.91
30805.72
30819.38
30924.31
30983.35
31076.94
31149.90
31233.69
31337.57
31457.96
31555.16
31607.50
31634.05
31663.18
31695.41
31705.15
31753.62
31806.98
31858.79
31909.58
31964.49
32016.31
32071.48
32127.43
32180.02
32233.65
32288.30
32344.25
32397.62
32448.34
32501.71
32555.08
32606.38
32657.17
32711.31
32763.39
32816.76
32868.32
32919.11
32971.45
33023.27
33074.05
33125.10
33178.73
33230.80
33283.66
33335.22
33386.78
33439.89
33494.03
33544.82
33596.90
33649.49
33702.60
33755.20
33808.56
33861.67
33912.20
33918.91
34602.62
35185.80
35723.59
36259.59
36804.09
37290.58
8.61
56.55
97.42
137.63
176.82
217.12
256.30
295.49
333.39
372.84
414.39
452.81
491.22
530.41
568.57
606.72
644.36
683.55
721.71
759.35
801.40
840.85
879.00
916.90
954.54
992.70
1031.11
1067.72
1106.65
1144.55
1181.93
1219.57
1257.73
1294.86
1331.72
1370.39
1410.61
1446.71
1484.61
1521.47
1567.07
1604.71
1642.09
1679.99
1718.92
1756.05
1793.95
1831.59
1868.71
1907.38
1945.02
1982.15
2019.53
2057.95
2095.07
2131.94
2170.35
2207.22
2244.09
2282.50
2319.11
2356.49
2393.88
2430.23
2468.12
2504.99
2541.60
2579.24
2616.62
2652.72
2690.10
2726.97
2763.32
2800.45
2855.36
2877.79
2914.91
2953.07
2989.68
3027.06
3064.45
3187.68
3189.52
3228.45
3265.83
3302.70
3340.60
3378.50
3415.62
3452.49
3483.43
3495.50
3645.05
3799.61
3945.23
4116.30
4299.21
4461.64
4707.66
4811.85
4980.72
5136.70
5337.90
5542.32
5859.45
6174.19
6537.86
6882.29
7197.86
7539.56
7872.46
8206.07
8630.70
8944.41
9266.93
9600.80
9934.21
10288.24
10588.33
10922.97
11295.77
11684.77
12020.70
12342.96
12690.12
12992.54
13330.00
13669.29
14010.11
14349.14
14686.50
15027.07
15364.80
16385.74
16531.52
16870.55
17209.31
17545.42
17881.86
18217.79
18554.50
18861.55
19198.51
19464.83
19802.57
20100.66
20402.55
20744.67
21086.27
21434.98
21776.84
22116.14
22666.38
23009.02
23349.84
23691.79
24032.62
24374.22
24716.34
25057.94
25398.00
25736.50
26075.53
26415.32
26754.61
27095.18
27434.20
27771.93
28111.73
28451.01
28790.29
29128.29
29365.21
29409.04
29558.57
29637.71
29673.81
29743.37
29746.20
29752.90
29760.38
29767.86
29775.33
29782.81
29790.29
29797.50
29804.98
29812.71
29820.19
29827.41
29834.89
29842.36
29849.84
29857.32
29864.79
29872.53
29879.75
29887.22
29894.70
29902.18
29909.65
29917.13
29924.61
29932.08
29943.94
29948.32
29950.64
29952.96
29955.03
29959.67
30005.82
30086.25
30124.59
30204.14
30297.21
30343.34
30398.52
30470.64
30534.58
30567.32
30656.78
30763.75
30851.41
30876.68
30963.82
31029.91
31055.70
31133.30
31165.27
31226.37
31292.62
31369.20
31429.01
31573.98
31715.52
31858.34
32001.79
32147.46
32172.21
32289.00
32434.40
32546.55
32650.45
32781.16
32917.52
33059.06
33163.47
33206.53
33229.73
33338.01
33459.96
33543.92
33608.89
33680.04
33803.02
33848.91
33923.68
34012.48
34088.02
34189.08
34256.88
34286.27
34315.92
34339.64
34356.91
34395.59
34449.47
34504.12
34556.98
34610.86
34665.77
34721.20
34775.34
34832.32
34888.52
34946.53
35001.19
35058.42
35112.05
35167.22
35221.36
35274.21
35326.29
35378.88
35431.22
35484.84
35539.24
35595.96
35650.36
35700.63
35750.91
35803.24
35853.52
35902.76
35952.26
36004.34
36055.90
36109.27
36162.12
36213.68
36265.50
36318.09
36368.62
36376.62
36386.16
36435.91
36483.14
36533.15
36582.91
36632.93
36682.68
36730.38
36746.88
36910.07
37582.19
38155.57
38692.33
39220.85
39769.73
40294.38
40427.93
9.73
56.14
96.43
134.96
174.15
212.73
252.43
290.84
328.48
367.93
407.15
446.08
484.50
521.62
560.04
597.16
634.80
672.18
710.08
747.72
789.77
826.38
865.05
901.66
939.82
977.71
1015.10
1052.48
1089.09
1126.99
1163.08
1200.72
1237.33
1274.46
1311.58
1348.45
1385.32
1423.99
1460.08
1497.21
1578.68
1578.69
1616.33
1653.46
1690.84
1727.19
1765.09
1801.44
1839.08
1875.43
1913.07
1949.94
1987.07
2024.19
2060.03
2097.41
2133.50
2170.63
2206.98
2244.11
2280.20
2317.58
2353.16
2390.80
2425.86
2463.50
2498.57
2536.21
2571.53
2608.91
2643.97
2681.36
2716.68
2754.06
2789.12
2826.50
2866.98
2902.04
2939.68
2975.52
3012.64
3049.00
3085.86
3191.82
3210.20
3247.84
3284.45
3321.83
3359.21
3396.08
3433.21
3468.79
3506.17
3542.26
3579.64
3615.74
3653.38
3689.21
3726.86
3747.48
3780.35
3923.12
4074.46
4238.00
4411.34
4598.76
4771.38
4958.68
5124.97
5296.16
5600.12
5657.05
5820.50
6021.45
6340.60
6733.95
7078.13
7436.76
7797.21
8136.00
8787.24
8963.97
9265.32
9602.72
9958.76
10311.95
10648.72
11004.76
11358.59
11800.65
12157.72
12513.50
12853.81
13230.21
13544.49
13906.46
14266.62
14624.23
14985.17
15345.34
15702.15
16191.74
16656.45
16921.22
17279.06
17638.45
17996.56
18353.37
18710.70
19065.96
19392.61
19671.82
20031.73
20391.44
20666.79
21029.27
21392.01
21759.15
22118.00
23474.35
23770.01
24130.98
24493.72
24858.27
25221.52
25584.27
25942.62
26304.34
26666.05
27025.44
27385.60
27746.80
28107.22
28466.35
28822.91
29184.10
29545.04
29898.38
30257.77
30616.64
30974.23
31334.13
31630.10
31746.38
31830.16
31978.15
32005.22
32067.09
32094.15
32099.04
32106.78
32114.00
32121.21
32128.69
32136.17
32143.64
32151.12
32158.34
32166.07
32173.55
32181.03
32188.50
32195.72
32203.20
32210.68
32218.15
32225.63
32233.11
32240.58
32248.06
32255.54
32263.01
32270.49
32277.96
32285.44
32292.92
32300.39
32307.87
32315.35
32327.72
32333.39
32335.46
32337.78
32339.84
32344.48
32410.22
32500.71
32533.59
32568.34
32651.62
32755.26
32799.67
32859.44
32864.34
32877.23
32931.62
32998.14
33043.12
33130.26
33235.96
33343.71
33378.51
33435.23
33505.61
33552.28
33600.75
33635.29
33690.46
33748.21
33771.68
33839.80
33895.06
34011.59
34136.63
34227.89
34370.72
34514.32
34657.67
34804.88
34951.83
35097.50
35244.19
35377.74
35491.95
35604.61
35712.38
35751.31
35751.82
35875.57
36004.48
36099.61
36177.47
36260.28
36318.80
36440.75
36499.53
36551.61
36607.30
36641.59
36697.27
36763.02
36850.41
36882.12
36958.18
37045.06
37116.48
37135.81
37160.05
37189.18
37206.97
37252.86
37319.63
37385.38
37450.34
37512.48
37563.52
37614.57
37665.62
37718.21
37773.38
37828.55
37885.02
37942.25
37996.13
38049.76
38105.19
38159.33
38217.34
38271.99
38324.07
38375.38
38429.77
38483.14
38537.28
38589.36
38642.21
38693.77
38747.66
38799.99
38852.84
38902.34
38953.90
39004.95
39055.99
39104.98
39153.19
39203.46
39251.67
39299.62
39348.87
39395.53
39445.34
39496.39
39543.82
39592.29
39641.28
39691.04
39741.57
39781.53
39783.85
39788.23
40415.49
41067.75
41589.82
42127.36
42665.93
43200.38
43722.45
43799.54
9.94
56.25
94.34
134.07
170.94
209.95
247.08
285.23
321.84
360.77
400.35
436.70
475.12
511.47
549.11
585.20
622.84
659.45
696.06
733.96
786.55
811.14
848.52
884.62
922.52
959.12
995.99
1032.60
1068.70
1106.34
1142.43
1179.04
1214.88
1252.26
1288.35
1323.41
1361.05
1396.12
1434.02
1471.14
1506.72
1584.32
1588.06
1624.15
1661.54
1697.89
1734.75
1770.33
1808.23
1844.32
1880.16
1917.29
1952.86
1989.47
2025.82
2062.43
2098.27
2133.85
2170.97
2206.29
2243.68
2279.00
2314.32
2351.18
2386.76
2423.11
2458.69
2494.53
2530.88
2566.71
2601.78
2638.39
2673.19
2709.80
2745.12
2780.96
2816.79
2873.25
2891.56
2927.65
2964.00
2999.84
3036.19
3071.77
3107.61
3159.45
3195.54
3231.38
3269.02
3304.34
3340.95
3377.56
3414.17
3450.00
3485.84
3522.71
3558.03
3595.41
3631.25
3666.57
3704.21
3739.27
3776.65
3812.23
3847.29
3884.68
3919.48
3956.61
3992.18
4026.99
4133.44
4275.70
4430.28
4591.11
4752.41
4934.16
5100.76
5286.52
5449.20
5622.70
5817.25
5975.61
6135.46
6293.50
6465.57
6792.02
7119.64
7453.84
7814.82
8119.29
8453.54
8847.89
9182.53
9561.96
9856.69
10175.07
10507.90
10808.77
11164.57
11515.10
11924.41
12261.11
12598.07
12932.97
13253.17
13599.92
13904.65
14244.23
14584.03
14922.19
15264.05
15604.11
16643.09
16760.85
17169.21
17454.09
17792.60
18130.34
18464.90
18801.60
19136.76
19475.01
19737.72
20044.52
20382.26
20724.12
21064.18
21325.86
21665.65
22009.06
22354.98
22904.44
23246.04
23588.42
23928.47
24270.07
24614.78
24956.90
25297.21
25639.33
25979.38
26320.47
26661.81
26998.52
27337.28
27677.59
28017.91
28355.64
28694.41
29033.95
29369.32
29709.64
30046.60
30377.35
30717.41
31057.20
31396.74
31736.28
32074.79
33956.05
34085.12
34360.46
34621.37
34844.32
34870.11
35028.40
35110.64
35129.21
35405.38
35406.18
35413.39
35420.87
35428.61
35435.82
35443.30
35450.78
35458.00
35471.14
35475.53
35477.33
35479.65
35481.71
35483.78
35488.68
35504.66
35611.91
35638.61
35716.01
35804.77
35860.75
35913.74
35958.41
36011.00
36017.71
36066.69
36125.62
36172.02
36257.36
36343.73
36422.30
36527.49
36633.96
36715.69
36749.98
36809.28
36890.30
36922.79
36959.14
36994.98
37019.98
37081.60
37121.56
37130.07
37178.80
37245.55
37389.41
37532.50
37674.81
37747.51
37890.08
37999.91
38124.18
38242.00
38387.66
38531.00
38607.32
38750.92
38892.97
39032.71
39097.33
39191.95
39295.59
39347.15
39427.85
39559.85
39647.76
39778.21
39854.27
39947.08
39992.71
40064.39
40167.25
40234.80
40282.75
40340.76
40376.08
40418.88
40459.61
40479.98
40561.71
40631.32
40658.13
40713.04
40729.80
40754.81
40784.20
40811.53
40857.93
40924.62
40991.13
41057.13
41122.10
41186.81
41250.49
41314.43
41371.15
41424.77
41474.53
41527.12
41579.98
41606.27
41642.37
41696.77
41754.77
41814.07
41869.50
41928.02
41983.71
42036.30
42088.12
42144.07
42197.44
42251.06
42304.69
42357.02
42408.33
42461.70
42513.52
42563.02
42613.80
42663.56
42714.87
42764.11
42812.84
42862.34
42911.32
42959.53
43006.97
43055.70
43102.62
43149.80
43196.46
43243.64
43293.66
43339.29
43386.73
43433.91
43482.38
43529.55
43564.88
44016.82
44708.02
45264.38
45793.66
46320.63
46863.59
47395.45
47908.76
47921.91
7.34
55.50
93.29
130.90
169.06
207.69
244.30
281.94
317.52
355.41
394.34
431.21
467.30
505.20
540.78
577.65
614.52
649.84
685.93
723.57
759.66
800.34
836.18
873.56
909.14
945.23
982.10
1018.19
1053.51
1090.12
1126.47
1161.79
1197.37
1233.72
1269.56
1304.88
1341.23
1376.04
1411.10
1449.51
1485.86
1521.70
1587.70
1601.63
1637.98
1672.79
1709.40
1745.75
1781.33
1816.91
1853.26
1889.35
1924.41
1961.28
1996.34
2031.66
2067.76
2103.59
2138.91
2173.20
2210.07
2244.62
2279.68
2315.26
2350.84
2386.16
2420.96
2456.54
2491.86
2526.92
2561.47
2597.05
2632.37
2666.91
2701.46
2737.04
2772.10
2806.65
2841.20
2880.90
2915.45
2951.80
2986.86
3021.41
3056.21
3092.30
3208.58
3215.83
3251.41
3285.70
3321.79
3357.89
3393.46
3428.79
3464.88
3499.94
3534.49
3570.32
3606.16
3641.48
3676.54
3712.64
3748.47
3783.02
3817.31
3853.92
3888.46
3923.79
3959.11
3994.68
4029.75
4064.55
4100.39
4135.96
4171.29
4205.57
4241.67
4276.73
4311.02
4314.11
4393.55
4530.96
4686.72
4845.04
4996.95
5180.68
5343.62
5535.41
5696.03
5859.48
6065.80
6228.36
6388.21
6546.25
6706.35
6926.37
7114.28
7428.64
7764.46
8088.70
8433.43
8820.20
9164.45
9494.20
9827.55
10179.62
10506.45
10826.58
11129.51
11503.11
11913.75
12248.41
12584.85
12923.10
13257.74
13595.99
13968.70
14267.76
14574.30
14912.79
15254.65
15596.25
15937.59
16420.20
16760.77
17103.41
17443.20
17795.05
18135.88
18473.62
18814.16
19152.67
19491.18
19829.68
20097.04
20436.83
20745.69
21084.71
21422.71
21726.67
22027.79
22370.29
22924.57
23272.61
23617.31
23960.71
24304.89
24644.95
24985.74
25329.40
25670.75
26014.93
26359.88
26700.19
27042.57
27383.65
27725.25
28066.34
28405.11
28744.90
29082.89
29423.65
29765.00
30102.99
30444.07
30776.64
31116.18
31455.98
31795.52
32134.80
33885.09
34154.40
34496.00
34822.72
35111.21
35453.07
35791.32
36131.89
36469.62
36812.26
37150.51
37289.98
37479.22
37480.25
37578.73
37719.24
37747.86
37804.32
37845.79
37847.07
37854.55
37861.77
37869.24
37876.72
37884.20
37891.67
37898.89
37906.62
37913.59
37921.32
37928.80
37936.02
37943.49
37950.97
37958.45
37965.66
37973.14
37980.62
37988.09
37995.31
38002.79
38010.27
38017.74
38024.96
38032.44
38039.66
38047.13
38054.61
38062.09
38069.56
38077.04
38084.52
38091.73
38099.47
38106.69
38119.84
38125.25
38127.31
38129.38
38131.44
38133.50
38138.40
38168.82
38263.44
38289.39
38369.31
38458.86
38513.80
38570.96
38622.42
38667.20
38734.49
38752.79
38785.02
38849.21
38908.00
39012.40
39118.10
39162.96
39268.15
39375.14
39482.11
39575.70
39612.05
39660.26
39731.16
39775.24
39835.83
39862.38
39891.26
39911.37
39931.22
40027.12
40168.66
40223.84
40340.62
40480.62
40584.77
40695.63
40819.90
40962.98
41091.89
41197.59
41340.16
41483.60
41554.50
41694.23
41813.08
41958.75
42105.18
42244.92
42359.13
42388.00
42493.19
42566.41
42657.68
42738.37
42864.70
43003.66
43062.70
43155.25
43212.23
43281.07
43350.42
43445.55
43530.11
43554.35
43610.55
43653.39
43691.29
43729.96
43756.51
43780.23
43799.05
43824.06
43852.16
43879.75
43899.34
43913.00
43956.06
44020.51
44080.07
44143.23
44204.33
44269.82
44333.50
44399.24
44460.86
44521.69
44581.76
44642.86
44697.77
44752.69
44801.67
44853.75
44906.86
44961.77
45019.01
45076.24
45134.25
45194.84
45254.13
45307.50
45360.35
45412.69
45468.63
45525.61
45580.52
45636.21
45690.35
45745.27
45799.66
45852.52
45905.88
45955.64
46005.91
46057.48
46109.81
46160.34
46213.20
46266.56
46319.93
46371.49
46421.77
46472.30
46524.12
46575.68
46626.73
46677.00
46726.50
46776.00
46824.21
46873.20
46878.61
47506.12
48212.02
48766.31
49305.14
49842.42
50395.43
50938.38
51467.16
51589.88
9.15
55.11
92.59
130.23
167.88
206.67
243.02
279.63
317.02
353.88
392.87
429.48
464.80
502.70
538.28
574.11
610.21
647.33
682.91
720.04
755.36
796.66
832.23
869.36
905.45
941.55
976.87
1013.73
1049.83
1085.15
1120.21
1155.79
1191.88
1227.46
1263.04
1297.84
1333.68
1368.74
1404.32
1441.96
1477.28
1512.09
1590.72
1592.54
1627.86
1663.18
1699.27
1735.11
1770.69
1806.01
1841.33
1878.45
1913.52
1948.58
1983.12
2018.19
2055.05
2090.38
2125.18
2159.47
2194.79
2231.14
2266.20
2300.75
2336.07
2370.62
2405.68
2441.52
2476.58
2510.87
2544.90
2580.22
2615.02
2650.86
2685.15
2719.44
2754.24
2788.53
2823.08
2858.91
2897.33
2932.13
2967.45
3002.77
3037.06
3071.35
3106.16
3214.70
3230.09
3264.63
3300.47
3335.79
3371.37
3406.95
3442.01
3477.59
3512.91
3547.97
3583.80
3618.61
3653.93
3688.99
3724.57
3759.89
3794.18
3829.24
3865.85
3900.66
3935.20
3969.23
4004.55
4040.65
4075.45
4110.26
4145.84
4180.12
4214.93
4251.02
4285.57
4320.38
4354.92
4389.98
4425.05
4460.11
4495.43
4529.72
4563.75
4598.81
4615.05
4633.54
4773.69
4924.41
5062.52
5226.84
5396.12
5559.57
5718.70
5913.35
6062.62
6224.53
6431.48
6593.14
6753.76
6913.86
7070.87
7293.01
7442.03
7599.53
7856.53
8188.29
8522.29
8975.30
9260.34
9592.70
9924.56
10258.17
10636.53
10936.36
11255.79
11557.69
11989.84
12343.62
12684.19
13018.12
13354.05
13689.98
14024.36
14347.91
14697.93
15001.02
15341.91
15685.05
16027.17
16510.24
16850.29
17190.86
17533.24
17873.81
18268.08
18568.69
18907.46
19247.25
19581.58
19919.06
20218.38
20523.11
20862.14
21174.86
21516.46
21859.36
22199.15
22462.45
23849.99
24052.35
24391.89
24733.75
25076.89
25420.82
25764.01
26106.90
26447.21
26790.10
27129.64
27472.79
27815.16
28157.02
28498.37
28838.68
29180.02
29517.56
29857.62
30197.16
30534.89
30876.75
31216.55
31548.38
31888.70
32230.04
33527.35
33573.65
33911.13
34249.89
34587.89
34920.16
35261.77
35540.98
35882.84
36224.70
36567.59
36909.45
37246.92
37586.20
37874.95
38100.80
38295.19
38630.09
38974.27
39318.19
39663.91
39916.05
40122.82
40184.95
40255.34
40409.77
40442.25
40473.45
40827.70
40831.76
40838.72
40845.94
40847.48
40854.96
40857.02
40859.09
40861.15
40863.21
40868.11
40918.64
41007.22
41036.76
41072.43
41152.09
41261.83
41316.22
41369.17
41420.40
41480.47
41511.41
41519.66
41570.71
41620.21
41653.72
41711.21
41779.02
41864.35
41954.07
42052.04
42106.24
42202.92
42310.95
42417.42
42519.52
42577.01
42598.15
42639.40
42676.27
42713.91
42740.46
42765.21
42786.35
42895.92
42976.10
43109.13
43242.96
43385.79
43466.48
43586.62
43701.09
43773.54
43908.14
44043.48
44121.34
44262.88
44404.67
44541.31
44679.24
44723.33
44865.38
45005.63
45143.05
45198.73
45338.21
45478.98
45607.88
45643.46
45742.98
45819.80
45928.09
45984.80
46058.02
46129.70
46194.41
46308.88
46396.53
46454.80
46513.32
46562.56
46619.28
46685.28
46721.89
46761.34
46815.48
46843.32
46868.07
46888.70
46912.67
46941.29
46969.39
46994.66
47001.62
47039.77
47090.00
47136.93
47150.33
47209.11
47268.15
47329.51
47388.55
47446.30
47508.18
47571.86
47630.38
47688.39
47748.71
47806.72
47864.73
47921.71
47977.39
48034.89
48089.96
48144.36
48193.86
48246.96
48294.66
48344.93
48396.75
48449.86
48506.32
48559.95
48615.89
48670.55
48724.43
48779.86
48840.19
48896.91
48954.14
49010.35
49066.55
49117.34
49175.09
49230.26
49282.34
49338.03
49393.71
49444.50
49497.36
49548.40
49601.25
49652.87
49704.17
49755.22
49806.52
49856.54
49906.30
49956.83
50006.07
50058.92
50108.94
50157.66
50208.97
50228.82
50944.51
51650.40
52213.46
52754.61
53297.05
53845.41
54397.13
54929.26
55295.35
9.22
54.47
92.01
129.90
166.25
203.21
239.82
276.69
312.27
348.88
384.46
422.93
459.03
494.61
530.18
566.79
601.60
637.95
672.24
712.46
743.91
783.84
818.90
854.73
889.54
924.34
961.21
996.53
1032.37
1066.40
1102.49
1136.52
1172.10
1206.91
1243.00
1278.32
1312.61
1348.19
1382.22
1417.54
1454.41
1489.73
1523.50
1594.40
1603.82
1638.62
1674.46
1709.26
1745.10
1779.13
1814.96
1849.77
1885.86
1920.41
1955.99
1990.28
2025.60
2060.40
2094.43
2129.50
2164.04
2199.88
2235.20
2269.23
2304.29
2338.58
2373.39
2408.45
2441.71
2476.51
2511.32
2544.83
2580.15
2614.96
2649.76
2683.02
2718.08
2752.89
2786.40
2820.95
2855.50
2898.81
2928.71
2963.52
2997.29
3032.36
3066.90
3100.68
3221.85
3222.66
3258.24
3292.53
3327.59
3362.40
3396.69
3432.27
3466.55
3502.39
3537.45
3572.00
3607.32
3641.35
3676.41
3710.70
3745.25
3780.31
3814.34
3849.92
3885.24
3919.02
3954.08
3988.88
4022.66
4057.72
4092.01
4125.52
4160.59
4194.88
4228.65
4263.97
4299.29
4333.58
4367.61
4402.41
4436.45
4470.73
4505.54
4539.83
4573.34
4608.15
4642.70
4676.21
4711.27
4746.08
4780.62
4814.40
4848.17
4882.72
4917.27
4924.48
4961.29
5096.55
5243.76
5397.32
5565.89
5742.77
5916.28
6114.21
6284.63
6457.88
6668.29
6841.22
7010.86
7178.18
7347.31
7570.95
7738.79
7904.98
8072.82
8240.57
8550.38
8899.79
9300.73
9661.60
10004.23
10356.35
10711.10
11147.42
11431.01
11741.29
12168.76
12522.48
12894.32
13250.62
13604.63
13957.32
14311.55
14665.79
15005.54
15369.61
15692.39
16049.44
16542.09
16900.97
17259.07
17618.98
17979.14
18335.95
18804.49
19065.14
19427.62
19780.57
20135.83
20493.41
20774.43
21133.30
21490.12
21826.82
22174.09
22528.82
23613.95
23731.09
24089.71
24455.13
24816.33
25180.36
25540.01
25901.46
26262.96
26625.45
26988.70
27345.00
27702.84
28061.20
28422.40
28782.05
29139.63
29497.48
29856.35
30217.55
30579.26
30933.49
31288.24
31646.09
31996.69
32356.08
33738.47
34095.43
34454.30
34815.50
35163.98
35518.32
35876.16
36207.19
36527.39
36885.75
37243.34
37602.73
37960.83
38322.29
38524.67
38691.99
39051.12
39410.77
39768.87
40132.13
40495.39
40856.32
41217.52
41578.46
41944.04
42304.97
42632.91
42841.12
42919.23
42962.29
43124.20
43222.68
43243.82
43313.95
43352.08
43356.46
43363.68
43371.16
43378.63
43385.85
43393.33
43400.80
43408.02
43415.50
43422.72
43430.20
43437.67
43445.15
43452.62
43459.84
43467.32
43474.80
43482.02
43489.49
43496.97
43504.19
43511.66
43519.14
43526.62
43533.84
43541.05
43548.53
43556.01
43563.48
43570.96
43578.44
43585.66
43593.13
43600.61
43607.83
43615.30
43622.78
43630.26
43637.48
43644.95
43652.43
43661.71
43670.73
43671.25
43678.47
43680.53
43682.34
43684.40
43686.46
43688.27
43693.16
43709.92
43811.76
43836.22
43922.85
43960.19
44003.60
44112.14
44167.38
44221.35
44276.01
44312.10
44357.73
44413.14
44454.91
44503.64
44556.23
44642.86
44680.75
44760.42
44847.14
44948.21
45012.92
45077.89
45156.78
45261.53
45364.40
45466.49
45507.48
45577.09
45618.86
45649.80
45684.86
45712.96
45736.94
45826.14
45962.01
46062.81
46170.32
46311.22
46412.02
46556.40
46661.33
46738.99
46848.82
46944.72
47070.79
47216.46
47330.15
47467.31
47515.00
47628.44
47766.89
47903.79
48046.61
48138.65
48208.78
48340.00
48479.74
48567.14
48708.68
48811.03
48934.00
49039.96
49125.19
49187.32
49273.69
49346.13
49431.21
49482.77
49540.78
49600.59
49660.15
49746.52
49798.02
49846.49
49881.55
49923.32
49966.11
50013.29
50039.07
50067.18
50093.47
50121.06
50148.90
50153.29
50185.77
50238.88
50289.67
50342.52
50396.92
50446.42
50497.46
50550.06
50607.81
50662.38
50719.61
50775.30
50832.79
50893.38
50951.64
51010.92
51070.48
51129.52
51187.78
51245.02
51304.83
51363.61
51418.01
51473.18
51528.87
51583.78
51638.70
51692.06
51744.14
51795.70
51844.95
51895.73
51944.72
51997.83
52050.42
52104.05
52155.61
52208.46
52262.34
52316.74
52370.62
52423.99
52476.33
52529.95
52585.38
52641.59
52696.24
52752.70
52809.94
52863.56
52915.12
52966.17
53021.86
53074.20
53124.47
53175.52
53227.08
53279.67
53332.27
53385.37
53435.90
53485.92
53537.48
53589.04
53637.51
53687.27
53688.04
54329.74
55034.60
55653.86
56194.24
56749.05
57292.00
57857.90
58409.36
58952.06
59123.50
10.00
53.25
91.02
128.21
164.04
204.26
235.98
271.82
307.40
342.46
378.04
415.68
451.77
486.32
521.38
556.70
592.02
626.83
661.12
695.41
731.76
766.56
805.51
840.83
875.89
910.95
945.24
979.53
1014.08
1049.14
1083.69
1118.49
1153.04
1187.59
1221.88
1256.42
1290.71
1324.74
1359.03
1393.32
1427.61
1464.22
1498.51
1532.80
1599.57
1609.69
1644.24
1678.79
1713.33
1748.14
1782.43
1816.71
1851.00
1885.04
1919.32
1953.61
1987.90
2022.19
2056.22
2090.51
2124.80
2159.09
2193.12
2227.41
2261.70
2295.99
2330.02
2364.05
2397.82
2431.60
2465.37
2499.14
2532.66
2566.43
2600.21
2634.24
2668.53
2702.04
2735.82
2769.33
2802.85
2836.36
2870.39
2911.64
2941.55
2975.32
3009.36
3043.39
3077.68
3111.96
3231.33
3265.19
3299.74
3334.29
3368.57
3403.12
3437.67
3471.96
3506.50
3540.54
3575.08
3609.37
3643.92
3678.21
3712.50
3746.53
3780.82
3814.85
3849.14
3883.17
3917.46
3951.23
3985.26
4019.04
4052.81
4086.84
4120.87
4155.16
4189.19
4231.47
4257.25
4291.03
4325.06
4358.57
4392.35
4426.12
4459.89
4493.93
4528.21
4562.50
4596.28
4630.05
4663.82
4697.60
4731.11
4764.63
4798.40
4832.43
4866.72
4900.24
4934.01
4967.53
5001.04
5034.30
5068.33
5102.62
5136.14
5169.91
5202.91
5236.17
5250.61
5388.51
5521.57
5670.84
5834.45
6005.80
6169.77
6341.24
6541.79
6707.31
6877.72
7086.08
7258.30
7426.13
7589.59
7756.91
7981.47
8145.44
8305.60
8469.31
8632.76
8798.02
8916.58
9299.75
9636.39
9973.45
10333.31
10672.66
11023.87
11373.04
11822.86
12055.67
12488.86
12826.08
13178.77
13550.33
13901.21
14251.83
14605.29
14958.75
15308.39
15646.38
16010.17
16329.34
16821.14
17177.70
17536.31
17893.38
18251.23
18609.33
18964.85
19333.78
19686.69
20040.41
20396.45
20748.87
21023.86
21378.61
21733.11
22087.60
22443.38
22765.01
24139.93
24311.15
24672.34
25036.52
25394.37
25754.79
26113.41
26474.09
26830.82
27191.25
27551.41
27910.54
28275.09
28627.26
28984.07
29340.11
29694.62
30049.37
30404.12
30757.84
31112.07
31465.28
31820.54
32182.25
32548.82
34027.12
34263.61
34618.62
34972.85
35322.80
35678.07
36029.32
36389.49
36742.69
37031.70
37387.22
37743.78
38098.53
38456.37
38812.41
38997.26
39232.13
39526.55
39885.68
40250.23
40610.65
40969.01
41330.21
41688.31
42048.21
42407.86
42767.51
43126.39
43486.55
43850.07
44207.65
44565.24
44922.20
45281.59
45526.77
45817.32
45844.14
45943.14
46091.89
46137.01
46149.90
46236.53
46263.68
46265.74
46272.96
46280.43
46287.65
46295.13
46302.61
46309.82
46317.30
46324.52
46332.00
46339.47
46346.95
46354.17
46361.64
46368.86
46377.11
46383.56
46391.04
46398.51
46405.73
46413.21
46420.43
46427.90
46435.38
46442.60
46450.07
46457.29
46464.77
46472.25
46479.72
46486.94
46494.42
46501.64
46509.11
46516.59
46523.81
46531.54
46538.76
46545.98
46553.71
46560.93
46568.15
46575.63
46582.85
46590.32
46606.05
46612.50
46614.30
46616.11
46617.91
46619.97
46621.78
46623.58
46628.48
46637.25
46703.50
46763.94
46828.93
46873.11
46913.58
46948.11
47060.00
47113.62
47168.18
47221.03
47281.36
47325.20
47349.43
47394.55
47437.60
47523.45
47565.22
47613.69
47674.02
47715.78
47784.36
47832.05
47890.32
47978.23
48051.02
48130.16
48194.88
48266.29
48343.12
48416.85
48507.86
48578.50
48656.36
48728.03
48757.42
48791.71
48933.77
49079.43
49220.97
49331.57
49375.91
49507.38
49622.11
49708.22
49826.81
49967.06
50060.91
50182.08
50300.41
50383.43
50454.07
50552.30
50676.56
50736.63
50878.69
50982.33
51043.43
51145.52
51276.49
51364.15
51492.28
51618.09
51686.16
51818.41
51952.47
52030.59
52142.74
52278.61
52366.26
52483.05
52619.18
52666.61
52722.04
52811.25
52896.07
52930.10
52983.46
53023.68
53080.40
53125.26
53170.89
53220.65
53282.79
53319.91
53353.68
53376.63
53402.67
53412.46
53443.92
53474.34
53503.73
53551.43
53602.21
53654.81
53708.18
53759.74
53813.11
53864.93
53918.55
53969.08
54020.13
54073.24
54128.98
54182.60
54237.26
54293.72
54350.95
54405.35
54460.01
54519.05
54580.15
54638.93
54697.45
54751.08
54809.34
54867.09
54924.84
54980.27
55035.70
55089.33
55143.73
55196.32
55250.20
55305.12
55360.55
55415.72
55470.89
55522.97
55575.30
55625.84
55677.40
55725.87
55774.34
55823.32
55873.85
55928.51
55983.94
56038.34
56090.16
56141.72
56192.51
56244.07
56294.34
56345.65
56399.02
56449.16
56501.76
56551.00
56601.79
56653.35
56706.20
56757.77
56809.07
56860.84
56911.63
56965.51
57018.62
57073.54
57124.58
57174.34
57227.71
57282.62
57322.07
57642.53
58321.86
59022.08
59577.93
60114.43
60661.77
61200.34
61763.14
62307.64
62844.41
63150.43
10.97
52.67
88.57
124.48
159.02
194.34
230.72
265.27
299.30
334.10
369.16
405.79
440.08
473.86
507.63
542.43
576.46
609.98
644.53
678.30
716.20
746.62
796.64
818.16
852.45
886.73
920.51
954.28
988.83
1022.09
1056.12
1090.15
1123.41
1156.15
1190.44
1223.44
1257.73
1290.98
1324.24
1358.27
1391.02
1424.53
1459.59
1492.59
1526.88
1600.88
1603.02
1636.53
1670.30
1704.59
1737.85
1772.40
1805.66
1838.40
1871.91
1905.43
1938.69
1972.98
2005.98
2040.27
2072.75
2106.78
2139.27
2171.49
2205.52
2238.27
2272.81
2305.55
2339.59
2371.81
2405.59
2437.55
2471.07
2503.30
2537.33
2569.81
2603.33
2635.81
2668.81
2700.27
2733.78
2767.04
2799.78
2833.30
2865.27
2916.31
2935.91
2968.65
3002.42
3035.42
3068.42
3100.13
3133.91
3237.03
3251.42
3284.42
3319.23
3352.23
3385.74
3419.52
3452.26
3486.55
3519.29
3552.03
3586.06
3618.80
3653.61
3686.61
3720.38
3753.64
3787.16
3820.41
3852.64
3886.16
3918.64
3952.93
3985.41
4019.19
4051.67
4084.93
4116.64
4150.16
4182.90
4216.67
4249.41
4282.16
4315.67
4347.64
4380.12
4412.87
4446.90
4478.87
4512.64
4545.12
4577.87
4609.32
4642.58
4676.09
4708.06
4741.58
4774.32
4806.80
4838.52
4871.77
4905.55
4937.52
4970.77
5003.26
5035.74
5067.71
5100.20
5133.97
5165.68
5198.68
5231.68
5262.88
5295.88
5328.36
5361.36
5394.10
5426.33
5458.55
5490.52
5522.75
5556.01
5578.70
5650.02
5785.45
5936.54
6062.44
6229.14
6400.29
6562.71
6757.29
6927.18
7090.89
7394.89
7457.86
7624.67
7789.93
7923.47
8065.53
8287.35
8451.84
8613.56
8777.79
8944.59
9106.24
9269.69
9520.46
9682.07
9966.87
10297.22
10616.15
10954.61
11277.28
11610.37
11939.34
12361.47
12696.21
13009.55
13320.99
13657.18
13989.50
14340.07
14672.75
15007.65
15340.46
15676.12
16010.76
16402.02
17352.84
17453.98
17797.64
18134.61
18472.08
18812.14
19149.61
19489.67
19827.40
20190.91
20515.23
20848.07
21183.88
21444.88
21784.94
22124.48
22462.21
22793.35
23297.12
23645.27
23986.10
24323.83
24660.28
24921.44
25259.43
25608.02
25950.91
26292.51
26632.05
26973.39
27311.90
27651.42
27992.25
28332.56
28674.16
29012.93
29352.21
29695.62
30035.67
30371.60
30710.37
31047.59
31383.26
31724.09
32060.79
32398.01
32736.00
34591.22
34732.15
35070.40
35400.49
35737.19
36075.96
36409.57
36744.00
37081.22
37417.15
37730.13
38024.81
38364.09
38701.83
39041.37
39244.78
39553.12
39892.66
40057.15
40398.49
40737.26
41079.89
41419.43
41760.00
42105.21
42448.62
42789.96
43128.98
43469.55
43812.70
44152.76
44492.04
44833.90
45173.70
45511.04
45853.93
46195.02
46533.53
46874.10
47213.64
47553.69
50089.02
50115.11
50155.72
50158.87
50166.09
50173.30
50180.78
50188.00
50195.22
50202.70
50209.91
50217.39
50224.87
50232.09
50239.56
50246.78
50254.26
50261.48
50268.95
50276.43
50283.65
50290.87
50298.34
50305.56
50313.04
50320.52
50327.73
50335.21
50342.43
50349.91
50357.38
50364.86
50372.08
50379.55
50386.77
50394.25
50401.47
50408.95
50416.16
50423.64
50433.70
50438.34
50445.81
50453.03
50460.51
50467.73
50475.20
50482.42
50489.90
50499.95
50508.72
50515.16
50516.71
50518.52
50520.32
50522.12
50523.93
50525.73
50527.28
50532.18
50533.98
50603.34
50663.34
50683.97
50754.25
50800.66
50909.83
50949.12
51001.72
51054.66
51109.57
51162.42
51224.01
51295.68
51299.81
51328.68
51375.86
51454.50
51504.25
51568.19
51657.91
51710.76
51752.01
51808.73
51842.76
51904.49
51955.28
51979.00
52053.50
52120.79
52215.41
52276.77
52348.18
52435.07
52493.59
52587.43
52653.18
52717.37
52789.82
52823.33
52962.29
53104.09
53224.23
53360.87
53457.81
53480.75
53610.43
53715.88
53836.28
53953.07
54091.86
54204.79
54275.17
54385.25
54517.25
54655.44
54703.14
54820.96
54923.05
55019.47
55082.12
55153.28
55264.91
55338.90
55414.96
55546.44
55625.85
55673.82
55794.22
55878.79
55972.63
56103.86
56186.87
56319.90
56416.32
56551.68
56675.17
56763.08
56882.45
57017.29
57101.85
57227.92
57316.35
57439.32
57489.60
57541.16
57594.01
57649.18
57706.42
57744.57
57778.61
57812.89
57850.28
57886.11
57914.99
57938.96
57953.14
57979.44
58006.25
58034.10
58062.46
58101.13
58155.27
58208.89
58261.75
58317.43
58348.63
58389.36
58442.73
58497.13
58549.46
58601.80
58653.88
58706.99
58757.78
58806.76
58859.10
58909.63
58965.32
59018.94
59075.14
59131.35
59184.97
59239.63
59295.83
59349.20
59404.37
59460.57
59517.55
59573.75
59631.50
59688.74
59747.52
59800.11
59848.84
59902.21
59950.68
60003.79
60055.61
60106.65
60159.76
60212.36
60265.21
60314.96
60365.75
60421.18
60471.46
60518.82
60568.83
60618.99
60668.23
60714.64
60758.21
60804.61
60853.08
60902.84
60955.18
61008.54
61059.85
61112.18
61163.75
61211.96
61263.78
61310.18
61356.85
61405.06
61453.27
61506.12
61555.62
61605.12
61652.82
61702.57
61751.04
61802.86
61852.36
61901.61
61949.82
61998.54
62047.01
62052.68
62826.12
63519.12
64178.61
64707.12
65242.86
65784.00
66318.19
66873.00
67414.93
67946.02
68314.95
9.36
51.86
88.33
123.72
158.52
192.81
228.75
262.27
296.30
329.56
365.14
401.34
436.14
469.40
503.43
536.69
571.75
604.49
639.30
673.33
705.55
740.10
774.65
813.59
846.08
879.85
913.62
947.66
981.95
1014.69
1048.98
1080.95
1114.98
1149.52
1182.27
1216.04
1249.30
1281.01
1314.52
1348.55
1382.33
1414.55
1449.36
1483.13
1515.62
1549.39
1592.36
1625.36
1659.13
1691.61
1725.13
1759.68
1792.93
1826.45
1860.22
1891.93
1925.45
1959.74
1993.00
2025.48
2058.48
2091.22
2124.48
2156.96
2190.48
2223.74
2255.45
2288.19
2321.71
2354.96
2387.96
2419.16
2452.16
2485.93
2519.19
2551.93
2582.87
2615.87
2649.39
2682.39
2715.13
2746.32
2779.07
2812.07
2844.81
2877.55
2914.68
2947.42
2980.42
3012.64
3045.39
3078.64
3111.64
3144.90
3250.09
3261.60
3294.86
3328.89
3361.12
3394.63
3428.15
3459.86
3493.12
3527.15
3560.41
3593.66
3625.63
3658.89
3692.66
3724.89
3758.15
3791.41
3823.63
3856.12
3889.63
3922.89
3955.63
3987.09
4019.83
4053.34
4086.60
4119.34
4150.54
4183.28
4217.05
4257.79
4282.54
4313.73
4346.48
4379.73
4412.48
4445.22
4477.19
4509.93
4541.90
4574.90
4607.38
4639.61
4672.87
4705.35
4737.84
4769.03
4801.77
4835.03
4867.77
4900.26
4930.94
4963.94
4996.94
5029.68
5061.91
5093.62
5126.88
5159.36
5191.59
5222.01
5254.49
5287.49
5319.72
5351.95
5383.91
5416.91
5449.40
5481.62
5512.05
5544.53
5577.27
5609.50
5641.47
5673.44
5706.18
5738.41
5770.63
5801.83
5834.57
5866.80
5938.73
5940.02
5952.65
6061.22
6198.38
6345.07
6503.53
6664.05
6839.33
7000.72
7197.85
7371.10
7536.87
7745.95
7917.03
8089.51
8257.36
8423.13
8650.83
8820.21
8992.43
9156.92
9328.11
9493.62
9660.94
9918.64
10082.86
10250.44
10443.77
10745.41
11093.85
11453.22
11795.93
12150.04
12580.17
12934.92
13343.83
13630.86
13971.43
14309.68
14665.21
15040.88
15397.32
15751.67
16105.90
16464.00
16955.05
17364.71
17660.68
17981.91
18341.86
18704.60
19066.57
19423.90
19786.12
20144.48
20504.65
20883.74
21234.62
21589.38
21868.59
22225.90
22584.52
22940.77
23722.20
23860.63
24219.50
24545.38
24904.77
25265.71
25542.86
25905.08
26285.36
26634.69
26996.92
27358.63
27721.89
28084.89
28444.88
28803.76
29168.05
29525.12
29886.05
30247.25
30607.93
30966.80
31326.71
31686.88
32045.49
32402.56
32756.80
33763.30
33784.63
34142.99
34509.56
34851.42
35208.49
35562.57
35923.51
36282.38
36642.03
36999.36
37351.53
37709.12
38062.06
38417.07
38708.91
39064.70
39424.09
39615.64
39976.84
40336.74
40705.16
40878.92
41239.34
41603.12
41967.66
42326.28
42689.80
43049.70
43408.73
43771.99
44136.54
44498.25
44861.25
45222.19
45584.67
45946.64
46305.35
46667.83
47026.19
47385.32
47750.13
50414.88
50743.19
51103.09
51464.37
51826.08
52183.93
52483.25
52721.21
52780.50
52828.46
52972.57
53083.95
53111.28
53126.49
53214.40
53254.92
53258.27
53264.71
53272.19
53279.67
53286.89
53294.11
53301.58
53309.83
53316.28
53323.75
53330.97
53338.45
53345.93
53353.40
53360.36
53367.84
53375.32
53382.54
53390.01
53397.23
53404.71
53411.93
53419.40
53428.43
53434.10
53441.32
53448.79
53456.27
53463.75
53470.96
53478.44
53485.66
53493.14
53500.61
53507.83
53515.31
53522.79
53530.00
53537.48
53544.70
53552.18
53559.39
53566.87
53574.35
53581.82
53589.04
53596.26
53603.74
53611.21
53618.69
53632.61
53639.32
53640.86
53642.67
53644.47
53646.28
53648.08
53649.89
53651.69
53653.50
53658.39
53693.46
53776.99
53806.72
53864.73
53910.98
54024.96
54079.62
54123.45
54170.61
54225.26
54279.14
54332.82
54402.68
54475.13
54547.59
54587.80
54663.86
54768.27
54840.98
54890.73
54955.45
55049.45
55117.25
55188.15
55214.19
55257.76
55307.52
55346.19
55370.16
55429.72
55526.62
55582.57
55678.21
55726.06
55798.76
55861.93
55937.46
56026.67
56090.86
56118.45
56264.24
56412.74
56558.15
56704.59
56852.57
56991.27
57101.62
57208.09
57303.48
57420.02
57549.44
57654.62
57800.03
57946.98
58033.61
58132.87
58205.57
58293.48
58366.70
58470.34
58606.98
58743.61
58855.25
58937.23
58949.86
59020.76
59115.89
59151.99
59199.94
59308.48
59441.77
59480.96
59582.79
59675.09
59793.43
59909.44
60019.53
60122.91
60255.94
60352.88
60489.78
60587.23
60693.96
60806.11
60923.68
61025.00
61164.47
61230.99
61292.61
61336.18
61403.46
61437.75
61482.61
61512.26
61532.37
61552.74
61579.29
61604.04
61632.92
61661.28
61702.53
61756.93
61811.32
61868.04
61920.12
61973.75
62029.43
62084.86
62141.32
62194.95
62252.96
62312.00
62365.88
62419.76
62473.90
62527.79
62581.15
62634.78
62688.40
62743.32
62800.29
62853.92
62904.19
62956.27
63003.71
63056.56
63109.41
63166.39
63223.36
63280.86
63338.35
63394.81
63452.56
63504.89
63557.49
63611.89
63662.16
63712.18
63762.19
63811.18
63863.00
63913.79
63964.06
64014.59
64063.57
64115.91
64166.18
64214.39
64265.70
64316.23
64368.05
64416.78
64467.05
64515.52
64567.34
64617.10
64670.98
64725.38
64776.43
64833.40
64886.51
64942.71
64995.82
65044.55
65097.66
65150.00
65204.14
65252.09
65300.82
65352.89
65402.91
65455.50
65506.81
65559.66
65612.77
65662.01
65714.37
65762.32
65810.79
65858.74
65906.18
65955.42
65984.04
66279.75
66971.98
67686.12
68334.77
68876.44
69423.00
69979.88
70527.73
71095.17
71650.24
72199.12
72664.99
9.65
52.37
86.55
121.92
155.95
188.95
224.62
258.39
291.65
323.62
357.39
402.00
427.01
460.27
494.04
527.30
560.30
592.53
625.79
658.79
691.27
723.75
757.01
793.80
827.32
860.32
893.57
925.29
958.03
991.29
1024.54
1056.25
1089.00
1122.25
1155.51
1186.45
1220.22
1252.45
1284.42
1315.87
1348.36
1380.32
1411.78
1453.29
1479.32
1510.78
1544.04
1611.84
1619.19
1651.67
1683.38
1716.90
1749.38
1781.87
1813.58
1846.32
1878.80
1911.03
1942.74
1975.23
2007.97
2039.16
2072.68
2105.16
2140.74
2168.33
2200.81
2232.78
2263.72
2297.23
2329.46
2360.91
2392.11
2424.34
2457.34
2488.27
2520.76
2552.21
2583.15
2615.63
2648.38
2679.57
2710.51
2742.22
2775.22
2805.64
2837.87
2869.06
2900.00
2941.25
2968.32
3001.32
3033.55
3065.26
3096.20
3128.16
3161.42
3212.39
3244.35
3275.80
3308.55
3340.52
3372.23
3403.94
3437.20
3470.20
3501.39
3534.39
3566.36
3598.07
3629.52
3661.75
3695.01
3726.20
3758.95
3790.91
3822.37
3853.82
3886.30
3919.30
3950.24
3982.47
4014.18
4045.38
4077.86
4110.60
4142.05
4173.25
4205.22
4237.70
4273.28
4301.12
4332.84
4363.77
4396.00
4428.74
4460.20
4491.13
4522.84
4555.84
4586.52
4619.01
4650.46
4681.40
4714.14
4746.11
4777.30
4808.24
4840.73
4872.95
4903.63
4935.34
4967.57
4998.51
5030.99
5062.19
5092.87
5125.87
5157.32
5188.00
5219.20
5252.45
5283.65
5314.33
5346.30
5378.52
5408.69
5440.14
5472.88
5503.05
5534.76
5566.47
5597.66
5629.12
5660.31
5691.25
5723.48
5754.41
5784.84
5817.84
5849.29
5879.45
5911.94
5961.18
5984.12
6014.80
6047.29
6079.77
6110.97
6141.91
6174.13
6206.36
6237.30
6269.27
6301.75
6313.87
6406.87
6551.62
6680.79
6830.50
6984.98
7162.55
7325.49
7521.55
7698.41
7867.79
8077.73
8247.54
8419.50
8586.53
8754.62
8981.82
9148.11
9314.40
9489.45
9650.84
9822.55
9992.70
10248.51
10418.67
10584.18
10749.70
10915.99
11091.30
11338.46
11674.03
11995.78
12355.88
12791.09
13136.88
13450.98
13806.50
14174.67
14523.57
14856.15
15209.35
15581.28
15935.15
16284.91
16640.95
17128.27
17482.76
17833.90
18183.55
18541.66
18861.71
19222.64
19581.52
19942.46
20302.62
20658.40
21014.70
21371.00
21740.35
22039.93
22375.60
22730.74
23086.51
23898.88
24003.61
24360.42
24716.71
25074.82
25398.89
25758.28
26116.64
26393.53
26755.75
27122.21
27482.11
27843.31
28202.70
28563.89
28922.83
29283.51
29644.19
30003.58
30365.42
30727.39
31083.94
31444.62
31801.69
32157.99
32517.38
32876.25
33757.71
33899.46
34256.01
34613.34
34968.61
35320.84
35671.18
36027.73
36383.26
36738.78
37097.14
37455.24
37809.22
38166.05
38520.29
38876.07
39235.97
39527.56
39882.82
40071.03
40430.42
40789.29
41148.94
41485.39
41685.45
42046.39
42408.36
42769.81
43132.29
43492.71
43853.14
44214.59
44574.50
44934.66
45296.63
45658.34
46018.50
46382.28
46740.40
47098.76
47461.76
47822.70
50532.31
50807.76
51170.50
51526.54
51886.85
52246.75
52607.69
52968.37
53326.73
53685.35
54041.64
54399.49
54758.88
55113.11
55466.08
55682.64
55955.41
55988.66
56039.20
56178.41
56296.23
56323.05
56331.55
56418.70
56859.60
56860.85
56868.58
56881.21
56888.18
56889.72
56891.27
56893.07
56894.62
56896.43
56898.23
56899.78
56901.58
56903.39
56908.54
56970.93
57062.97
57101.84
57130.71
57174.31
57216.51
57325.30
57380.03
57426.14
57470.53
57526.22
57580.53
57636.47
57709.03
57781.75
57863.73
57965.83
58049.88
58141.40
58211.10
58304.95
58342.59
58395.70
58487.22
58546.52
58593.18
58626.44
58663.05
58719.77
58739.88
58762.82
58846.35
58892.33
58926.10
59000.35
59070.48
59156.33
59225.68
59294.00
59355.88
59449.59
59515.33
59579.27
59725.96
59871.89
59964.44
59994.61
60137.69
60282.07
60427.99
60573.91
60719.83
60866.27
60990.28
61101.14
61147.54
61177.71
61254.02
61369.78
61489.92
61632.49
61724.27
61862.36
62006.48
62138.00
62203.23
62259.69
62331.62
62398.14
62497.39
62633.26
62735.10
62818.63
62915.05
62949.08
63014.57
63057.36
63101.96
63186.01
63243.76
63273.67
63324.46
63431.71
63514.98
63562.93
63636.15
63725.36
63839.57
63954.04
64006.89
64125.74
64194.83
64301.31
64407.01
64516.73
64619.60
64721.70
64828.17
64875.87
64911.45
64939.55
64972.03
65001.42
65032.36
65061.49
65078.75
65080.04
65124.13
65175.18
65217.20
65238.60
65291.71
65344.56
65395.61
65450.26
65505.43
65560.86
65613.46
65668.89
65724.06
65778.71
65837.24
65892.15
65944.49
66000.18
66055.35
66107.49
66161.37
66216.03
66267.07
66321.47
66377.93
66431.56
66482.61
66532.11
66585.47
66639.10
66688.08
66740.93
66793.53
66846.64
66898.71
66948.47
66999.52
67050.57
67102.90
67156.01
67210.67
67265.84
67320.50
67371.29
67421.56
67467.45
67515.92
67565.42
67615.69
67664.42
67711.60
67760.58
67809.31
67858.29
67906.25
67955.49
68004.99
68055.00
68104.76
68154.00
68204.02
68254.04
68303.28
68352.52
68401.25
68452.29
68505.40
68556.71
68607.24
68657.25
68709.59
68759.35
68809.88
68861.44
68912.75
68963.54
69012.52
69058.41
69105.33
69156.64
69206.39
69257.44
69309.52
69360.82
69412.39
69462.40
69513.45
69566.30
69611.93
69657.82
69705.26
69752.18
69801.94
69929.56
70708.93
71411.21
72114.00
72645.87
73190.89
73746.99
74294.58
74851.97
75414.00
75963.66
76509.19
76883.79
7.93
52.43
87.29
122.25
154.99
189.54
224.66
257.66
290.92
324.44
358.21
391.47
427.68
461.45
493.42
527.71
561.48
594.22
626.19
659.19
692.19
725.45
758.19
795.99
829.25
861.99
894.22
926.70
960.99
993.48
1025.19
1057.67
1091.45
1122.64
1155.64
1187.61
1219.58
1253.61
1285.84
1317.03
1350.29
1383.03
1414.23
1446.45
1482.03
1514.00
1546.23
1616.09
1620.70
1652.66
1686.70
1719.70
1751.66
1783.38
1817.66
1850.15
1881.86
1914.60
1948.12
1979.57
2012.57
2044.28
2076.25
2109.77
2148.18
2172.41
2206.70
2238.67
2269.87
2303.38
2335.61
2366.55
2399.55
2432.03
2462.97
2495.71
2527.94
2558.62
2591.88
2623.33
2654.01
2687.52
2719.23
2749.91
2783.43
2814.88
2846.34
2879.08
2910.79
2949.98
2979.88
3011.59
3044.08
3076.05
3108.02
3140.24
3172.73
3223.84
3256.84
3288.30
3321.04
3354.55
3386.27
3419.01
3451.23
3482.69
3516.72
3548.95
3580.40
3613.40
3646.40
3677.85
3709.82
3743.34
3775.30
3806.76
3840.27
3872.50
3903.70
3936.44
3969.18
4000.12
4032.86
4065.86
4096.80
4129.02
4162.02
4193.22
4225.45
4258.45
4289.12
4321.61
4354.35
4385.29
4418.03
4450.26
4481.20
4514.20
4546.16
4576.84
4610.36
4641.81
4672.75
4706.01
4737.20
4768.91
4801.66
4832.34
4865.34
4897.05
4927.47
4960.98
4992.18
5023.38
5056.38
5087.83
5119.28
5150.99
5183.99
5214.41
5246.12
5278.87
5309.29
5342.55
5373.48
5404.68
5437.16
5467.33
5500.33
5531.27
5562.72
5594.43
5626.91
5657.08
5689.05
5721.02
5751.44
5784.44
5814.60
5847.09
5878.28
5909.22
5980.89
5981.92
6014.66
6045.34
6078.09
6110.05
6140.73
6174.25
6205.19
6236.64
6269.64
6300.06
6332.80
6364.77
6394.94
6428.20
6616.66
6625.20
6658.71
6690.68
6721.88
6755.91
6779.11
6814.05
6945.50
7091.02
7221.26
7376.04
7550.30
7705.76
7862.00
8049.28
8220.98
8385.11
8593.32
8761.61
8931.51
9097.54
9261.00
9487.75
9651.46
9814.88
9985.55
10141.79
10318.90
10480.55
10734.14
10898.11
11061.56
11227.07
11394.14
11570.22
11737.54
11901.08
12090.95
12377.76
12897.01
13171.65
13466.05
13856.55
14089.43
14423.55
14757.68
15109.41
15434.59
15754.12
16085.20
16442.44
16777.59
17460.53
17588.28
17922.66
18257.82
18590.65
18957.68
19259.07
19562.25
19901.97
20240.22
20577.96
20919.30
21259.36
21598.64
21939.21
22378.40
22559.39
22889.13
23227.89
23564.09
24114.19
24452.95
24786.56
25122.23
25458.42
25796.67
26105.02
26443.01
26782.80
27099.91
27383.77
27722.53
28072.67
28412.73
28754.33
29094.12
29432.38
29773.24
30114.59
30453.79
30793.59
31134.67
31474.21
31815.81
32155.35
32494.63
32831.59
33169.33
34564.61
34842.71
35180.19
35518.44
35851.38
36180.21
36516.14
36855.17
37193.42
37529.86
37865.54
38203.01
38539.71
38876.65
39214.90
39551.60
39888.82
40224.75
40492.62
40680.82
41018.04
41359.38
41699.95
42038.46
42374.13
42547.90
42888.47
43229.81
43570.47
43909.49
44254.45
44595.02
44933.27
45273.58
45616.21
45957.30
46297.87
46637.66
46976.17
47315.45
47655.03
47995.34
50415.17
50527.05
50868.66
51208.97
51548.25
51885.73
52225.52
52566.09
52905.35
53244.89
53585.46
53922.94
54260.93
54596.60
54935.88
55271.55
55601.12
55938.09
56275.82
56610.98
56950.26
57285.93
57623.66
57959.85
58294.75
58633.26
58971.51
59206.63
59352.30
59378.85
59446.03
59584.47
59693.01
59719.57
59727.82
59812.64
60285.05
60287.79
60295.27
60309.96
60316.92
60318.47
60320.02
60321.82
60323.37
60324.91
60326.72
60328.52
60330.07
60331.62
60337.55
60338.58
60404.58
60473.96
60505.93
60557.50
60666.69
60725.82
60783.36
60841.85
60894.88
60940.25
60986.14
61044.28
61099.51
61172.19
61244.38
61316.05
61412.99
61521.01
61576.76
61580.63
61666.74
61755.17
61843.86
61923.78
61993.39
62035.41
62092.39
62181.33
62265.54
62288.22
62327.41
62363.25
62411.97
62438.27
62493.96
62568.72
62599.92
62609.97
62677.52
62756.15
62821.77
62896.02
62953.51
63025.18
63101.75
63128.05
63271.39
63416.80
63562.98
63709.16
63854.31
63999.70
64144.59
64179.13
64206.72
64350.84
64496.24
64584.16
64732.66
64830.88
64979.12
65120.89
65191.53
65267.07
65368.39
65468.42
65522.82
65654.82
65754.59
65867.26
66008.02
66102.12
66238.25
66356.59
66431.09
66512.82
66574.70
66663.38
66719.84
66828.90
66966.83
67091.35
67136.73
67222.84
67265.63
67322.61
67366.18
67416.71
67462.60
67551.03
67579.39
67611.62
67650.29
67787.19
67853.70
67891.60
67953.22
68055.31
68154.05
68266.20
68318.28
68412.64
68508.76
68578.37
68694.38
68785.39
68857.06
68881.81
68911.20
68919.20
68948.84
68974.37
69000.92
69019.23
69037.02
69087.29
69137.56
69191.70
69240.69
69291.73
69342.27
69396.41
69449.77
69503.88
69558.54
69614.23
69668.11
69722.25
69776.65
69831.05
69887.77
69941.13
69997.08
70055.86
70112.84
70168.52
70223.18
70277.58
70333.52
70388.18
70440.77
70497.23
70551.12
70602.42
70656.56
70709.16
70761.75
70812.28
70863.01
70912.77
70966.65
71020.02
71072.87
71123.66
71173.41
71225.75
71277.05
71328.88
71382.76
71435.35
71488.98
71541.31
71590.30
71640.57
71690.59
71743.18
71791.65
71842.44
71892.71
71942.21
71991.20
72040.44
72089.42
72139.18
72186.62
72234.31
72280.72
72325.84
72373.53
72421.74
72472.27
72523.32
72574.11
72622.58
72671.05
72720.03
72771.08
72820.84
72871.11
72922.41
72973.46
73021.41
73071.69
73120.93
73171.98
73220.19
73270.98
73322.28
73371.52
73423.34
73470.01
73520.28
73569.01
73620.31
73669.55
73720.60
73768.81
73818.57
73868.59
73918.60
73968.88
74016.57
74068.13
74087.47
74201.16
75011.98
75715.55
76435.88
77005.13
77554.79
78112.18
78664.93
79214.84
79795.95
80350.77
80903.26
81444.41
81625.13
8.65
51.16
85.58
118.58
151.58
185.10
218.12
252.15
283.86
317.12
349.35
381.57
417.46
448.91
482.17
514.14
546.62
578.59
611.34
642.02
675.53
705.70
739.47
771.95
808.33
840.56
872.27
904.50
935.69
967.92
1000.40
1030.82
1063.82
1093.99
1126.99
1159.21
1189.12
1222.38
1252.29
1284.51
1316.48
1347.42
1378.10
1409.29
1441.78
1474.52
1506.75
1536.91
1569.14
1610.20
1642.69
1673.11
1705.85
1736.53
1768.76
1800.73
1831.41
1863.12
1894.57
1926.02
1957.99
1989.70
2020.38
2051.58
2084.06
2113.71
2146.20
2177.91
2207.55
2240.04
2270.46
2302.17
2332.34
2364.05
2395.50
2425.15
2456.60
2487.28
2519.77
2548.38
2580.35
2611.80
2642.74
2673.68
2703.07
2735.04
2764.95
2796.91
2825.79
2857.76
2888.95
2919.63
2960.37
2986.41
3016.31
3048.28
3079.73
3109.64
3140.84
3171.77
3272.58
3286.03
3316.20
3348.94
3378.59
3410.81
3442.78
3473.46
3504.66
3535.59
3567.82
3597.21
3629.70
3661.15
3691.31
3722.77
3753.70
3785.67
3815.32
3847.80
3879.00
3908.91
3940.88
3971.55
4003.27
4033.17
4065.40
4096.85
4126.76
4157.95
4188.89
4220.86
4249.73
4281.70
4312.64
4344.09
4375.03
4404.42
4436.65
4466.81
4498.27
4528.17
4559.88
4590.82
4621.50
4652.18
4681.83
4713.54
4743.45
4775.41
4804.29
4836.26
4867.20
4898.13
4929.33
4958.20
4989.91
5020.34
5052.05
5080.92
5112.12
5142.80
5173.99
5204.93
5235.09
5265.77
5294.91
5326.62
5356.78
5388.49
5417.37
5448.30
5478.47
5509.66
5540.34
5570.77
5601.70
5631.09
5661.77
5691.68
5722.88
5753.04
5784.49
5813.37
5844.30
5874.98
5905.92
5936.86
5998.48
6006.21
6037.15
6068.34
6099.02
6129.45
6160.12
6190.03
6221.74
6251.91
6283.36
6312.49
6344.20
6375.14
6406.34
6437.27
6633.98
6660.13
6690.81
6722.01
6754.23
6783.88
6815.85
6847.56
6878.76
6909.18
6940.12
6972.09
7001.48
7033.19
7065.16
7096.35
7127.03
7157.45
7160.03
7266.26
7401.35
7530.54
7680.79
7828.77
8005.88
8169.85
8359.75
8529.39
8699.80
8906.24
9073.89
9244.30
9418.59
9589.77
9815.84
9983.42
10151.53
10322.46
10500.09
10663.03
10833.70
11090.30
11256.84
11426.23
11596.90
11764.73
11928.96
12105.05
12269.84
12434.84
12600.61
12765.24
13097.43
13399.66
13753.18
14117.91
14413.62
14759.57
15113.93
15467.91
15835.61
16186.58
16517.87
16870.81
17505.76
17734.28
18088.00
18441.20
18793.63
19145.55
19497.20
19846.33
20204.18
20524.97
20884.88
21244.01
21600.31
21960.21
22317.03
22674.61
22974.19
23324.88
23678.05
24239.04
24595.59
24951.83
25308.90
25666.23
26022.52
26375.73
26733.31
27058.93
27416.77
27772.04
28045.32
28401.10
28768.38
29128.80
29489.23
29849.65
30211.36
30567.30
30927.73
31288.92
31646.25
32006.93
32366.32
32726.74
33085.10
33445.27
34110.12
34467.45
34824.26
35182.10
35536.59
35889.89
36244.90
36601.45
36949.67
37307.25
37664.84
38021.91
38379.75
38733.21
39089.00
39446.58
39797.16
40153.46
40510.01
40865.79
41052.19
41342.75
41702.65
42061.27
42421.18
42779.54
43137.89
43312.18
43673.37
44035.08
44396.79
44757.99
45118.67
45480.12
45840.29
46202.51
46563.19
46923.61
47283.52
47643.94
48004.36
49460.23
49546.62
49908.59
50269.27
50627.88
50989.59
51349.76
51707.60
52068.28
52427.16
52786.29
53146.71
53504.78
53861.08
54221.24
54578.57
54936.93
55295.03
55643.49
55998.24
56355.31
56711.61
57067.39
57424.71
57779.98
58134.73
58492.83
58850.68
59207.23
59563.79
59920.34
60275.86
60632.16
60987.94
61344.75
61700.02
62059.41
62414.42
62626.34
62762.29
62788.07
62844.02
62978.85
63106.98
63132.51
63147.98
63195.16
63267.09
63294.16
63297.50
63304.72
63311.94
63319.16
63326.38
63333.86
63341.07
63348.29
63355.51
63362.99
63370.21
63377.43
63384.90
63392.12
63399.34
63406.82
63414.29
63421.51
63428.73
63435.95
63443.43
63450.64
63457.86
63465.34
63472.56
63479.78
63487.00
63494.47
63501.69
63508.91
63516.39
63523.61
63531.08
63538.30
63545.78
63553.00
63560.21
63567.69
63575.17
63582.39
63589.61
63597.08
63604.30
63611.52
63619.00
63626.21
63633.43
63640.91
63648.13
63655.61
63662.82
63670.30
63677.52
63684.74
63692.21
63699.43
63706.65
63714.13
63721.61
63728.82
63736.04
63743.52
63751.77
63764.40
63764.92
63766.46
63776.00
63777.55
63779.10
63780.64
63782.19
63784.00
63785.54
63787.09
63788.64
63790.44
63822.67
63823.70
63851.54
63918.38
63953.90
64013.97
64068.89
64125.56
64180.73
64235.36
64291.23
64342.54
64387.14
64425.63
64479.10
64533.57
64605.50
64692.45
64802.27
64911.29
65021.38
65131.46
65142.04
65222.99
65309.87
65386.18
65471.26
65549.64
65642.36
65701.14
65741.10
65794.46
65867.68
65957.40
65990.40
66021.34
66054.34
66091.46
66149.47
66170.36
66210.13
66267.88
66321.76
66338.78
66346.25
66431.85
66498.88
66592.98
66641.19
66709.51
66737.61
66831.97
66977.12
67121.75
67266.64
67410.25
67553.33
67695.90
67839.25
67984.65
68125.68
68271.08
68416.49
68563.65
68712.93
68818.63
68922.27
69070.25
69168.48
69296.61
69384.01
69490.75
69550.56
69633.83
69703.18
69808.63
69874.89
69975.69
70110.79
70187.87
70325.29
70468.37
70590.32
70662.50
70757.12
70809.46
70865.66
70928.31
70996.63
71059.28
71121.41
71241.81
71368.14
71479.00
71514.06
71562.79
71636.52
71672.10
71716.70
71757.95
71797.91
71839.93
71903.36
71933.38
71956.58
72045.01
72171.59
72204.59
72237.08
72308.75
72388.67
72477.88
72573.01
72686.19
72751.16
72826.70
72928.02
72981.64
72992.73
73019.02
73036.04
73065.17
73092.50
73120.60
73154.80
73157.12
73205.33
73270.81
73336.81
73402.55
73467.27
73524.50
73573.23
73626.08
73676.61
73725.85
73777.67
73828.72
73876.16
73885.70
73940.87
73993.72
74047.86
74103.55
74161.55
74216.73
74270.09
74322.17
74377.86
74430.45
74485.37
74541.31
74596.86
74657.70
74714.94
74769.34
74824.51
74878.91
74935.11
74989.25
75041.59
75094.18
75147.55
75197.82
75251.45
75306.36
75358.18
75410.77
75465.17
75515.19
75564.43
75616.25
75666.27
75718.60
75770.94
75823.27
75874.58
75928.20
75980.80
76033.39
76084.70
76134.20
76185.76
76237.06
76289.40
76335.80
76383.76
76431.97
76477.60
76524.78
76573.25
76621.20
76669.67
76718.40
76767.38
76816.37
76865.87
76914.85
76962.55
77009.47
77056.65
77101.77
77149.98
77198.70
77247.95
77294.35
77339.47
77384.84
77433.05
77479.46
77525.61
77573.82
77620.74
77669.47
77714.59
77761.51
77811.01
77858.96
77909.75
77961.05
78008.23
78056.96
78105.17
78153.38
78200.82
78248.77
78296.73
78346.23
78393.66
78440.59
78446.52
78770.59
79474.16
80173.86
80885.42
81474.52
82016.45
82555.53
83109.31
83646.34
84205.79
84765.50
85305.88
85851.41
86381.98
86477.89
10.23
51.28
85.55
119.06
150.77
182.74
218.12
249.06
282.58
315.32
345.74
379.77
413.85
447.88
478.56
511.82
544.56
576.02
607.73
639.44
672.44
702.09
736.89
767.31
804.51
836.48
869.22
899.12
931.87
964.09
996.32
1028.03
1058.20
1091.20
1122.13
1154.62
1184.52
1217.01
1248.72
1280.17
1311.62
1342.05
1373.50
1404.18
1436.41
1469.66
1501.12
1531.54
1563.77
1605.64
1636.06
1668.80
1699.23
1731.97
1761.62
1793.33
1824.52
1856.49
1887.95
1919.14
1950.85
1981.02
2012.73
2042.89
2075.12
2105.80
2137.77
2167.67
2199.90
2229.29
2261.26
2291.16
2322.88
2353.55
2385.01
2416.20
2447.14
2477.82
2508.76
2539.70
2569.86
2601.05
2631.48
2662.41
2692.84
2723.52
2753.94
2785.13
2814.78
2846.49
2875.88
2907.59
2936.98
2972.82
3004.79
3033.92
3065.63
3095.80
3127.25
3157.93
3222.38
3239.25
3271.73
3302.41
3334.64
3364.80
3397.03
3426.93
3458.64
3488.55
3520.26
3551.71
3583.17
3614.62
3645.56
3677.01
3707.43
3738.89
3768.79
3801.02
3831.44
3863.67
3893.57
3925.80
3955.71
3987.68
4016.81
4048.52
4079.20
4110.91
4141.85
4173.04
4204.24
4234.92
4266.11
4297.05
4327.73
4357.89
4389.35
4419.00
4450.19
4480.61
4512.58
4542.75
4574.71
4604.62
4636.33
4665.98
4697.43
4727.08
4758.79
4788.70
4820.41
4849.54
4881.51
4910.64
4942.36
4971.75
5003.46
5033.11
5064.56
5094.72
5125.66
5155.57
5186.50
5216.93
5248.12
5278.03
5309.22
5339.64
5370.07
5400.49
5431.17
5461.33
5492.27
5522.18
5552.86
5583.02
5613.70
5643.86
5674.54
5704.96
5735.64
5765.81
5796.49
5826.39
5857.33
5887.24
5917.92
5947.57
6017.18
6018.72
6048.63
6080.08
6110.25
6141.44
6171.61
6203.32
6232.71
6264.42
6294.07
6325.78
6355.43
6387.39
6416.53
6448.24
6646.24
6671.19
6703.16
6733.84
6765.81
6795.97
6827.94
6857.07
6888.79
6919.72
6951.69
6982.89
7014.34
7045.54
7076.47
7107.41
7137.83
7169.29
7198.93
7230.90
7261.32
7293.29
7323.71
7355.68
7385.85
7417.56
7446.69
7478.66
7508.82
7540.54
7548.27
7619.76
7754.96
7887.25
8014.51
8168.48
8338.27
8496.05
8691.18
8840.40
9003.86
9173.33
9374.44
9540.98
9708.30
9881.55
10133.44
10279.22
10449.38
10613.55
10776.49
10948.45
11107.52
11291.34
11532.38
11699.18
11864.70
12030.47
12197.53
12361.50
12524.70
12696.93
12861.68
13029.77
13193.09
13490.92
13650.25
13808.29
14055.15
14381.27
14705.34
14990.14
15315.50
15649.41
15980.45
16314.01
16665.41
16996.24
17462.88
17782.55
18116.94
18472.13
18805.32
19141.77
19473.83
19809.25
20143.37
20534.85
20809.16
21138.39
21447.18
21785.68
22120.32
22459.09
22794.25
23131.98
23468.68
23730.09
24384.66
24633.71
24972.73
25306.86
25645.92
25983.40
26320.10
26659.64
26995.05
27331.50
27666.14
27974.23
28312.99
28650.98
28912.66
29254.01
29599.53
29933.61
30276.24
30615.56
30958.45
31295.15
31632.89
31967.27
32306.04
32645.32
32982.54
33325.17
33913.24
34325.59
34662.04
35002.61
35340.60
35679.88
36012.52
36349.23
36687.99
37020.31
37358.82
37693.05
38027.95
38367.74
38705.73
39044.50
39380.43
39719.45
40055.38
40394.15
40729.17
41065.88
41376.28
41576.60
41912.79
42189.68
42528.96
42869.53
43209.84
43547.32
43886.34
44080.48
44394.75
44733.52
45078.21
45418.78
45761.16
46099.15
46442.04
46781.32
47123.44
47465.04
47806.12
48144.89
49761.63
49996.05
50332.12
50674.23
51014.03
51354.09
51693.37
52033.42
52371.67
52713.27
53052.81
53389.52
53732.66
54071.69
54409.07
54747.32
55088.41
55429.24
55759.87
56101.99
56440.50
56777.71
57115.45
57455.76
57792.46
58131.75
58470.51
58808.25
59145.21
59482.43
59819.90
60156.09
60495.63
60834.14
61169.81
61507.54
61841.41
62179.92
62515.33
62852.55
63192.09
63526.39
63864.64
64199.02
64535.72
64873.97
65214.80
65552.54
65889.50
66114.57
66272.86
66298.64
66324.94
66455.39
66587.14
66648.01
66673.02
66676.89
66767.89
67199.02
67201.50
67208.71
67215.93
67223.15
67230.37
67238.11
67245.07
67252.54
67259.76
67266.98
67274.20
67281.42
67288.89
67298.69
67303.33
67310.81
67327.57
67329.11
67338.65
67339.94
67341.49
67343.04
67344.58
67346.13
67347.93
67349.48
67351.03
67352.57
67354.12
67387.12
67388.15
67397.95
67469.74
67508.52
67532.50
67623.34
67678.18
67732.59
67787.25
67841.00
67894.89
67947.22
67992.54
68035.08
68075.79
68128.38
68191.29
68262.19
68354.23
68361.45
68433.94
68521.59
68594.30
68696.39
68795.13
68849.27
68923.27
69021.75
69085.43
69173.86
69279.82
69383.97
69452.55
69496.89
69551.04
69629.15
69670.92
69745.66
69818.37
69839.51
69878.18
69918.91
69958.36
69999.09
70026.68
70052.72
70130.06
70169.25
70185.75
70198.12
70206.63
70290.42
70384.27
70437.89
70469.86
70536.12
70682.04
70827.45
70974.40
71118.52
71263.41
71408.30
71554.48
71699.37
71845.55
71952.70
71991.37
72135.23
72284.76
72431.97
72582.02
72728.71
72875.15
73021.84
73163.90
73271.15
73389.74
73503.44
73601.41
73675.66
73755.84
73849.94
73929.86
74029.89
74135.08
74241.55
74359.89
74473.07
74492.92
74618.99
74726.50
74851.54
74998.23
75076.09
75160.40
75214.80
75302.71
75396.55
75486.53
75548.66
75594.55
75725.27
75798.23
75886.66
75957.04
75996.74
76044.18
76087.49
76126.42
76166.12
76212.02
76265.90
76294.77
76345.05
76377.79
76399.45
76432.96
76567.80
76641.79
76664.48
76705.29
76799.39
76862.56
76979.61
77096.91
77149.50
77157.75
77181.21
77210.35
77240.25
77266.81
77291.56
77327.14
77336.68
77359.62
77419.18
77484.14
77550.40
77617.43
77681.89
77748.66
77812.34
77874.99
77937.12
77995.90
78055.71
78103.41
78157.55
78206.54
78253.97
78307.08
78357.87
78408.14
78460.74
78514.27
78568.41
78618.43
78674.63
78732.89
78788.32
78844.79
78902.28
78956.42
79009.79
79063.67
79117.81
79169.63
79222.22
79275.85
79330.50
79383.61
79435.69
79487.77
79541.91
79596.57
79646.58
79695.57
79747.90
79797.92
79848.71
79902.33
79950.80
80000.30
80052.89
80105.49
80156.02
80191.12
