15218.37
15221.20
15223.01
15225.59
15228.16
15230.23
15233.32
15237.45
15244.15
15246.47
15247.76
15248.53
15249.30
15250.59
15252.14
15252.91
15253.17
15253.43
15254.20
15254.72
15255.75
15256.01
15256.27
15256.52
15256.78
15257.04
15257.30
15258.33
15261.42
15263.48
15264.00
15264.26
15264.52
15264.77
15265.03
15265.29
15265.55
15265.80
15266.06
15266.32
15266.58
15266.84
15267.09
15267.35
15267.87
15268.38
15269.41
15270.45
15271.48
15272.77
15274.05
15275.09
15276.12
15277.41
15278.70
15279.73
15280.76
15281.02
15281.27
15281.53
15282.05
15282.30
15282.56
15283.85
15285.14
15285.91
15286.69
15287.46
15287.72
15288.23
15288.49
15288.75
15289.27
15289.78
15290.30
15290.81
15291.07
15291.59
15291.84
15292.36
15292.62
15293.39
15294.42
15295.45
15296.74
15297.52
15298.80
15299.84
15301.12
15301.90
15302.93
15303.96
15305.25
15306.28
15307.31
15308.86
15310.15
15311.70
15312.47
15313.50
15314.53
15315.56
15316.34
15317.37
15317.88
15318.66
15319.43
15319.69
15320.72
15321.49
15322.27
15323.30
15324.33
15325.36
15326.39
15327.16
15327.94
15328.71
15329.74
15331.03
15331.80
15332.58
15333.35
15334.38
15335.16
15336.19
15337.48
15338.51
15339.54
15340.83
15341.34
15341.86
15342.63
15343.15
15343.66
15344.44
15344.70
15345.21
15345.73
15346.50
15347.02
15347.53
15348.05
15348.82
15349.59
15350.88
15351.66
15352.69
15353.46
15354.75
15355.52
15356.30
15356.81
15357.59
15358.36
15358.88
15359.65
15360.16
15360.68
15361.20
15361.45
15361.71
15362.23
15362.74
15363.26
15364.29
15364.55
15365.06
15365.58
15366.35
15366.87
15367.38
15367.90
15368.41
15368.93
15369.45
15369.96
15370.73
15371.25
15372.02
15372.54
15373.31
15373.83
15374.34
15374.86
15375.38
15375.89
15376.66
15377.44
15377.95
15378.73
15379.50
15380.02
15380.53
15381.05
15381.82
15382.59
15383.11
15383.88
15384.40
15384.91
15385.69
15386.20
15386.72
15387.23
15388.01
15388.52
15389.04
15389.81
15390.33
15390.84
15391.36
15391.88
15392.39
15392.91
15393.42
15394.20
15394.71
15395.48
15396.00
15396.77
15397.29
15397.80
15398.32
15398.84
15399.35
15400.12
15400.38
15401.16
15401.67
15402.45
15402.96
15403.48
15404.25
15404.77
15405.28
15406.05
15406.83
15407.60
15408.38
15408.89
15409.92
15410.70
15410.95
15411.47
15411.73
15412.24
15413.02
15413.53
15414.05
15414.56
15415.08
15415.59
15416.11
15416.62
15417.14
15417.66
15417.91
15418.43
15418.95
15419.46
15419.98
15420.75
15421.27
15421.78
15422.30
15422.81
15423.59
15424.10
15424.62
15425.13
15425.91
15426.42
15426.94
15427.71
15427.97
15428.48
15428.74
15429.00
15429.26
15429.52
15429.77
15430.29
15430.55
15431.06
15431.58
15431.84
15432.09
15432.61
15432.87
15433.12
15433.64
15433.90
15434.41
15434.93
15435.45
15435.70
15435.96
15436.48
15436.73
15436.99
15437.25
15437.77
15438.28
15438.54
15439.05
15439.57
15440.09
15440.86
15441.12
15441.38
15441.63
15442.15
15442.66
15442.92
15443.44
15443.70
15443.95
15444.47
15444.73
15444.98
15445.24
15445.50
15445.76
15446.02
15446.27
15446.53
15447.05
15447.56
15448.08
15448.59
15449.11
15449.62
15449.88
15450.14
15450.40
15450.91
15451.43
15451.69
15451.95
15452.20
15452.72
15453.23
15453.75
15454.01
15454.27
15454.78
15455.30
15455.81
15456.07
15456.59
15457.10
15457.36
15457.88
15458.39
15458.91
15459.16
15459.68
15459.94
15460.45
15460.71
15460.97
15461.48
15462.00
15462.52
15462.77
15463.29
15464.06
15464.32
15464.84
15465.09
15465.61
15466.12
15466.64
15467.16
15467.41
15467.93
15468.45
15468.70
15469.22
15469.73
15470.51
15471.02
15471.28
15471.80
15472.31
15473.09
15473.34
15473.86
15474.38
15474.89
15475.41
15475.66
15476.18
15476.44
15476.95
15477.73
15478.24
15478.76
15479.27
15479.79
15480.30
15480.82
15481.34
15481.59
15482.11
15482.37
15483.14
15483.66
15483.91
15484.43
15484.95
15485.46
15485.98
15486.49
15486.75
15487.27
15487.78
15488.04
15488.55
15488.81
15489.33
15489.59
15490.10
15490.62
15491.13
15491.65
15492.42
15493.20
15493.97
15494.23
15495.26
15496.03
15496.55
15497.32
15497.84
15498.61
15498.87
15499.12
15499.64
15500.16
15500.41
15500.67
15500.93
15501.45
15502.22
15502.73
15503.25
15504.02
15504.54
15505.57
15506.09
15506.86
15507.12
15507.63
15507.89
15508.41
15508.66
15509.18
15509.95
15510.47
15510.73
15510.98
15511.24
15512.02
15512.53
15513.30
15513.82
15514.08
15514.59
15515.62
15516.14
15516.66
15517.43
15518.20
15518.72
15519.23
15519.49
15520.27
15521.04
15521.55
15522.07
15522.59
15522.84
15523.10
15523.62
15524.39
15525.16
15525.68
15525.94
15526.45
15527.23
15528.00
15528.52
15529.29
15529.80
15530.32
15530.84
15531.09
15531.61
15532.38
15532.90
15533.41
15534.19
15534.70
15535.22
15535.48
15535.99
15536.77
15537.54
15538.05
15538.83
15539.34
15539.86
15540.38
15540.63
15541.15
15541.41
15541.92
15542.18
15542.44
15543.21
15543.73
15544.50
15545.27
15546.05
15546.56
15547.08
15547.34
15548.37
15548.88
15549.40
15549.66
15550.43
15550.95
15551.46
15551.98
15552.49
15553.01
15553.27
15554.04
15554.81
15555.33
15555.84
15556.62
15557.13
15557.65
15558.42
15558.94
15559.71
15560.23
15561.00
15561.52
15562.29
15563.06
15563.32
15564.09
15564.61
15565.38
15565.90
15566.67
15567.19
15567.70
15568.22
15568.73
15568.99
15569.51
15570.28
15570.80
15571.05
15571.83
15572.09
15572.34
15572.86
15573.38
15573.89
15574.41
15574.92
15575.18
15575.70
15575.95
15576.21
15576.73
15577.24
15577.76
15578.53
15579.05
15579.82
15580.59
15581.11
15581.62
15581.88
15582.66
15583.17
15583.43
15583.95
15584.20
15584.98
15585.49
15586.01
15586.27
15586.52
15586.78
15587.30
15587.81
15588.33
15588.84
15589.10
15589.36
15589.88
15590.13
15590.65
15591.16
15591.42
15591.68
15592.20
15592.71
15592.97
15593.23
15593.74
15594.52
15595.29
15595.55
15596.06
15596.84
15597.09
15597.61
15598.12
15598.90
15599.16
15599.67
15599.93
15600.45
15600.96
15601.22
15601.48
15601.99
15602.51
15603.02
15603.28
15603.80
15604.31
15604.83
15605.34
15605.60
15605.86
15606.12
15606.38
15606.89
15607.15
15607.66
15608.18
15608.44
15608.70
15609.21
15609.98
15610.50
15610.76
15611.27
15611.79
15612.05
15612.30
15612.56
15612.82
15613.34
15613.85
15614.11
15614.62
15615.14
15615.40
15615.66
15615.91
15616.17
15616.43
15616.95
15617.20
15617.72
15618.23
15618.49
15619.01
15619.52
15619.78
15620.55
15621.07
15621.84
15622.36
15622.88
15623.39
15623.91
15624.16
15624.42
15624.68
15624.94
15625.20
15625.71
15625.97
15626.48
15626.74
15627.00
15627.52
15627.77
15628.55
15629.06
15629.84
15630.35
15631.12
15631.90
15632.16
15632.67
15632.93
15633.19
15633.70
15633.96
15634.73
15635.25
15636.02
15636.28
15636.54
15636.80
15637.05
15637.31
15637.83
15638.09
15638.34
15638.60
15638.86
15639.12
15639.38
15639.63
15639.89
15640.15
15640.66
15640.92
15641.18
15641.44
15641.70
15641.95
15642.21
15642.73
15643.76
15644.02
15644.27
15644.53
15644.79
15645.30
15645.56
15646.34
15647.11
15647.88
15648.14
15648.40
15649.17
15649.43
15649.95
15650.20
15650.72
15650.98
15651.23
15651.49
15651.75
15652.01
15652.27
15652.52
15652.78
15653.04
15653.55
15653.81
15654.33
15654.59
15655.10
15655.62
15655.88
15656.39
15656.65
15656.91
15657.16
15657.42
15657.94
15658.20
15658.45
15658.71
15658.97
15659.48
15659.74
15660.00
15660.26
15660.52
15660.77
15661.29
15661.80
15662.06
15662.32
15662.58
15662.84
15663.35
15664.12
15664.64
15664.90
15665.16
15665.67
15665.93
15666.19
15666.45
15666.70
15666.96
15667.48
15667.73
15667.99
15668.51
15669.02
15669.80
15670.57
15670.83
15671.09
15671.60
15671.86
15672.38
15672.89
15673.41
15673.92
15674.44
15674.95
15675.73
15676.50
15676.76
15677.27
15678.05
15678.56
15679.08
15679.59
15680.37
15681.14
15681.66
15682.43
15682.69
15682.95
15683.20
15683.46
15683.72
15683.98
15684.23
15684.49
15685.01
15685.27
15685.52
15685.78
15686.30
15686.55
15686.81
15687.33
15687.59
15688.10
15688.36
15688.62
15688.88
15689.39
15689.91
15690.16
15690.42
15690.68
15690.94
15691.20
15691.71
15691.97
15692.48
15692.74
15693.26
15693.52
15693.77
15694.29
15694.80
15695.32
15695.58
15696.09
15696.61
15697.12
15697.38
15697.64
15697.90
15698.16
15698.67
15698.93
15699.19
15699.70
15700.22
15700.73
15700.99
15701.25
15701.77
15702.02
15702.54
15703.05
15703.31
15703.83
15704.34
15704.60
15705.12
15705.38
15705.63
15706.15
15706.92
15707.18
15707.44
15707.95
15708.73
15709.24
15709.50
15710.02
15710.27
15710.79
15711.30
15712.08
15712.34
15712.59
15712.85
15713.62
15714.14
15714.91
15715.17
15715.43
15715.95
15716.46
15717.23
15718.01
15718.52
15718.78
15719.30
15719.55
15720.07
15720.59
15720.84
15721.62
15722.13
15722.39
15722.91
15723.68
15724.20
15724.45
15724.71
15724.97
15725.48
15725.74
15726.00
15726.26
15726.52
15726.77
15727.03
15727.29
15727.80
15728.58
15728.84
15729.35
15729.87
15730.12
15730.64
15731.16
15731.41
15732.19
15733.22
15735.28
15738.63
15740.70
15743.27
15745.85
15748.43
15750.75
15752.81
15755.13
15757.97
15760.55
15762.61
15764.67
15766.99
15768.02
15769.57
15771.38
15771.63
15771.89
15773.18
15774.21
15775.76
15777.05
15778.85
15780.40
15781.43
15782.72
15784.27
15785.81
15786.84
15788.13
15789.42
15790.45
15791.74
15793.55
15794.84
15796.12
15797.41
15798.70
15800.51
15801.80
15803.34
15804.63
15805.92
15806.44
15806.70
15806.95
15807.21
15808.50
15809.27
15810.05
15810.30
15810.56
15811.85
15812.11
15812.37
15812.88
15813.14
15814.43
15814.69
15814.95
15815.20
15815.46
15815.72
15815.98
15816.23
15816.49
15817.27
15818.55
15819.33
15820.62
15822.94
15823.97
15825.00
15826.55
15827.84
15829.38
15830.41
15831.45
15832.48
15834.28
15836.09
15837.63
15838.92
15839.95
15840.73
15842.27
15844.08
15845.11
15846.66
15848.20
15848.98
15850.01
15851.55
15853.36
15854.65
15855.94
15857.48
15859.03
15860.06
15861.87
15863.16
15864.19
15865.22
15866.25
15867.80
15868.83
15870.12
15870.89
15871.92
15873.21
15874.24
15875.27
15876.30
15877.08
15877.85
15878.62
15879.66
15880.95
15882.49
15883.78
15884.81
15886.10
15886.88
15887.13
15887.39
15887.65
15887.91
15888.68
15890.74
15892.55
15893.06
15893.58
15894.09
15894.35
15894.61
15894.87
15895.12
15895.64
15896.16
15896.41
15896.67
15897.19
15898.22
15899.51
15900.02
15900.54
15900.80
15902.86
15903.63
15904.66
15905.18
15905.70
15906.47
15906.98
15907.50
15907.76
15909.82
15910.08
15910.85
15911.88
15913.17
15913.95
15915.23
15916.01
15917.81
15919.10
15920.65
15922.45
15924.00
15926.06
15927.87
15929.16
15931.22
15932.51
15933.02
15933.28
15933.54
15933.80
15934.05
15934.31
15934.83
15935.34
15938.44
15947.20
15955.71
15962.41
15967.05
15973.76
15979.43
15984.84
15990.00
15994.64
15999.28
16003.41
16006.76
16011.14
16015.01
16018.36
16023.52
16029.19
16035.12
16041.56
16047.49
16053.16
16059.35
16063.73
16067.34
16072.50
16076.88
16079.72
16081.01
16083.33
16086.94
16089.77
16091.84
16094.16
16097.77
16100.09
16104.73
16107.56
16109.62
16110.91
16113.49
16113.75
16114.52
16115.81
16116.84
16119.16
16121.74
16123.80
16125.61
16127.67
16129.22
16132.05
16138.50
16143.14
16147.01
16149.59
16152.94
16154.48
16157.58
16159.12
16160.67
16164.28
16165.83
16166.09
16166.60
16167.38
16167.63
16167.89
16168.41
16168.92
16169.18
16169.70
16169.95
16170.21
16170.47
16170.73
16170.98
16177.43
16177.69
16178.98
16180.01
16180.27
16180.78
16181.30
16181.81
16182.33
16182.84
16183.10
16183.62
16184.39
16186.45
16186.97
16188.26
16188.77
16189.03
16190.84
16191.61
16191.87
16192.90
16193.67
16194.19
16194.96
16195.48
16198.83
16202.18
16202.95
16204.24
16205.02
16205.27
16205.53
16206.05
16206.82
16207.85
16208.62
16209.40
16209.91
16210.43
16210.69
16210.95
16212.23
16213.27
16215.33
16216.88
16221.00
16221.77
16222.55
16222.80
16223.06
16223.32
16223.58
16223.84
16224.61
16226.93
16228.73
16231.31
16231.83
16232.60
16232.86
16233.38
16234.66
16235.44
16235.95
16236.21
16237.50
16238.53
16239.82
16241.37
16241.88
16242.66
16242.91
16243.69
16243.95
16244.20
16244.46
16244.72
16248.33
16248.59
16249.36
16249.62
16250.65
16251.68
16251.94
16252.20
16252.45
16252.71
16253.23
16254.26
16255.55
16257.09
16257.35
16257.87
16258.64
16260.19
16260.96
16261.48
16261.73
16261.99
16263.54
16264.83
16266.63
16266.89
16267.15
16267.41
16267.66
16267.92
16268.18
16269.73
16269.98
16270.24
16270.50
16270.76
16271.02
16271.27
16271.79
16272.30
16273.08
16274.62
16274.88
16275.14
16275.40
16275.66
16275.91
16276.17
16276.43
16277.20
16278.23
16278.49
16279.52
16280.04
16280.30
16280.81
16281.07
16281.59
16282.10
16282.36
16282.88
16283.13
16283.39
16283.91
16284.16
16284.68
16285.71
16286.74
16287.00
16287.26
16287.52
16288.55
16288.80
16289.06
16289.32
16289.58
16289.84
16290.61
16291.64
16291.90
16292.41
16293.96
16295.25
16296.54
16299.12
16300.15
16300.41
16300.66
16300.92
16301.18
16301.70
16301.95
16302.98
16303.24
16304.53
16306.08
16306.34
16306.85
16307.37
16307.88
16308.40
16309.17
16309.95
16310.72
16311.49
16312.27
16312.52
16312.78
16313.04
16313.30
16313.55
16313.81
16314.33
16314.84
16315.10
16315.36
16315.62
16316.13
16316.39
16316.91
16317.16
16317.42
16317.94
16318.20
16318.45
16318.71
16318.97
16319.48
16319.74
16320.00
16320.26
16320.52
16321.03
16321.29
16321.55
16322.06
16322.32
16322.58
16323.09
16323.35
16323.61
16324.12
16324.38
16324.90
16325.16
16325.67
16325.93
16326.45
16326.70
16327.22
16327.48
16327.99
16328.25
16328.77
16329.28
16329.54
16330.05
16330.57
16330.83
16331.34
16331.60
16332.12
16332.38
16332.63
16332.89
16333.41
16333.66
16333.92
16334.44
16334.70
16334.95
16335.47
16335.73
16335.98
16336.24
16336.50
16336.76
16337.02
16337.53
16337.79
16338.30
16338.56
16338.82
16339.34
16339.59
16339.85
16340.11
16340.62
16340.88
16341.14
16341.66
16341.91
16342.17
16342.69
16343.20
16343.46
16343.98
16344.49
16344.75
16345.01
16345.52
16346.30
16347.59
16348.62
16348.88
16349.13
16349.39
16349.65
16349.91
16350.16
16350.42
16350.68
16350.94
16351.20
16351.71
16353.00
16353.52
16353.77
16354.03
16354.29
16354.80
16355.06
16355.58
16355.84
16356.35
16357.12
16357.64
16357.90
16358.16
16358.41
16358.67
16358.93
16359.45
16359.96
16360.22
16360.48
16360.99
16362.28
16363.05
16363.31
16363.83
16364.34
16365.63
16366.41
16367.18
16367.44
16367.70
16368.21
16368.47
16370.53
16371.05
16371.82
16373.88
16375.95
16376.72
16376.98
16377.23
16377.49
16377.75
16378.27
16378.52
16379.81
16381.10
16382.13
16383.16
16383.94
16384.45
16385.48
16386.26
16386.52
16386.77
16387.03
16387.80
16388.32
16388.58
16388.84
16389.35
16389.61
16391.16
16391.41
16391.67
16392.19
16392.45
16392.70
16392.96
16393.22
16393.48
16393.99
16394.25
16394.51
16395.28
16396.05
16396.57
16397.34
16397.86
16398.38
16398.89
16399.41
16399.92
16400.44
16400.70
16401.47
16401.98
16402.50
16403.27
16404.05
16404.56
16405.08
16405.85
16406.62
16407.40
16407.91
16408.43
16408.95
16409.46
16409.98
16410.75
16411.52
16412.30
16412.81
16413.59
16414.36
16415.13
16416.16
16416.68
16417.71
16418.48
16418.74
16419.00
16419.26
16419.77
16502.27
16990.31
19090.71
20575.45
22138.57
15745.43
16661.70
15217.55
15219.62
15221.42
15224.00
15226.32
15226.84
15227.87
15229.93
15230.45
15230.96
15231.73
15233.80
15234.05
15235.09
15236.12
15236.89
15237.92
15238.95
15239.98
15241.27
15242.30
15243.59
15244.37
15245.14
15245.91
15246.69
15247.46
15248.23
15249.01
15249.78
15250.55
15251.33
15252.36
15252.88
15253.91
15254.68
15255.45
15256.48
15257.26
15258.03
15258.80
15259.32
15259.58
15259.84
15260.87
15262.16
15263.19
15263.96
15266.54
15268.09
15268.60
15269.12
15270.15
15270.66
15271.18
15271.95
15272.73
15273.50
15274.27
15274.53
15275.56
15276.08
15277.62
15279.43
15280.20
15281.49
15281.75
15282.52
15283.55
15284.33
15284.59
15285.10
15286.13
15286.65
15287.16
15287.68
15287.94
15288.45
15288.97
15289.23
15290.26
15291.03
15292.06
15292.58
15293.61
15294.64
15295.41
15295.67
15296.45
15296.96
15297.22
15297.73
15297.99
15298.25
15299.28
15300.31
15300.57
15301.09
15301.86
15302.12
15302.63
15303.41
15303.66
15303.92
15305.21
15307.02
15307.27
15307.53
15307.79
15308.05
15308.30
15308.56
15308.82
15309.08
15309.34
15309.85
15310.37
15311.66
15313.20
15314.23
15315.01
15316.30
15316.81
15317.59
15318.88
15319.13
15319.39
15319.65
15320.16
15320.42
15320.68
15321.20
15321.45
15322.48
15323.00
15323.77
15325.06
15325.84
15326.61
15327.38
15327.90
15328.67
15329.19
15329.70
15330.73
15330.99
15331.77
15332.80
15334.60
15335.63
15336.41
15337.18
15337.44
15337.95
15338.47
15338.73
15338.98
15339.76
15340.02
15340.53
15340.79
15341.05
15341.30
15341.56
15341.82
15342.08
15342.59
15343.11
15343.37
15343.88
15344.40
15344.66
15344.91
15345.17
15345.69
15345.95
15346.20
15346.72
15346.98
15347.49
15347.75
15348.01
15348.52
15349.30
15349.81
15350.33
15350.59
15350.84
15351.36
15351.62
15352.13
15352.65
15353.16
15353.94
15354.20
15354.71
15355.48
15356.26
15357.03
15357.55
15357.80
15358.32
15358.84
15359.35
15360.12
15360.64
15361.16
15361.41
15363.73
15366.83
15367.09
15372.76
15375.59
15377.66
15382.55
15386.16
15392.87
15397.51
15402.66
15409.62
15416.59
15422.26
15426.90
15432.57
15440.30
15445.98
15453.20
15457.58
15462.22
15467.89
15473.30
15478.98
15483.88
15488.52
15492.90
15499.60
15506.05
15511.98
15517.39
15522.80
15527.96
15533.38
15538.53
15542.40
15547.30
15552.20
15556.06
15560.45
15565.60
15571.02
15576.95
15582.10
15588.55
15594.99
15598.86
15602.21
15607.37
15613.04
15618.45
15624.64
15629.54
15634.18
15635.21
15635.47
15636.24
15636.76
15637.27
15637.79
15639.08
15639.85
15640.11
15640.88
15641.40
15642.17
15642.95
15643.20
15644.23
15644.49
15645.27
15647.33
15649.13
15651.45
15654.03
15655.32
15656.87
15657.90
15658.67
15659.19
15660.22
15660.99
15661.51
15662.28
15662.80
15663.83
15664.34
15665.12
15665.63
15665.89
15666.15
15667.18
15667.95
15668.73
15669.24
15669.76
15670.27
15671.82
15672.34
15672.85
15673.88
15674.40
15675.17
15675.69
15676.46
15677.23
15678.52
15679.30
15680.07
15681.10
15682.13
15683.42
15683.94
15684.45
15684.97
15686.77
15687.55
15688.06
15688.84
15689.61
15690.12
15690.64
15691.16
15691.93
15692.45
15693.22
15693.99
15694.51
15695.28
15696.05
15697.34
15698.12
15698.89
15699.41
15699.92
15700.44
15700.95
15701.73
15702.50
15703.02
15703.27
15704.05
15705.08
15705.85
15706.37
15707.66
15708.69
15709.46
15710.49
15711.52
15712.55
15713.07
15713.59
15714.10
15714.62
15715.13
15715.65
15716.16
15716.68
15717.45
15718.23
15718.74
15719.52
15720.03
15721.06
15721.84
15726.73
15730.34
15732.92
15735.24
15738.85
15741.17
15744.01
15746.59
15749.68
15752.77
15755.87
15757.93
15759.99
15763.86
15766.70
15769.79
15772.11
15774.43
15776.75
15778.81
15781.13
15782.94
15785.26
15788.09
15790.67
15793.25
15795.83
15798.66
15801.24
15803.56
15805.88
15808.20
15810.27
15814.65
15819.29
15823.67
15828.05
15831.92
15834.76
15838.11
15841.20
15844.30
15847.39
15851.00
15853.84
15855.64
15861.31
15862.09
15862.34
15862.60
15862.86
15863.12
15863.38
15863.63
15863.89
15864.15
15864.92
15865.70
15866.21
15867.24
15868.02
15868.53
15869.05
15869.30
15869.56
15869.82
15870.59
15870.85
15873.43
15874.72
15875.75
15876.27
15876.52
15876.78
15877.30
15877.55
15877.81
15878.33
15879.10
15879.62
15880.39
15880.91
15881.16
15881.68
15881.94
15882.20
15882.45
15882.71
15882.97
15883.48
15884.00
15884.26
15884.52
15884.77
15885.03
15885.29
15885.80
15886.06
15886.32
15886.84
15887.35
15887.61
15887.87
15888.12
15888.38
15888.64
15888.90
15889.16
15889.41
15889.67
15889.93
15890.45
15890.96
15891.22
15891.48
15891.73
15892.25
15892.51
15892.77
15893.02
15893.54
15894.05
15894.31
15894.57
15894.83
15895.34
15895.60
15895.86
15896.12
15896.63
15896.89
15897.41
15897.66
15897.92
15898.18
15898.44
15898.70
15898.95
15899.47
15899.73
15899.98
15900.50
15900.76
15901.02
15901.27
15901.53
15901.79
15902.05
15902.30
15902.56
15902.82
15903.59
15903.85
15904.11
15904.37
15904.62
15904.88
15905.14
15905.40
15905.66
15905.91
15906.17
15906.43
15906.69
15906.95
15907.72
15908.49
15908.75
15909.27
15909.78
15910.04
15910.55
15910.81
15911.33
15911.59
15911.84
15912.10
15912.62
15913.13
15913.39
15913.65
15913.91
15914.16
15914.42
15914.68
15914.94
15915.20
15915.45
15915.71
15915.97
15916.23
15916.48
15916.74
15917.26
15917.77
15918.03
15918.29
15918.55
15919.58
15919.84
15920.35
15920.87
15921.38
15922.16
15922.67
15923.70
15924.73
15925.77
15926.80
15927.05
15927.31
15927.57
15927.83
15928.60
15929.12
15929.63
15930.41
15931.18
15931.70
15931.95
15932.21
15932.47
15932.73
15932.98
15933.50
15933.76
15934.02
15934.27
15934.53
15934.79
15935.30
15936.08
15936.34
15936.59
15936.85
15937.11
15937.37
15937.62
15937.88
15938.14
15938.66
15939.17
15939.43
15939.69
15939.95
15940.20
15956.96
15957.22
15957.48
15957.73
15957.99
15958.25
15958.51
15958.77
15959.02
15959.28
15959.54
15959.80
15960.05
15960.31
15960.83
15961.09
15961.34
15961.60
15961.86
15962.12
15962.38
15962.63
15962.89
15963.15
15963.41
15963.66
15963.92
15964.18
15964.44
15964.70
15964.95
15965.21
15965.47
15965.73
15965.98
15966.24
15966.50
15966.76
16192.09
16732.20
17752.37
15808.89
15410.36
16629.04
17428.26
15219.07
15220.36
15221.39
15222.68
15224.75
15226.55
15230.68
15233.25
15234.03
15235.83
15236.86
15237.12
15237.64
15238.15
15238.93
15239.44
15239.96
15240.21
15240.73
15240.99
15241.76
15242.02
15242.28
15242.54
15242.79
15243.57
15244.34
15244.86
15246.40
15247.95
15249.24
15250.27
15251.56
15253.36
15254.39
15255.43
15257.75
15259.55
15261.87
15263.93
15266.77
15268.83
15270.89
15273.99
15277.34
15280.95
15286.36
15295.90
15299.77
15302.61
15304.93
15310.08
15314.21
15317.04
15320.91
15327.10
15327.36
15328.64
15329.93
15331.22
15333.03
15335.86
15336.64
15337.41
15338.18
15338.96
15340.50
15342.31
15346.18
15350.82
15354.68
15358.04
15361.39
15364.74
15367.06
15368.35
15370.93
15374.02
15377.63
15380.98
15384.07
15386.65
15390.26
15393.10
15399.03
15405.47
15409.08
15412.43
15413.72
15415.79
15417.07
15417.85
15418.88
15419.39
15420.68
15424.81
15427.64
15430.74
15433.32
15437.96
15440.54
15444.14
15447.50
15450.59
15452.65
15454.20
15456.00
15457.81
15460.13
15462.71
15465.03
15468.38
15470.96
15472.50
15476.11
15482.04
15482.30
15483.85
15484.36
15485.39
15487.46
15488.75
15494.16
15495.96
15497.51
15499.57
15500.61
15501.38
15502.93
15504.21
15505.50
15506.02
15507.31
15508.34
15509.89
15511.18
15511.43
15511.69
15515.04
15518.65
15520.20
15520.46
15520.97
15522.52
15522.78
15523.55
15526.13
15529.48
15533.35
15538.25
15539.28
15540.82
15542.37
15543.40
15544.95
15545.46
15545.98
15547.01
15548.56
15549.85
15550.88
15552.17
15553.46
15553.71
15555.78
15558.10
15560.42
15562.74
15565.06
15567.38
15569.70
15572.02
15574.08
15576.40
15578.46
15580.53
15582.59
15584.65
15586.46
15589.04
15591.36
15593.42
15595.22
15596.51
15598.32
15600.38
15602.18
15603.99
15605.79
15607.34
15608.63
15609.66
15619.71
15624.87
15625.13
15625.39
15626.16
15628.22
15629.00
15630.54
15633.38
15636.21
15638.02
15640.34
15642.66
15645.24
15649.36
15652.46
15654.52
15656.32
15660.19
15663.29
15665.61
15668.18
15670.25
15672.57
15674.37
15675.40
15675.66
15676.18
15676.95
15677.46
15677.72
15679.01
15679.53
15681.33
15683.65
15685.97
15688.81
15693.71
15694.22
15694.74
15698.35
15702.21
15703.25
15704.02
15704.54
15704.79
15705.05
15705.31
15706.34
15707.11
15708.40
15710.46
15712.01
15713.82
15715.11
15715.62
15717.68
15717.94
15718.46
15719.23
15720.52
15721.04
15721.81
15722.32
15722.84
15723.36
15724.64
15726.19
15727.74
15728.77
15731.35
15734.18
15739.34
15740.37
15741.14
15741.40
15741.66
15742.43
15743.21
15743.72
15744.75
15746.04
15746.82
15749.14
15751.46
15753.52
15754.55
15755.84
15757.13
15757.64
15759.45
15759.96
15760.48
15760.74
15761.25
15762.29
15763.83
15765.12
15767.96
15768.21
15768.47
15768.99
15770.02
15771.05
15772.34
15773.63
15775.69
15777.24
15778.79
15780.85
15785.23
15786.78
15787.55
15789.10
15791.16
15793.22
15795.54
15798.12
15799.67
15800.18
15800.70
15801.73
15804.05
15806.11
15807.92
15809.21
15810.50
15811.27
15812.56
15813.07
15813.59
15814.88
15815.39
15816.68
15817.71
15818.49
15819.00
15819.78
15820.55
15821.07
15821.32
15821.84
15822.36
15822.61
15823.13
15823.39
15823.64
15824.16
15824.42
15824.93
15825.45
15825.96
15826.74
15827.25
15828.80
15830.09
15830.86
15831.38
15831.89
15832.41
15832.67
15832.93
15833.18
15833.70
15834.47
15834.73
15834.99
15835.76
15836.54
15837.82
15838.86
15839.37
15839.63
15840.40
15840.66
15842.46
15842.98
15844.27
15847.36
15848.65
15848.91
15863.61
15863.86
15864.38
15865.67
15865.93
15866.18
15867.21
15867.47
15867.99
15868.76
15869.02
15869.79
15870.31
15870.57
15870.82
15872.37
15877.79
15887.07
15891.45
15895.06
15895.83
15897.64
15898.67
15900.21
15901.50
15903.05
15909.50
15912.59
15914.39
15917.23
15917.75
15918.26
15918.78
15919.29
15920.07
15921.61
15921.87
15923.16
15923.93
15924.71
15926.25
15926.51
15927.29
15929.61
15930.64
15931.15
15933.47
15938.63
15941.46
15943.53
15946.36
15946.88
15947.14
15947.39
15947.91
15948.68
15949.46
15950.49
15951.78
15953.32
15954.87
15955.64
15957.19
15958.74
15960.29
15960.54
15960.80
15961.06
15961.32
15961.57
15961.83
15962.09
15962.35
15963.89
15965.18
15965.70
15965.96
15966.21
15966.47
15967.25
15967.76
15968.28
15968.54
15969.57
15972.66
15974.98
15975.50
15975.75
15976.01
15976.79
15977.04
15977.30
15977.56
15977.82
15978.07
15978.85
15979.11
15980.39
15981.17
15982.46
15982.97
15983.23
15983.75
15984.26
15985.29
15985.81
15986.32
15987.36
15989.93
15990.19
15990.71
15990.96
15991.48
15993.80
15994.32
15995.86
15996.12
15996.64
15996.89
15997.15
15997.41
15997.93
15998.96
16000.25
16001.02
16001.54
16001.79
16002.31
16003.34
16004.63
16004.89
16005.40
16005.66
16006.18
16008.50
16009.53
16009.79
16011.33
16011.85
16012.62
16013.14
16013.91
16014.68
16015.20
16015.46
16015.71
16016.23
16016.75
16017.26
16017.78
16018.55
16019.32
16020.10
16021.13
16021.90
16023.45
16025.00
16025.25
16026.03
16027.06
16028.35
16028.86
16029.64
16029.89
16030.15
16030.67
16031.44
16031.96
16032.99
16033.76
16035.31
16035.57
16035.82
16037.11
16037.89
16038.14
16040.98
16045.88
16047.68
16047.94
16049.23
16049.75
16050.26
16051.29
16051.81
16052.84
16053.87
16054.64
16055.42
16056.19
16056.45
16057.22
16058.25
16058.51
16059.03
16059.80
16060.83
16062.12
16063.41
16064.44
16065.47
16065.73
16065.99
16066.50
16067.02
16067.54
16067.79
16068.05
16068.31
16068.57
16068.82
16069.34
16071.92
16073.46
16074.24
16074.75
16075.53
16076.56
16078.11
16078.62
16078.88
16079.65
16080.43
16080.94
16081.97
16082.49
16083.00
16083.52
16083.78
16084.04
16084.55
16085.32
16085.58
16086.10
16086.87
16088.16
16089.45
16089.71
16091.77
16094.09
16097.70
16099.76
16101.57
16103.11
16105.18
16106.72
16107.75
16109.56
16111.62
16113.94
16114.71
16115.49
16116.52
16117.81
16119.87
16121.68
16122.45
16124.00
16125.29
16126.06
16126.83
16129.15
16132.50
16136.37
16137.66
16141.79
16143.85
16147.20
16149.78
16152.10
16154.93
16159.06
16163.70
16168.60
16171.43
16172.72
16173.24
16173.50
16174.79
16178.14
16178.91
16179.17
16179.68
16180.97
16181.49
16181.75
16182.52
16185.10
16185.61
16185.87
16186.39
16187.93
16188.96
16190.25
16191.80
16192.83
16193.61
16195.15
16198.76
16201.08
16203.40
16208.04
16214.23
16215.00
16215.52
16216.04
16216.55
16219.39
16221.19
16221.71
16223.51
16224.29
16224.80
16225.06
16225.32
16225.57
16225.83
16226.61
16227.89
16228.41
16228.67
16228.93
16229.70
16229.96
16235.89
16237.43
16238.98
16240.79
16242.33
16243.11
16243.36
16243.88
16244.39
16244.91
16245.94
16246.20
16246.46
16246.71
16246.97
16247.23
16247.49
16248.00
16248.78
16249.29
16250.84
16252.13
16253.42
16255.22
16256.25
16257.03
16258.06
16258.32
16258.83
16260.12
16260.89
16261.41
16262.70
16263.47
16263.73
16263.99
16264.25
16264.50
16264.76
16265.02
16265.28
16265.54
16265.79
16266.05
16266.31
16266.57
16267.34
16267.86
16268.11
16268.37
16269.40
16269.92
16270.43
16270.69
16270.95
16271.72
16272.50
16273.01
16275.33
16277.14
16279.20
16282.04
16284.36
16287.19
16290.03
16292.61
16294.93
16295.44
16296.21
16296.47
16298.02
16299.82
16300.86
16302.14
16303.18
16303.43
16303.69
16303.95
16304.46
16306.01
16308.59
16309.62
16309.88
16310.14
16310.39
16310.91
16311.94
16312.20
16312.97
16315.81
16319.68
16322.00
16324.32
16325.35
16326.64
16327.15
16327.67
16328.96
16329.99
16331.54
16333.60
16335.14
16336.95
16338.75
16340.56
16343.91
16345.97
16349.07
16353.45
16356.29
16360.41
16362.73
16363.50
16367.37
16372.53
16373.04
16373.56
16373.82
16374.07
16374.59
16374.85
16375.11
16375.36
16375.62
16376.65
16377.17
16377.94
16378.97
16380.00
16381.81
16382.07
16382.32
16382.58
16382.84
16384.64
16385.93
16386.19
16386.45
16386.71
16386.96
16387.22
16387.48
16387.74
16388.25
16389.03
16391.35
16394.96
16395.21
16395.99
16396.25
16397.54
16398.82
16399.34
16400.11
16400.89
16401.14
16402.43
16403.72
16403.98
16406.04
16407.07
16407.33
16407.85
16408.62
16408.88
16409.14
16409.39
16410.68
16411.46
16413.00
16414.29
16415.58
16417.39
16418.68
16419.96
16421.77
16425.12
16427.96
16429.76
16433.37
16434.40
16435.18
16436.46
16437.75
16438.79
16439.56
16440.07
16440.59
16441.62
16443.17
16443.43
16444.20
16444.46
16445.75
16446.26
16448.07
16448.84
16449.10
16450.13
16450.39
16450.64
16451.68
16452.19
16453.48
16454.77
16460.18
16460.96
16461.47
16461.73
16462.25
16462.50
16462.76
16463.54
16464.05
16464.31
16465.08
16465.86
16468.18
16469.98
16470.24
16470.75
16471.53
16472.04
16472.82
16473.07
16473.33
16475.14
16475.91
16476.68
16477.20
16477.97
16478.75
16480.04
16480.55
16482.36
16482.87
16484.16
16484.93
16485.96
16486.22
16486.48
16486.74
16488.03
16488.80
16490.09
16490.86
16491.38
16492.41
16492.67
16492.93
16493.70
16493.96
16494.47
16495.25
16496.02
16496.54
16497.05
16497.57
16498.34
16498.86
16499.37
16499.89
16500.40
16500.66
16501.18
16501.43
16501.95
16502.21
16502.46
16502.98
16503.75
16504.27
16504.53
16504.79
16505.04
16505.30
16505.56
16505.82
16506.07
16506.85
16508.14
16509.94
16511.75
16512.78
16518.96
16519.22
16520.51
16524.64
16530.05
16531.34
16531.86
16532.11
16533.40
16533.92
16537.01
16540.62
16541.65
16542.94
16543.71
16545.00
16547.84
16548.10
16548.61
16549.64
16550.16
16550.68
16552.48
16553.00
16553.51
16554.03
16554.54
16555.32
16556.09
16558.15
16558.93
16559.18
16559.70
16559.96
16560.21
16560.99
16561.50
16561.76
16562.54
16563.31
16563.82
16564.08
16564.60
16564.86
16565.37
16565.89
16566.92
16567.43
16567.69
16567.95
16568.21
16568.72
16568.98
16569.50
16570.01
16570.53
16571.04
16571.30
16571.82
16572.33
16572.59
16572.85
16573.36
16573.62
16573.88
16574.14
16574.91
16575.17
16575.94
16576.46
16576.97
16577.23
16577.49
16577.75
16578.00
16578.26
16578.52
16579.04
16579.29
16579.55
16579.81
16584.71
16588.06
16590.89
16596.82
16599.40
16601.46
16602.50
16603.27
16604.04
16604.30
16604.82
16605.07
16605.59
16605.85
16608.17
16609.97
16611.52
16612.81
16614.10
16615.39
16615.64
16620.29
16620.54
16622.09
16622.86
16623.12
16624.67
16625.96
16626.99
16628.02
16633.18
16639.11
16644.78
16650.71
16656.89
16663.34
16669.27
16674.94
16681.13
16687.57
16693.50
16699.43
16704.85
16710.78
16716.45
16722.38
16728.57
16735.27
16741.71
16748.16
16754.35
16760.79
16768.01
16774.20
16780.39
16786.57
16793.28
16799.98
16805.91
16812.36
16818.03
16823.96
16829.89
16836.33
16842.26
16847.93
16853.35
16859.28
16865.72
16871.91
16877.58
16883.25
16888.41
16893.31
16898.98
16904.91
16910.84
16916.25
16922.18
16927.86
16933.79
16939.97
16946.68
16953.12
16959.57
16966.27
16972.71
16978.90
16984.83
16991.02
16996.43
17001.85
17007.26
17012.42
17017.83
17023.50
17028.66
17034.33
17040.00
17044.90
17049.29
17054.44
17059.34
17064.75
17069.91
17075.32
17081.00
17085.64
17090.79
17096.21
17101.36
17106.26
17111.68
17117.35
17122.76
17127.92
17133.59
17138.49
17143.64
17148.80
17154.21
17159.11
17164.53
17169.94
17175.10
17180.25
17186.70
17192.37
17198.04
17203.46
17208.87
17213.51
17218.41
17223.82
17228.46
17233.62
17237.23
17242.39
17246.77
17250.64
17255.02
17259.92
17264.30
17269.20
17273.07
17277.96
17282.86
17287.76
17292.66
17298.33
17303.49
17308.13
17312.25
17317.41
17322.05
17327.21
17332.36
17337.26
17342.42
17347.57
17352.47
17357.63
17363.04
17368.71
17373.87
17379.29
17383.93
17388.82
17392.43
17396.56
17400.43
17404.55
17409.45
17413.57
17416.93
17421.57
17425.95
17429.82
17433.94
17437.81
17439.87
17442.71
17445.29
17449.67
17453.79
17458.43
17462.56
17467.20
17471.58
17476.22
17480.35
17482.67
17485.76
17489.37
17493.75
17497.11
17501.49
17505.61
17510.00
17514.12
17519.02
17523.92
17528.56
17533.71
17538.61
17544.80
17551.25
17556.66
17562.07
17565.68
17566.71
17567.75
17568.52
17568.78
17569.04
17569.81
17570.32
17570.58
17571.36
17571.61
17571.87
17572.39
17572.64
17573.16
17573.42
17573.68
17574.19
17575.48
17575.74
17576.25
17577.29
17577.80
17578.32
17579.35
17580.38
17582.44
17584.76
17585.79
17586.31
17586.57
17587.86
17588.63
17590.18
17594.04
17596.36
17599.20
17601.78
17607.19
17611.57
17614.41
17619.05
17619.31
17619.82
17620.34
17620.60
17620.86
17621.11
17621.37
17621.89
17622.14
17622.40
17622.66
17622.92
17623.43
17624.98
17626.01
17627.30
17628.33
17630.65
17631.43
17632.46
17633.49
17634.26
17635.04
17636.32
17637.10
17638.39
17640.45
17640.96
17641.48
17642.25
17642.51
17642.77
17643.29
17643.80
17644.32
17644.83
17645.61
17645.86
17646.12
17646.38
17647.67
17648.70
17649.73
17650.50
17651.54
17652.57
17653.60
17654.37
17655.14
17656.18
17656.95
17657.46
17657.72
17658.24
17659.27
17662.36
17665.71
17667.78
17669.58
17669.84
17670.10
17670.36
17670.61
17670.87
17671.13
17671.64
17671.90
17672.42
17672.93
17673.45
17673.71
17674.22
17675.51
17676.54
17676.80
17677.83
17678.86
17679.38
17680.67
17681.18
17681.96
17682.47
17683.50
17683.76
17684.28
17685.31
17685.82
17686.08
17686.60
17686.86
17687.37
17687.89
17688.14
17688.40
17688.92
17689.18
17689.69
17690.21
17690.98
17691.50
17692.53
17692.79
17693.30
17695.36
17696.14
17696.91
17697.43
17698.20
17698.71
17702.58
17703.10
17703.36
17703.61
17703.87
17704.39
17704.64
17706.19
17706.96
17707.74
17708.00
17708.25
17709.54
17709.80
17711.61
17712.89
17714.18
17714.44
17714.96
17715.21
17715.73
17715.99
17716.25
17716.50
17716.76
17717.02
17717.28
17717.54
17717.79
17718.05
17718.31
17718.57
17718.82
17719.34
17719.60
17719.86
17720.11
17720.63
17720.89
17721.14
17721.40
17721.66
17721.92
17722.18
17722.95
17723.21
17723.46
17723.72
17723.98
17724.24
17724.75
17725.01
17726.04
17726.30
17726.56
17727.07
17727.59
17728.88
17729.91
17730.17
17730.68
17731.20
17732.49
17733.52
17734.55
17735.58
17735.84
17736.10
17736.36
17736.61
17736.87
17737.64
17737.90
17738.16
17739.19
17739.71
17740.22
17740.48
17741.00
17742.03
17744.09
17745.12
17745.38
17745.64
17745.89
17747.96
17751.82
17753.63
17755.18
17755.95
17756.21
17756.72
17756.98
17757.24
17760.33
17762.39
17762.91
17763.17
17764.97
17765.23
17765.75
17766.52
17767.55
17768.07
17768.58
17769.61
17770.39
17770.90
17771.42
17771.68
17772.19
17772.71
17773.22
17773.48
17774.00
17774.25
17774.51
17775.29
17775.80
17776.06
17776.57
17776.83
17777.09
17777.86
17778.64
17779.15
17779.41
17779.93
17780.70
17781.21
17781.73
17782.25
17782.76
17783.02
17783.54
17784.05
17784.82
17785.60
17786.11
17786.89
17787.14
17788.18
17788.43
17788.69
17789.21
17789.46
17789.98
17790.50
17790.75
17791.53
17792.04
17793.33
17794.11
17794.62
17795.14
17795.65
17796.17
17796.43
17796.94
17797.46
17797.97
17798.23
17798.75
17799.52
17800.04
17800.55
17800.81
17801.32
17801.84
17802.36
17802.61
17803.13
17803.39
17804.16
17804.68
17804.93
17805.45
17806.22
17806.48
17806.74
17807.25
17807.51
17808.54
17809.32
17809.83
17810.09
17810.61
17811.38
17811.64
17811.89
17812.41
17812.93
17813.96
17814.21
17814.73
17814.99
17815.50
17815.76
17816.02
17816.54
17817.82
17818.08
17818.34
17818.86
17819.37
17819.89
17820.14
17820.92
17821.43
17821.69
17822.21
17822.46
17822.98
17823.50
17823.75
17824.01
17824.27
17824.53
17825.30
17825.56
17826.07
17827.88
17828.91
17829.94
17830.46
17830.71
17830.97
17831.23
17831.49
17833.04
17833.29
17833.81
17834.07
17834.32
17835.61
17837.16
17838.71
17840.51
17843.61
17846.96
17849.02
17851.86
17854.43
17857.27
17860.11
17863.20
17864.49
17864.75
17865.00
17865.26
17865.52
17865.78
17866.81
17867.07
17867.32
17867.58
17867.84
17868.10
17868.36
17868.61
17868.87
17869.64
17870.16
17870.93
17871.45
17872.22
17872.74
17873.51
17874.29
17875.06
17876.09
17876.86
17877.38
17877.64
17878.67
17879.70
17880.47
17881.25
17882.02
17882.54
17883.31
17883.82
17884.08
17884.34
17884.60
17885.11
17885.37
17885.63
17885.89
17886.14
17886.66
17886.92
17887.18
17888.21
17890.53
17890.79
17891.04
17891.30
17891.56
17892.33
17893.88
17895.94
17898.52
17900.07
17902.13
17903.93
17906.25
17907.54
17908.57
17909.35
17910.38
17912.44
17913.47
17916.31
17917.60
17919.40
17921.21
17921.98
17923.53
17926.11
17926.62
17927.39
17929.71
17930.49
17932.81
17933.07
17933.32
17933.58
17934.10
17934.61
17935.13
17936.42
17936.93
17937.45
17937.71
17937.96
17938.22
17938.48
17938.74
17939.00
17939.25
17940.03
17940.54
17941.06
17941.57
17942.09
17942.86
17943.12
17943.89
17945.18
17945.44
17945.96
17946.21
17947.25
17948.02
17948.28
17948.79
17949.57
17950.60
17950.86
17951.11
17951.37
17951.63
17952.14
17953.69
17954.21
17954.98
17955.50
17956.27
17956.79
17957.30
17957.56
17957.82
17958.07
17958.33
17958.59
17959.11
17959.36
17959.88
17960.39
17960.65
17961.43
17963.23
17964.26
17964.52
17964.78
17965.04
17965.29
17965.81
17967.10
17967.36
17967.61
17967.87
17968.39
17972.51
17973.03
17973.54
17974.32
17974.57
17974.83
17976.12
17976.89
17977.67
17978.44
17979.47
17979.73
17980.50
17981.54
17982.31
17983.08
17984.11
17985.92
17987.21
17987.98
17988.24
17988.50
17988.75
17989.01
17989.27
17989.53
17989.79
17990.04
17990.30
17990.56
17990.82
17991.07
17991.33
17991.59
17992.11
17992.88
17993.39
17993.65
17994.17
17994.43
17994.94
17995.46
17995.71
17995.97
17996.49
17997.00
17997.26
17997.78
17998.04
17998.29
17998.55
18000.61
18001.13
18001.90
18002.42
18002.93
18003.19
18003.71
18004.22
18004.74
18005.00
18005.51
18005.77
18006.29
18006.80
18007.57
18007.83
18008.09
18008.61
18008.86
18009.12
18009.64
18010.15
18010.67
18011.44
18011.70
18011.96
18012.47
18012.99
18013.25
18013.76
18014.28
18016.34
18016.60
18019.43
18023.04
18024.33
18024.59
18024.85
18025.36
18025.62
18026.14
18026.39
18026.65
18026.91
18027.17
18027.43
18027.68
18027.94
18028.20
18028.46
18028.71
18028.97
18029.23
18029.75
18030.26
18030.52
18030.78
18031.04
18031.29
18031.55
18031.81
18032.07
18032.58
18032.84
18033.36
18033.61
18034.13
18034.39
18034.90
18035.16
18035.93
18036.71
18037.48
18038.00
18038.25
18038.51
18038.77
18039.29
18039.80
18040.06
18040.32
18040.83
18041.35
18041.61
18041.86
18042.12
18042.38
18042.64
18043.15
18043.41
18043.67
18043.93
18044.18
18044.44
18044.70
18044.96
18045.21
18045.47
18045.73
18045.99
18046.25
18046.50
18047.02
18047.79
18048.82
18049.34
18049.60
18049.86
18050.11
18050.37
18050.63
18050.89
18051.40
18051.66
18051.92
18052.18
18052.43
18052.95
18054.50
18055.01
18055.53
18056.04
18056.30
18056.56
18057.07
18057.33
18057.59
18057.85
18058.36
18058.62
18059.14
18059.65
18059.91
18061.20
18061.97
18062.23
18062.49
18062.75
18063.00
18063.26
18063.52
18063.78
18064.04
18064.29
18064.81
18065.07
18065.32
18065.58
18065.84
18066.10
18066.36
18066.87
18067.13
18067.39
18067.64
18067.90
18068.16
18068.42
18068.68
18068.93
18069.19
18069.45
18069.71
18069.96
18070.22
18082.60
18082.86
18083.11
18084.66
18085.18
18085.43
18085.69
18085.95
18086.21
18086.46
18086.72
18086.98
18087.24
18087.50
18087.75
18088.01
18088.27
18088.53
18088.79
18089.04
18089.56
18089.82
18090.59
18090.85
18091.11
18091.36
18091.62
18091.88
18092.14
18092.39
18092.65
18092.91
18093.17
18093.43
18093.68
18093.94
18094.20
18094.46
18094.71
18094.97
18095.23
18095.49
18095.75
18096.00
18096.26
18096.52
18096.78
18097.04
18097.29
18097.55
18097.81
18098.07
18098.32
18098.58
18098.84
18099.10
18099.36
18099.61
18099.87
18100.13
18100.39
18100.64
18100.90
18101.16
18101.42
18101.68
18101.93
18102.19
18102.45
18102.71
18102.96
18103.22
18103.48
18104.77
18141.12
18191.65
15218.66
15220.21
15223.30
15227.17
15227.95
15230.52
15232.59
15233.88
15234.13
15234.39
15236.97
15239.80
15240.58
15241.61
15246.51
15253.73
15253.98
15254.76
15255.02
15255.79
15257.08
15258.37
15259.66
15261.72
15263.52
15263.78
15264.04
15264.81
15265.07
15265.33
15265.59
15266.10
15267.13
15269.45
15271.26
15272.29
15273.32
15274.35
15275.90
15277.45
15278.99
15280.28
15281.57
15282.86
15284.41
15286.21
15287.76
15289.30
15290.85
15292.14
15293.69
15295.49
15296.78
15298.33
15299.62
15301.16
15302.97
15304.77
15306.06
15307.61
15308.90
15313.80
15319.21
15321.53
15321.79
15322.56
15322.82
15323.59
15324.37
15325.66
15325.91
15326.43
15327.72
15329.78
15332.10
15333.91
15339.32
15342.16
15344.48
15345.25
15346.02
15346.28
15346.54
15348.60
15350.41
15352.21
15353.76
15357.11
15357.37
15359.43
15363.04
15366.39
15367.16
15369.74
15371.29
15373.61
15375.16
15382.12
15384.70
15384.95
15385.98
15388.82
15391.14
15393.72
15395.27
15397.59
15399.65
15401.45
15403.77
15405.58
15407.38
15409.45
15411.25
15413.57
15414.86
15415.12
15416.41
15418.73
15419.50
15420.27
15421.82
15422.08
15423.11
15424.14
15424.66
15425.69
15426.46
15430.07
15431.10
15432.13
15432.91
15433.68
15434.97
15435.74
15436.52
15437.03
15438.06
15438.84
15439.87
15441.93
15442.96
15443.73
15445.02
15446.05
15446.57
15449.92
15454.05
15457.66
15458.17
15458.69
15463.33
15463.59
15464.88
15466.42
15472.09
15472.35
15472.61
15472.87
15473.90
15475.19
15476.48
15477.51
15478.54
15479.83
15481.38
15482.92
15484.73
15486.27
15488.08
15489.88
15492.20
15494.01
15496.07
15498.65
15506.12
15514.38
15520.30
15526.75
15529.33
15537.06
15546.34
15553.05
15555.11
15555.37
15555.62
15555.88
15556.66
15560.52
15565.16
15567.23
15567.74
15570.06
15572.12
15572.38
15572.90
15573.16
15576.25
15580.63
15581.66
15581.92
15582.18
15587.34
15589.66
15591.20
15591.46
15595.84
15596.36
15597.91
15599.45
15600.74
15601.26
15601.77
15602.80
15606.16
15610.28
15613.89
15618.53
15623.17
15624.46
15624.72
15628.07
15629.62
15632.45
15639.67
15639.93
15641.73
15642.51
15644.31
15648.18
15648.44
15648.70
15649.21
15649.47
15651.27
15653.59
15655.91
15658.23
15660.81
15663.39
15665.45
15667.26
15670.09
15679.63
15681.44
15687.37
15702.32
15704.90
15707.73
15709.02
15711.86
15716.76
15721.14
15726.55
15728.10
15732.48
15738.67
15738.93
15740.48
15741.51
15742.80
15743.31
15743.83
15744.60
15745.63
15746.66
15747.18
15747.70
15748.47
15749.24
15749.76
15751.05
15752.34
15753.11
15753.88
15754.66
15755.43
15756.20
15756.72
15757.49
15758.52
15759.30
15760.59
15761.62
15763.42
15765.48
15765.74
15766.00
15766.26
15766.52
15767.29
15767.55
15767.80
15768.06
15768.32
15770.12
15772.70
15772.96
15773.22
15773.48
15773.73
15775.54
15776.83
15777.34
15779.15
15780.44
15781.98
15782.76
15784.05
15787.91
15788.17
15788.69
15789.46
15790.75
15792.04
15794.62
15796.42
15796.68
15801.06
15801.84
15803.12
15803.64
15806.99
15808.28
15811.38
15813.18
15815.24
15818.34
15820.14
15824.01
15828.39
15828.91
15829.42
15830.71
15832.00
15834.06
15835.09
15836.12
15836.38
15836.64
15836.90
15837.93
15838.45
15838.96
15839.22
15839.48
15839.99
15841.28
15842.83
15843.60
15844.89
15846.18
15846.44
15846.95
15847.21
15847.47
15848.24
15848.76
15849.27
15849.79
15850.05
15850.56
15851.08
15851.34
15852.11
15852.37
15853.14
15853.66
15853.91
15854.43
15855.20
15855.98
15856.23
15856.75
15857.78
15858.04
15858.55
15858.81
15859.84
15860.10
15860.36
15860.62
15860.88
15861.65
15862.16
15863.71
15864.23
15865.00
15865.77
15866.55
15867.58
15868.87
15870.16
15870.41
15870.93
15871.45
15872.22
15873.25
15874.02
15875.05
15876.09
15876.34
15876.60
15877.38
15878.15
15878.66
15879.95
15881.24
15882.53
15883.30
15883.82
15884.85
15885.62
15886.14
15886.66
15887.95
15888.20
15888.46
15888.98
15889.49
15889.75
15890.01
15890.27
15890.52
15890.78
15891.04
15891.30
15891.55
15891.81
15892.07
15892.33
15892.59
15892.84
15893.36
15893.62
15894.13
15894.39
15894.65
15894.91
15895.16
15895.42
15895.68
15896.71
15897.23
15897.48
15897.74
15898.77
15900.32
15902.12
15903.16
15904.70
15905.99
15907.80
15908.83
15910.12
15911.15
15912.70
15913.98
15915.27
15919.14
15922.23
15924.55
15924.81
15925.07
15927.65
15931.00
15933.84
15934.35
15939.25
15940.54
15941.05
15942.34
15943.38
15944.66
15947.24
15951.37
15952.14
15953.17
15953.69
15957.04
15959.10
15960.91
15961.16
15962.20
15965.29
15966.84
15967.87
15969.41
15971.22
15972.77
15974.57
15976.12
15977.41
15978.70
15979.98
15981.27
15983.59
15985.40
15987.20
15989.27
15991.33
15992.36
15993.13
15993.39
15997.26
15997.77
15998.55
16001.38
16002.93
16003.45
16003.70
16005.51
16006.80
16010.41
16011.95
16012.73
16014.02
16014.27
16014.53
16017.88
16018.40
16037.99
16038.25
16038.77
16040.31
16040.83
16044.70
16050.11
16053.46
16055.01
16061.45
16066.87
16067.64
16069.70
16070.73
16071.77
16074.09
16074.86
16075.89
16076.66
16077.70
16078.21
16080.27
16080.53
16080.79
16081.05
16084.40
16089.04
16091.36
16093.16
16095.23
16097.80
16100.38
16102.70
16105.28
16107.86
16110.18
16112.76
16115.34
16117.66
16120.23
16122.55
16125.13
16127.20
16129.52
16130.55
16132.87
16134.67
16135.96
16138.28
16140.34
16142.41
16144.47
16146.53
16148.59
16150.91
16152.98
16154.01
16156.07
16158.13
16159.94
16162.26
16164.06
16164.84
16166.64
16168.70
16170.51
16172.05
16174.12
16176.18
16178.24
16180.05
16182.11
16184.17
16186.23
16188.30
16190.36
16192.42
16194.48
16196.29
16197.06
16199.12
16200.41
16201.45
16202.73
16204.80
16206.86
16208.66
16210.73
16212.53
16214.59
16215.62
16217.95
16218.46
16219.49
16220.52
16221.04
16221.81
16223.10
16224.65
16225.68
16226.97
16228.26
16229.29
16230.58
16232.38
16234.45
16236.25
16238.31
16240.12
16241.98
16244.04
16245.85
16247.91
16249.71
16251.26
16252.55
16253.84
16255.13
16256.68
16258.74
16259.77
16261.06
16262.35
16263.64
16264.67
16265.70
16266.73
16267.76
16269.05
16270.08
16270.86
16271.89
16272.92
16273.95
16274.98
16276.27
16277.82
16279.36
16280.39
16281.43
16282.97
16285.55
16289.42
16294.83
16299.99
16300.76
16302.31
16302.57
16303.34
16305.92
16306.18
16310.04
16313.14
16314.68
16315.97
16316.75
16318.55
16323.19
16323.96
16325.51
16327.06
16327.83
16329.64
16331.18
16333.25
16334.79
16336.86
16337.89
16338.40
16341.24
16342.01
16343.04
16343.56
16344.85
16346.14
16347.68
16348.46
16349.49
16350.78
16351.81
16352.84
16353.87
16354.64
16354.90
16355.16
16355.68
16356.71
16357.74
16358.51
16359.54
16360.32
16361.09
16361.86
16362.64
16363.93
16365.21
16367.02
16369.08
16371.92
16375.01
16376.04
16376.82
16377.59
16378.88
16379.91
16381.97
16383.26
16384.55
16386.10
16387.39
16389.45
16391.51
16392.80
16395.12
16397.44
16399.25
16401.05
16402.34
16404.14
16405.69
16407.75
16409.82
16412.14
16413.43
16414.71
16414.97
16415.49
16416.26
16416.78
16417.29
16417.81
16418.32
16418.58
16419.10
16419.61
16419.87
16420.64
16421.16
16421.42
16421.93
16422.71
16423.22
16423.74
16424.51
16425.29
16426.83
16428.38
16429.15
16430.44
16431.73
16432.50
16433.02
16434.31
16435.86
16436.89
16437.66
16438.43
16439.46
16439.72
16440.75
16441.79
16442.82
16444.62
16446.68
16448.23
16450.04
16452.10
16453.39
16455.19
16456.74
16458.03
16459.32
16460.61
16461.38
16462.93
16463.44
16464.73
16466.28
16467.82
16469.89
16471.43
16472.21
16472.98
16474.53
16476.07
16477.11
16478.65
16478.91
16479.68
16481.23
16482.26
16482.78
16484.07
16484.84
16486.64
16487.93
16488.96
16490.25
16490.77
16491.29
16492.83
16493.86
16494.64
16494.89
16495.41
16495.93
16496.44
16497.21
16497.47
16497.73
16497.99
16498.50
16498.76
16499.79
16500.82
16502.63
16503.92
16504.18
16505.72
16507.27
16507.53
16508.56
16509.07
16509.59
16510.11
16510.88
16512.17
16512.43
16512.94
16514.23
16515.00
16516.29
16516.81
16517.32
16517.58
16518.10
16518.61
16518.87
16519.13
16520.16
16520.42
16521.19
16521.45
16521.96
16522.74
16524.03
16525.83
16527.89
16530.21
16533.05
16533.31
16534.08
16535.11
16540.79
16544.65
16548.00
16550.84
16551.61
16555.22
16556.77
16558.83
16562.96
16566.05
16569.40
16571.46
16572.75
16574.82
16576.62
16582.29
16584.10
16589.25
16596.73
16598.79
16604.46
16605.24
16607.82
16610.14
16611.43
16615.04
16617.10
16617.36
16618.39
16620.96
16623.29
16627.15
16632.05
16633.60
16635.40
16635.92
16638.50
16644.68
16644.94
16645.20
16645.71
16646.23
16648.04
16649.58
16651.39
16652.42
16653.45
16653.71
16654.48
16658.61
16661.70
16662.21
16663.25
16664.02
16665.05
16665.82
16667.11
16668.40
16668.66
16669.18
16670.21
16671.50
16672.53
16673.56
16674.59
16677.43
16682.07
16686.96
16692.12
16692.38
16692.89
16693.41
16693.93
16696.50
16696.76
16697.28
16699.34
16700.11
16702.69
16703.98
16704.24
16704.50
16704.75
16705.53
16707.33
16708.88
16709.14
16709.65
16714.04
16719.96
16720.48
16726.15
16730.54
16732.08
16732.34
16733.63
16736.21
16737.24
16739.30
16739.56
16741.11
16743.17
16744.97
16747.04
16747.55
16747.81
16748.07
16748.58
16749.61
16750.64
16751.42
16752.45
16752.71
16754.00
16757.61
16758.89
16759.15
16762.25
16762.76
16764.82
16765.60
16766.37
16766.89
16767.92
16768.43
16770.75
16773.59
16774.11
16775.14
16775.91
16776.17
16777.46
16779.00
16779.78
16780.29
16781.32
16782.36
16783.13
16783.90
16785.19
16785.96
16786.74
16788.29
16789.57
16792.15
16796.79
16800.40
16808.14
16810.20
16811.49
16811.75
16812.26
16813.55
16815.36
16820.00
16831.60
16833.92
16838.30
16841.91
16842.17
16843.71
16844.75
16845.00
16845.52
16846.04
16847.32
16848.61
16849.39
16850.93
16852.48
16853.77
16855.32
16856.61
16858.15
16859.44
16860.99
16862.54
16864.08
16865.63
16866.66
16868.46
16870.01
16871.30
16872.59
16873.88
16875.43
16876.71
16878.26
16879.29
16880.58
16882.39
16883.93
16884.45
16885.22
16889.09
16892.44
16895.28
16896.05
16896.82
16897.86
16899.40
16901.21
16902.50
16902.75
16903.01
16904.04
16905.59
16913.58
16915.90
16923.89
16927.50
16929.57
16931.37
16933.43
16933.69
16936.27
16936.53
16937.04
16937.82
16938.07
16938.33
16938.59
16938.85
16939.36
16939.62
16940.39
16942.20
16942.97
16943.75
16946.58
16950.19
16953.29
16954.83
16955.35
16955.61
16955.86
16956.12
16956.38
16957.15
16957.41
16957.67
16957.93
16958.44
16958.96
16959.21
16959.47
16960.50
16966.69
16970.82
16971.07
16971.33
16972.88
16975.97
16978.29
16979.07
16979.32
16979.58
16979.84
16982.16
16983.71
16986.29
16986.80
16987.06
16990.15
16994.02
16996.34
16998.14
17001.24
17001.75
17002.79
17003.56
17004.59
17006.65
17006.91
17008.71
17012.07
17014.64
17017.22
17021.86
17029.60
17029.86
17030.11
17032.95
17034.24
17053.57
17054.61
17055.12
17058.99
17060.54
17060.79
17061.82
17062.08
17064.92
17065.18
17065.69
17065.95
17066.46
17066.98
17069.30
17070.07
17071.62
17072.65
17072.91
17073.17
17074.20
17076.52
17079.36
17080.13
17080.64
17081.16
17086.57
17090.70
17099.98
17100.75
17106.43
17110.29
17111.32
17120.09
17127.82
17131.18
17133.24
17139.17
17145.10
17153.86
17157.99
17159.54
17162.89
17166.24
17169.59
17172.43
17175.52
17178.87
17182.22
17185.57
17188.67
17192.02
17192.54
17193.57
17194.60
17195.63
17196.92
17197.95
17198.98
17200.27
17200.79
17201.56
17202.85
17204.14
17204.91
17205.94
17206.97
17207.75
17208.52
17209.29
17210.07
17210.84
17211.87
17212.90
17213.93
17215.22
17216.77
17218.32
17219.61
17220.89
17221.93
17223.21
17224.25
17225.02
17226.05
17227.34
17228.37
17229.40
17230.43
17231.46
17232.24
17233.27
17234.30
17235.59
17236.62
17237.14
17238.17
17238.94
17239.97
17240.49
17241.26
17242.04
17242.81
17243.32
17244.36
17245.90
17247.19
17248.22
17249.00
17250.03
17251.32
17252.09
17252.61
17253.12
17253.64
17254.41
17255.44
17256.47
17257.25
17258.02
17258.79
17259.31
17259.82
17260.60
17261.37
17261.89
17262.40
17263.18
17263.69
17264.46
17265.75
17266.53
17267.04
17268.07
17268.85
17269.36
17269.88
17270.39
17271.17
17271.68
17272.46
17273.23
17273.75
17274.26
17275.04
17275.55
17276.58
17277.36
17278.39
17278.90
17279.68
17280.45
17281.48
17282.25
17283.03
17284.06
17284.83
17285.61
17286.12
17287.15
17287.67
17288.44
17288.96
17289.47
17290.76
17291.54
17292.31
17293.08
17293.86
17294.89
17295.66
17296.43
17297.46
17298.24
17299.01
17299.53
17300.56
17301.33
17302.62
17303.65
17304.43
17305.46
17306.75
17307.26
17308.29
17309.58
17310.61
17311.64
17312.68
17313.71
17314.48
17315.25
17316.03
17317.06
17317.83
17319.12
17320.15
17321.18
17321.70
17322.99
17323.76
17324.79
17325.57
17326.60
17327.63
17328.92
17329.95
17330.72
17331.24
17331.75
17332.79
17333.30
17333.56
17333.82
17334.07
17335.11
17335.62
17336.39
17336.91
17337.68
17338.46
17338.97
17339.49
17340.26
17341.04
17342.07
17342.84
17343.36
17344.13
17344.64
17345.68
17346.19
17347.22
17348.00
17348.77
17349.54
17350.06
17350.57
17350.83
17351.61
17352.38
17352.89
17354.18
17354.44
17355.47
17356.25
17357.28
17357.54
17358.05
17358.57
17359.34
17359.86
17360.37
17361.14
17361.66
17362.43
17362.69
17362.95
17363.46
17363.98
17365.01
17365.53
17366.30
17367.07
17367.85
17368.36
17369.14
17369.65
17370.43
17370.94
17371.46
17372.23
17373.00
17374.04
17374.81
17375.84
17376.87
17378.16
17378.68
17379.71
17380.74
17381.51
17382.29
17383.06
17384.35
17385.12
17386.15
17387.18
17388.21
17389.25
17390.02
17391.31
17392.60
17393.37
17394.40
17395.69
17396.46
17397.50
17398.27
17399.04
17399.56
17400.59
17401.36
17402.14
17403.17
17404.20
17405.23
17406.26
17407.55
17408.32
17409.10
17409.87
17411.16
17411.93
17412.96
17413.74
17414.00
17414.77
17415.03
17415.29
17415.54
17415.80
17416.32
17416.57
17417.09
17417.86
17418.89
17419.67
17420.44
17421.47
17421.99
17422.50
17422.76
17423.79
17425.08
17426.11
17427.14
17427.92
17428.95
17429.72
17430.50
17431.53
17432.56
17433.33
17434.11
17435.14
17436.17
17437.20
17438.23
17438.49
17439.00
17440.04
17440.81
17441.58
17442.36
17442.87
17443.39
17444.42
17445.45
17446.74
17447.51
17448.54
17449.32
17449.83
17450.86
17451.64
17452.15
17452.67
17453.18
17453.70
17453.96
17454.21
17454.73
17454.99
17455.50
17456.02
17456.28
17456.79
17457.57
17457.82
17458.34
17459.37
17460.14
17460.92
17461.69
17462.72
17463.24
17463.75
17464.53
17465.04
17465.56
17466.07
17467.11
17468.14
17468.65
17469.43
17470.71
17471.75
17472.26
17472.52
17472.78
17473.55
17474.32
17474.84
17475.61
17476.39
17477.16
17477.93
17478.71
17479.74
17480.51
17480.77
17481.29
17482.06
17482.83
17483.61
17484.64
17485.67
17486.44
17487.47
17488.76
17489.79
17491.08
17491.60
17492.63
17493.40
17494.18
17495.21
17496.24
17497.01
17498.04
17498.82
17499.59
17499.85
17500.62
17501.65
17502.17
17502.94
17503.97
17504.75
17505.52
17506.29
17506.81
17507.84
17508.10
17508.87
17509.90
17510.68
17511.71
17512.48
17513.25
17514.03
17515.06
17516.09
17516.61
17517.64
17518.41
17519.44
17519.96
17520.73
17520.99
17522.02
17522.28
17522.54
17523.31
17523.82
17524.60
17525.63
17526.40
17527.43
17528.21
17528.98
17529.75
17530.53
17531.04
17531.82
17532.59
17533.36
17534.14
17534.65
17535.43
17536.20
17536.97
17537.75
17538.78
17539.55
17540.58
17541.87
17542.64
17543.42
17544.45
17545.48
17546.25
17547.29
17548.32
17548.83
17549.61
17550.38
17551.15
17551.93
17552.70
17553.21
17553.99
17554.76
17555.79
17556.82
17557.60
17558.63
17559.40
17560.43
17561.21
17561.98
17562.75
17563.53
17564.04
17564.82
17565.59
17566.62
17567.39
17567.91
17568.17
17568.68
17569.20
17569.71
17570.23
17571.00
17571.52
17572.55
17573.32
17574.36
17575.13
17575.90
17576.68
17577.45
17578.22
17579.00
17579.51
17580.29
17580.54
17581.57
17582.35
17583.12
17583.89
17584.67
17584.93
17585.96
17586.47
17586.99
17587.76
17588.79
17589.31
17589.82
17590.34
17591.89
17592.66
17593.69
17594.72
17595.75
17596.79
17597.56
17598.33
17599.62
17600.65
17601.68
17602.46
17603.23
17604.26
17605.29
17606.32
17607.10
17607.87
17608.90
17609.68
17610.45
17611.48
17612.25
17613.03
17614.06
17615.09
17615.86
17616.64
17617.41
17618.44
17618.96
17619.73
17620.76
17621.79
17622.82
17624.11
17626.18
17627.21
17627.98
17629.01
17630.04
17630.30
17630.82
17631.07
17631.33
17632.62
17633.39
17634.17
17635.20
17636.23
17637.78
17638.81
17639.84
17641.13
17642.16
17643.19
17643.96
17645.25
17647.06
17647.57
17648.35
17648.86
17649.64
17651.18
17656.08
17656.34
17657.11
17660.72
17663.04
17664.33
17667.94
17670.78
17673.87
17674.90
17675.42
17676.96
17677.74
17678.25
17679.03
17679.29
17680.32
17682.89
17685.21
17686.76
17688.82
17689.60
17690.37
17691.92
17694.50
17695.53
17696.30
17699.65
17703.78
17707.13
17710.48
17713.83
17715.64
17715.89
17716.93
17718.21
17718.47
17719.25
17720.28
17721.82
17722.60
17727.50
17734.20
17738.58
17738.84
17739.36
17740.39
17742.45
17746.32
17748.12
17748.38
17749.15
17750.70
17750.96
17752.50
17752.76
17753.54
17754.57
17756.37
17758.43
17761.27
17762.04
17762.56
17763.59
17764.11
17764.36
17765.91
17767.46
17770.55
17771.58
17772.36
17774.16
17774.93
17776.48
17778.29
17780.61
17782.93
17784.73
17786.28
17787.82
17791.95
17792.72
17793.50
17793.75
17800.46
17801.75
17804.58
17804.84
17808.71
17808.96
17809.22
17810.77
17814.12
17815.41
17815.67
17815.93
17816.96
17818.25
17818.76
17819.28
17819.54
17821.86
17827.79
17828.56
17828.82
17829.33
17830.88
17832.43
17832.68
17833.71
17835.00
17835.26
17839.39
17842.22
17844.80
17845.57
17846.09
17847.89
17849.70
17852.28
17861.04
17861.30
17861.82
17865.94
17866.97
17867.23
17867.75
17868.52
17869.55
17871.10
17873.93
17877.29
17877.54
17886.82
17887.08
17893.53
17894.82
17897.39
17899.71
17902.04
17904.87
17905.90
17907.45
17909.25
17910.29
17910.54
17911.06
17912.09
17913.38
17914.41
17915.70
17917.25
17918.54
17920.08
17921.37
17922.40
17924.21
17925.50
17926.27
17927.04
17927.82
17928.85
17929.88
17930.91
17931.94
17933.49
17935.29
17937.10
17938.90
17940.71
17942.51
17944.32
17946.12
17947.93
17949.73
17951.54
17953.34
17955.14
17956.95
17958.75
17960.56
17962.62
17964.43
17966.23
17968.04
17970.36
17971.39
17972.68
17973.96
17975.51
17977.06
17979.12
17980.93
17982.73
17984.54
17985.05
17988.66
17989.95
17990.72
17992.53
17994.07
17994.33
17995.36
17997.68
18000.00
18000.26
18000.78
18004.13
18004.64
18008.77
18010.06
18010.83
18011.09
18014.70
18018.05
18019.08
18021.92
18025.01
18030.43
18033.52
18036.87
18038.68
18039.71
18040.48
18040.74
18043.83
18044.09
18044.35
18045.64
18045.89
18046.67
18047.70
18050.79
18053.63
18055.18
18055.95
18057.50
18058.79
18061.62
18062.14
18062.39
18062.65
18063.94
18067.29
18069.10
18070.64
18072.71
18077.86
18078.38
18078.64
18079.15
18079.67
18080.70
18080.96
18081.73
18083.54
18083.79
18084.31
18089.72
18092.30
18101.07
18110.09
18118.08
18125.04
18129.43
18130.71
18134.84
18135.10
18136.13
18139.48
18140.25
18140.51
18140.77
18141.54
18142.06
18142.57
18143.86
18144.89
18150.05
18153.14
18154.18
18155.46
18157.01
18158.82
18161.14
18164.23
18164.75
18165.52
18166.04
18166.55
18167.07
18168.36
18169.39
18170.68
18171.71
18173.00
18175.57
18178.15
18180.21
18182.28
18183.57
18184.08
18185.37
18186.66
18188.46
18189.50
18190.53
18191.04
18192.59
18195.43
18196.20
18196.46
18197.75
18198.26
18198.78
18205.22
18206.77
18207.54
18210.12
18210.38
18210.64
18210.89
18211.41
18211.67
18212.18
18212.70
18213.47
18214.25
18217.08
18219.40
18221.46
18222.24
18224.30
18225.85
18228.43
18229.71
18230.49
18230.75
18235.39
18236.16
18236.93
18240.03
18240.29
18240.80
18241.32
18245.96
18246.73
18247.50
18248.02
18248.54
18249.05
18251.11
18253.95
18262.97
18269.68
18277.67
18284.11
18289.79
18296.49
18303.96
18309.89
18316.08
18316.34
18318.66
18323.56
18324.07
18325.36
18326.14
18328.71
18330.26
18331.04
18332.07
18333.10
18334.13
18335.16
18337.48
18339.54
18341.61
18342.89
18344.18
18345.73
18347.02
18348.57
18349.34
18350.11
18350.89
18351.14
18352.18
18353.46
18356.30
18357.33
18358.88
18359.91
18360.43
18361.46
18361.71
18361.97
18363.00
18363.52
18363.78
18364.81
18365.58
18366.10
18367.13
18368.93
18370.22
18370.74
18371.77
18372.54
18372.80
18373.06
18373.83
18374.61
18375.12
18375.89
18376.67
18377.18
18378.99
18389.30
18400.13
18406.06
18410.18
18413.28
18418.43
18423.07
18426.68
18430.29
18432.61
18437.51
18439.57
18440.86
18442.41
18444.73
18447.05
18448.86
18451.43
18454.01
18455.56
18459.94
18467.16
18471.03
18473.09
18476.70
18478.50
18481.86
18484.43
18486.50
18488.04
18489.85
18492.43
18492.68
18493.71
18494.49
18495.26
18496.29
18497.32
18498.36
18500.68
18506.61
18512.02
18516.40
18519.24
18522.07
18523.62
18527.23
18531.87
18536.51
18543.47
18544.76
18545.28
18546.57
18548.11
18550.18
18551.46
18553.27
18554.56
18555.85
18556.88
18561.00
18565.90
18572.61
18572.86
18573.12
18573.38
18573.64
18579.82
18582.66
18583.43
18584.21
18585.50
18587.82
18589.88
18591.94
18597.87
18603.29
18608.18
18609.99
18613.60
18614.11
18614.89
18617.21
18618.50
18619.27
18619.53
18620.82
18621.07
18621.59
18641.18
18642.21
18643.76
18645.82
18646.08
18647.11
18648.14
18649.43
18650.21
18651.50
18653.04
18654.33
18655.62
18657.17
18658.71
18660.26
18661.81
18663.36
18664.90
18666.45
18668.00
18669.54
18671.09
18672.89
18673.93
18674.70
18675.99
18677.02
18678.31
18679.60
18681.14
18681.66
18682.95
18684.50
18686.04
18687.59
18688.62
18688.88
18689.39
18690.43
18690.68
18694.81
18697.13
18698.68
18698.93
18703.57
18715.95
18718.01
18720.33
18722.91
18724.97
18727.29
18729.61
18732.71
18735.80
18739.93
18746.37
18754.36
18760.81
18765.19
18765.45
18766.22
18767.51
18769.06
18769.83
18770.86
18771.89
18772.15
18772.41
18772.93
18774.47
18776.54
18778.34
18780.40
18782.72
18785.56
18789.68
18792.00
18793.04
18795.10
18796.64
18798.19
18800.51
18802.57
18804.38
18806.18
18807.73
18809.79
18812.11
18815.72
18817.53
18819.59
18821.39
18823.97
18824.23
18825.26
18828.36
18832.22
18836.09
18839.44
18843.31
18847.18
18850.53
18854.14
18857.75
18861.36
18864.71
18868.32
18871.41
18874.50
18877.34
18880.95
18884.30
18887.65
18891.26
18894.36
18897.71
18900.80
18903.89
18907.25
18910.08
18913.18
18916.01
18918.59
18921.17
18923.49
18926.07
18928.64
18929.68
18931.22
18932.25
18934.06
18935.35
18936.64
18938.18
18939.47
18940.76
18942.31
18943.86
18945.66
18947.21
18948.24
18950.30
18952.62
18955.20
18956.75
18958.55
18960.36
18962.68
18964.48
18966.29
18969.38
18970.67
18974.79
18975.05
18975.31
18978.92
18979.18
18979.43
18979.69
18980.21
18984.07
18984.33
18984.59
18986.14
18986.91
18987.68
18988.97
18990.26
18991.81
18993.36
18994.64
18996.19
18997.74
18999.29
19000.57
19002.12
19003.67
19005.21
19006.76
19008.31
19009.86
19011.14
19012.69
19014.24
19015.53
19017.07
19018.62
19019.91
19021.46
19022.75
19023.78
19025.32
19026.87
19028.16
19029.71
19031.25
19032.80
19033.83
19035.38
19036.93
19038.21
19039.50
19041.05
19042.60
19043.89
19045.18
19046.72
19048.01
19049.56
19051.11
19051.88
19052.14
19053.17
19053.43
19054.20
19055.23
19056.26
19057.81
19058.84
19060.13
19060.90
19062.19
19064.00
19065.54
19067.09
19068.89
19070.44
19071.73
19073.28
19074.31
19075.86
19077.40
19078.95
19080.50
19081.01
19081.79
19082.30
19083.33
19084.36
19085.39
19085.65
19085.91
19086.17
19086.68
19092.87
19099.32
19103.70
19107.05
19109.37
19110.40
19111.43
19112.72
19113.75
19115.04
19116.33
19117.36
19118.39
19119.68
19120.71
19122.00
19123.04
19124.07
19125.36
19126.39
19127.42
19128.45
19139.02
19152.17
19167.38
19178.46
19189.29
19198.32
19207.86
19218.17
19228.48
19237.25
19237.50
19239.57
19242.66
19246.01
19252.71
19258.13
19262.77
19266.38
19273.34
19278.75
19287.00
19289.07
19290.61
19290.87
19291.13
19292.68
19295.00
19298.09
19300.41
19300.93
19301.18
19301.44
19301.70
19301.96
19302.73
19303.76
19304.79
19305.57
19306.86
19308.14
19309.43
19310.72
19312.01
19312.79
19313.56
19314.59
19315.36
19316.39
19316.91
19317.94
19318.71
19319.75
19320.78
19321.81
19322.84
19323.61
19324.64
19325.68
19326.71
19327.74
19328.77
19329.80
19331.09
19332.12
19333.41
19334.18
19334.96
19336.25
19337.02
19338.05
19338.82
19339.86
19340.37
19341.14
19342.18
19343.21
19343.98
19344.50
19345.27
19345.53
19345.79
19346.82
19347.85
19348.62
19349.65
19350.43
19351.20
19352.23
19353.52
19354.55
19355.58
19356.61
19357.39
19358.16
19358.93
19359.96
19361.00
19362.54
19364.09
19365.89
19367.18
19368.21
19369.25
19370.28
19371.31
19372.34
19373.37
19374.40
19375.18
19376.21
19377.24
19378.01
19379.04
19380.33
19381.11
19381.88
19382.91
19383.94
19384.71
19385.49
19386.52
19387.55
19388.58
19389.61
19390.39
19391.42
19392.45
19393.22
19393.48
19395.03
19395.54
19397.09
19400.70
19405.34
19408.43
19412.56
19414.36
19418.75
19424.16
19432.93
19439.63
19445.04
19446.59
19447.11
19447.88
19448.14
19449.17
19450.46
19451.75
19453.55
19455.61
19459.74
19461.54
19463.09
19464.64
19465.15
19465.67
19466.18
19466.70
19467.21
19469.54
19470.31
19471.08
19472.89
19476.50
19478.56
19480.11
19482.68
19484.49
19486.04
19486.55
19488.10
19489.39
19490.68
19491.96
19492.48
19493.00
19497.89
19500.47
19500.99
19502.02
19505.37
19506.66
19506.92
19513.36
19521.61
19528.57
19534.50
19540.95
19547.39
19552.81
19557.45
19563.38
19569.31
19574.46
19580.14
19584.52
19586.84
19588.64
19590.19
19591.48
19591.74
19592.51
19592.77
19593.29
19594.06
19594.83
19595.61
19596.64
19597.67
19598.44
19599.47
19600.25
19601.28
19602.31
19603.34
19604.37
19605.14
19606.18
19607.21
19608.24
19609.27
19610.30
19611.33
19612.36
19613.39
19614.43
19615.20
19616.23
19617.26
19618.29
19619.07
19620.10
19621.13
19622.16
19622.93
19623.96
19625.00
19625.77
19626.80
19627.83
19628.86
19629.89
19630.93
19631.96
19632.73
19633.76
19634.54
19635.57
19636.60
19637.37
19638.40
19639.43
19640.46
19641.24
19642.27
19643.30
19644.33
19645.11
19646.14
19646.91
19647.68
19648.71
19649.75
19650.78
19651.55
19652.58
19653.36
19654.39
19655.42
19656.45
19657.48
19658.51
19659.29
19660.06
19660.83
19661.61
19662.12
19662.89
19663.67
19664.18
19664.96
19667.02
19668.82
19669.60
19669.86
19670.11
19672.69
19672.95
19673.98
19674.24
19675.27
19677.07
19679.91
19682.23
19684.81
19686.10
19687.39
19688.42
19689.71
19691.00
19692.29
19693.57
19695.12
19696.41
19696.93
19697.70
19698.73
19700.02
19701.05
19702.08
19703.89
19705.18
19706.21
19707.24
19708.27
19709.30
19710.59
19712.14
19713.17
19714.20
19715.75
19718.32
19718.58
19719.87
19720.13
19720.64
19720.90
19722.45
19722.96
19725.80
19729.15
19731.99
19734.57
19737.40
19737.66
19737.92
19738.18
19738.43
19738.95
19739.46
19739.72
19740.24
19740.75
19741.27
19741.53
19744.11
19745.39
19745.91
19748.49
19749.26
19749.52
19750.04
19750.29
19751.32
19753.64
19755.71
19757.00
19759.06
19760.86
19764.21
19766.28
19768.60
19771.43
19774.79
19778.39
19782.00
19785.61
19788.71
19791.80
19795.41
19799.28
19802.89
19806.75
19810.62
19813.97
19817.32
19820.93
19824.54
19827.89
19830.99
19833.82
19836.92
19840.27
19843.62
19846.71
19850.07
19853.68
19856.77
19859.86
19862.70
19865.79
19867.86
19870.43
19873.01
19875.07
19877.39
19879.97
19882.81
19885.39
19888.22
19889.00
19889.51
19890.03
19891.57
19894.41
19894.67
19897.50
19900.08
19900.34
19900.60
19900.86
19901.11
19903.69
19907.04
19908.59
19909.88
19911.68
19912.46
19913.23
19913.49
19916.07
19918.39
19920.19
19920.96
19921.74
19923.54
19924.32
19924.57
19924.83
19925.09
19925.35
19925.86
19926.12
19926.38
19926.89
19927.15
19927.41
19927.67
19928.18
19928.44
19929.21
19933.34
19935.92
19938.24
19940.56
19945.20
19947.26
19949.32
19951.39
19953.19
19955.77
19958.35
19961.44
19963.50
19965.31
19968.66
19972.01
19975.88
19977.17
19977.43
19978.97
19980.78
19981.55
19983.61
19984.90
19986.19
19986.45
19988.77
19992.89
19998.05
19998.82
19999.60
20000.89
20003.46
20005.53
20007.07
20007.33
20009.14
20011.71
20013.78
20018.68
20024.86
20032.08
20035.43
20035.69
20035.95
20038.01
20040.33
20045.23
20048.32
20048.84
20049.10
20049.87
20050.13
20051.68
20053.74
20055.80
20058.12
20058.38
20058.64
20059.41
20062.50
20066.37
20071.01
20075.14
20075.65
20078.49
20082.36
20082.87
20084.93
20087.25
20088.54
20089.83
20091.89
20093.70
20095.25
20095.76
20096.02
20096.28
20097.05
20098.08
20099.11
20099.63
20099.89
20100.40
20100.66
20100.92
20101.18
20101.43
20101.69
20102.21
20102.72
20103.50
20104.01
20104.79
20106.85
20107.62
20107.88
20108.14
20111.75
20113.04
20114.07
20115.10
20116.39
20116.90
20117.68
20119.74
20120.25
20120.77
20121.03
20121.54
20122.32
20123.35
20123.86
20125.41
20125.93
20126.70
20127.21
20127.47
20129.02
20131.86
20132.89
20134.43
20136.24
20136.75
20137.01
20137.27
20137.53
20138.30
20138.82
20139.33
20140.11
20140.62
20141.39
20141.91
20142.94
20143.97
20144.49
20144.75
20145.26
20146.04
20146.29
20163.31
20163.57
20165.89
20168.21
20168.46
20169.75
20171.30
20173.36
20173.88
20175.94
20179.29
20181.87
20182.39
20182.64
20182.90
20183.16
20183.42
20183.93
20186.00
20187.03
20187.29
20187.54
20187.80
20188.06
20188.32
20188.83
20189.09
20191.15
20191.67
20192.18
20193.47
20196.31
20197.86
20198.89
20200.18
20201.46
20201.72
20202.50
20203.79
20205.59
20206.11
20209.20
20213.07
20214.61
20215.39
20216.68
20219.25
20220.54
20221.32
20221.57
20222.61
20222.86
20223.12
20223.64
20223.89
20227.25
20227.76
20228.02
20228.28
20228.54
20229.31
20232.14
20233.69
20236.01
20237.82
20240.14
20241.94
20243.75
20245.55
20246.58
20246.84
20247.36
20247.87
20248.39
20249.68
20250.45
20251.22
20251.74
20252.77
20255.35
20256.12
20256.89
20258.44
20259.47
20261.02
20263.86
20264.37
20265.14
20266.18
20267.46
20267.72
20268.75
20270.56
20273.91
20274.43
20274.68
20275.20
20275.46
20275.71
20276.75
20277.52
20279.07
20279.84
20280.36
20281.39
20281.64
20282.93
20283.71
20284.74
20285.51
20287.06
20289.12
20290.15
20291.44
20291.70
20292.21
20292.47
20292.73
20294.02
20296.34
20297.89
20298.66
20298.92
20299.18
20299.43
20299.69
20299.95
20304.07
20305.11
20305.88
20307.43
20310.26
20312.32
20313.10
20314.13
20315.42
20318.51
20319.54
20320.06
20320.57
20321.61
20322.12
20322.38
20322.64
20322.89
20323.41
20324.96
20326.25
20327.02
20327.79
20328.05
20328.82
20329.34
20329.60
20330.89
20332.69
20334.75
20337.33
20340.43
20342.49
20351.77
20354.86
20355.89
20356.15
20356.67
20356.93
20357.70
20358.73
20359.76
20360.02
20360.28
20360.54
20360.79
20361.82
20364.14
20365.18
20369.04
20371.88
20372.14
20372.65
20373.17
20373.43
20373.94
20374.20
20374.71
20375.75
20376.00
20376.26
20377.29
20378.32
20379.10
20380.39
20380.90
20381.68
20382.19
20382.71
20382.96
20383.74
20385.29
20385.80
20388.12
20390.18
20390.70
20391.47
20393.54
20395.60
20396.89
20398.43
20399.46
20399.98
20402.56
20402.82
20403.07
20403.85
20404.62
20404.88
20405.91
20407.20
20407.97
20409.26
20410.29
20411.07
20412.10
20413.64
20415.19
20415.96
20417.00
20418.29
20419.32
20420.09
20420.61
20420.86
20421.38
20421.89
20422.93
20423.44
20424.73
20425.25
20426.02
20426.79
20428.08
20429.11
20429.63
20429.89
20430.66
20431.18
20432.21
20433.75
20434.27
20435.04
20435.30
20435.56
20436.85
20437.36
20437.88
20438.14
20438.39
20438.91
20440.20
20441.49
20442.26
20442.78
20443.04
20443.29
20443.55
20444.07
20444.32
20444.58
20445.36
20445.61
20446.13
20446.39
20449.48
20451.54
20452.06
20452.32
20452.83
20453.35
20455.41
20457.21
20457.73
20459.02
20460.05
20461.60
20462.89
20464.43
20468.04
20469.07
20469.33
20470.62
20470.88
20471.65
20472.94
20475.26
20477.58
20480.16
20480.42
20481.96
20483.51
20483.77
20484.03
20484.29
20484.54
20486.09
20487.64
20489.18
20490.73
20494.08
20495.89
20496.66
20498.21
20499.75
20502.07
20504.14
20505.43
20507.49
20509.04
20510.07
20511.10
20512.64
20513.93
20515.48
20517.54
20519.09
20521.67
20523.99
20525.28
20526.57
20527.08
20527.60
20528.11
20528.37
20528.63
20529.14
20530.95
20531.21
20535.59
20537.14
20537.39
20537.91
20538.17
20538.43
20538.68
20538.94
20539.20
20539.46
20539.71
20540.23
20540.49
20540.75
20541.00
20541.52
20542.29
20542.55
20542.81
20543.07
20543.32
20543.58
20544.10
20547.96
20554.93
20561.63
20567.56
20568.85
20569.11
20569.36
20569.62
20569.88
20570.14
20570.65
20571.17
20571.43
20571.94
20572.20
20572.71
20573.49
20573.75
20574.00
20574.52
20575.04
20575.55
20576.07
20576.32
20576.58
20577.10
20577.36
20577.61
20577.87
20578.13
20578.39
20579.16
20579.42
20579.68
20579.93
20580.19
20580.45
20580.71
20580.96
20581.22
20581.48
20581.74
20582.00
20582.51
20582.77
20583.03
20583.29
20583.54
20583.80
20584.06
20584.32
20584.57
20584.83
20585.09
20585.35
20585.61
20585.86
20586.38
20586.64
20586.89
20587.41
20587.93
20588.44
20589.73
20589.99
20590.25
20590.50
20591.02
20591.54
20591.79
20592.05
20592.57
20592.82
20593.34
20593.86
20594.11
20594.37
20594.63
20594.89
20596.95
20600.04
20603.91
20605.97
20606.23
20606.49
20606.75
20607.00
20607.26
20607.78
20608.55
20610.10
20611.39
20611.64
20611.90
20612.16
20612.42
20612.68
20612.93
20613.45
20613.71
20613.96
20614.22
20614.48
20614.74
20615.00
20615.25
20615.51
20615.77
20616.03
20616.29
20616.54
20616.80
20617.06
20617.32
20617.57
20618.09
20618.61
20618.86
20619.12
20619.89
20620.15
20620.67
20621.44
20621.70
20621.96
20622.21
20622.73
20622.99
20623.25
20623.50
20623.76
20624.02
20624.28
20624.54
20624.79
20625.05
20625.31
20625.57
20625.82
20626.08
20626.34
21013.83
21420.40
23456.61
24666.26
26113.88
15700.32
16601.64
17257.77
15217.50
15217.76
15218.02
15218.28
15218.54
15218.79
15219.05
15219.31
15219.57
15219.82
15220.08
15220.34
15220.60
15220.86
15221.11
15221.37
15221.63
15221.89
15222.14
15222.40
15222.66
15222.92
15223.18
15223.43
15223.69
15223.95
15224.21
15224.46
15224.72
15224.98
15225.24
15225.50
15225.75
15226.01
15226.27
15226.53
15226.79
15227.04
15227.30
15227.56
15227.82
15228.07
15228.33
15228.59
15228.85
15229.11
15229.36
15229.62
15229.88
15230.14
15230.39
15230.65
15230.91
15231.17
15231.43
15231.68
15231.94
15232.20
15232.46
15232.71
15232.97
15233.23
15233.49
15233.75
15234.00
15234.26
15234.52
15234.78
15235.04
15235.29
15235.55
15235.81
15236.07
15236.32
15236.58
15236.84
15237.10
15237.36
15237.61
15237.87
15238.13
15238.39
15238.64
15238.90
15239.16
15239.42
15239.68
15239.93
15240.45
15240.71
15240.96
15241.22
15241.48
15241.74
15242.00
15242.25
15242.51
15242.77
15243.03
15243.29
15243.54
15243.80
15244.06
15244.32
15244.57
15244.83
15245.09
15245.35
15245.61
15245.86
15246.12
15246.38
15246.64
15246.89
15247.15
15247.41
15247.67
15247.93
15248.18
15248.44
15248.70
15248.96
15249.21
15249.47
15249.73
15249.99
15250.25
15250.50
15250.76
15251.02
15251.28
15251.54
15251.79
15252.31
15252.57
15252.82
15253.08
15253.34
15253.60
15253.86
15254.11
15254.37
15254.63
15254.89
15255.14
15255.40
15255.66
15255.92
15256.18
15256.43
15256.69
15256.95
15257.21
15257.46
15257.72
15257.98
15258.24
15258.50
15258.75
15259.01
15259.27
15259.53
15259.79
15260.04
15260.30
15260.56
15260.82
15261.07
15261.33
15261.59
15261.85
15262.11
15262.36
15262.62
15262.88
15263.14
15263.39
15263.65
15263.91
15264.17
15264.43
15264.68
15264.94
15265.20
15265.46
15265.71
15265.97
15266.23
15266.49
15266.75
15267.00
15267.26
15267.52
15267.78
15268.04
15268.29
15268.55
15268.81
15269.07
15269.32
15269.58
15269.84
15270.10
15270.36
15270.61
15270.87
15271.39
15271.64
15271.90
15272.16
15272.42
15272.68
15272.93
15273.19
15273.45
15273.71
15273.96
15274.22
15274.48
15274.74
15275.00
15275.25
15275.51
15275.77
15276.03
15276.29
15276.54
15276.80
15277.06
15277.32
15277.57
15277.83
15278.09
15278.35
15278.61
15278.86
15279.12
15279.38
15279.64
15280.15
15280.41
15280.67
15280.93
15281.18
15281.44
15281.70
15281.96
15282.21
15282.47
15282.73
15282.99
15283.25
15283.50
15283.76
15284.02
15284.28
15284.54
15284.79
15285.05
15285.31
15285.57
15285.82
15286.08
15286.34
15286.60
15286.86
15287.11
15287.37
15287.63
15287.89
15288.14
15288.40
15288.66
15288.92
15289.18
15289.43
15289.69
15289.95
15290.21
15290.46
15290.72
15290.98
15291.24
15291.50
15291.75
15292.01
15292.27
15292.53
15292.79
15293.04
15293.30
15293.56
15293.82
15294.07
15294.33
15294.59
15294.85
15295.11
15295.36
15295.62
15295.88
15296.14
15296.39
15296.65
15296.91
15297.17
15297.43
15297.68
15297.94
15298.20
15298.46
15298.71
15298.97
15299.23
15299.49
15299.75
15300.00
15300.26
15300.52
15300.78
15301.04
15301.29
15301.55
15301.81
15302.07
15302.32
15302.58
15302.84
15303.36
15303.61
15303.87
15304.13
15304.39
15304.64
15304.90
15305.16
15305.42
15305.68
15305.93
15306.19
15306.45
15306.71
15306.96
15307.22
15307.48
15307.74
15308.00
15308.25
15308.51
15308.77
15309.03
15309.29
15309.54
15309.80
15310.06
15310.32
15310.57
15310.83
15311.09
15311.35
15311.61
15311.86
15312.38
15312.64
15312.89
15313.15
15313.41
15313.67
15313.93
15314.18
15314.44
15314.70
15314.96
15315.21
15315.47
15315.73
15315.99
15316.25
15316.50
15316.76
15317.02
15317.28
15317.54
15317.79
15318.05
15318.31
15318.57
15318.82
15319.08
15319.34
15319.60
15319.86
15320.11
15320.37
15320.63
15320.89
15321.14
15321.40
15321.66
15321.92
15322.18
15322.43
15322.69
15322.95
15323.21
15323.46
15323.72
15323.98
15324.24
15324.50
15324.75
15325.01
15325.27
15325.53
15325.79
15326.04
15326.30
15326.56
15326.82
15327.07
15327.33
15327.59
15327.85
15328.11
15328.36
15328.62
15328.88
15329.14
15329.39
15329.65
15329.91
15330.17
15330.43
15330.68
15330.94
15331.20
15331.46
15331.71
15331.97
15332.23
15332.49
15332.75
15333.00
15333.26
15333.52
15333.78
15334.04
15334.29
15334.55
15334.81
15335.07
15335.32
15335.58
15335.84
15336.10
15336.36
15336.61
15336.87
15337.13
15337.39
15337.64
15337.90
15338.16
15338.42
15338.68
15338.93
15339.19
15339.45
15339.96
15340.22
15340.48
15340.74
15341.00
15341.25
15341.51
15341.77
15342.03
15342.29
15342.54
15342.80
15343.06
15343.32
15343.57
15343.83
15344.09
15344.35
15344.61
15344.86
15345.12
15345.38
15345.64
15345.89
15346.15
15346.41
15346.67
15346.93
15347.18
15347.44
15347.70
15347.96
15348.21
15348.47
15348.73
15348.99
15349.25
15349.50
15349.76
15350.02
15350.28
15350.54
15350.79
15351.05
15351.31
15351.57
15351.82
15352.08
15352.34
15352.60
15352.86
15353.11
15353.37
15353.63
15353.89
15354.14
15354.40
15354.66
15354.92
15355.18
15355.43
15355.69
15355.95
15356.21
15356.46
15356.72
15356.98
15357.24
15357.50
15357.75
15358.01
15358.27
15358.53
15358.79
15359.04
15359.30
15359.56
15359.82
15360.07
15360.33
15360.59
15360.85
15361.11
15361.36
15361.62
15361.88
15362.14
15362.39
15362.65
15362.91
15363.17
15363.43
15363.68
15363.94
15364.20
15364.46
15364.71
15364.97
15365.23
15365.49
15365.75
15366.00
15366.26
15366.52
15366.78
15367.04
15367.29
15367.55
15367.81
15368.07
15368.32
15368.58
15368.84
15369.10
15369.36
15369.61
15369.87
15370.13
15370.39
15370.64
15370.90
15371.16
15371.42
15371.68
15371.93
15372.19
15372.45
15372.71
15372.96
15373.22
15373.48
15373.74
15374.00
15374.25
15374.51
15374.77
15375.03
15375.29
15375.54
15375.80
15376.06
15376.32
15376.57
15376.83
15377.09
15377.35
15377.61
15377.86
15378.12
15378.38
15378.64
15378.89
15379.15
15379.41
15379.67
15379.93
15380.18
15380.44
15380.70
15380.96
15381.21
15381.47
15381.73
15381.99
15382.25
15382.50
15382.76
15383.02
15383.28
15383.54
15383.79
15384.05
15384.31
15384.57
15384.82
15385.08
15385.34
15385.60
15385.86
15386.11
15386.37
15386.63
15386.89
15387.14
15387.40
15387.66
15387.92
15388.18
15388.43
15388.69
15388.95
15389.21
15389.46
15389.72
15389.98
15390.24
15390.50
15390.75
15391.01
15391.27
15391.53
15391.79
15392.04
15392.30
15392.56
15392.82
15393.07
15393.33
15393.59
15393.85
15394.11
15394.36
15394.62
15394.88
15395.14
15395.39
15395.65
15395.91
15396.17
15396.43
15396.68
15396.94
15397.20
15397.46
15397.71
15397.97
15398.23
15398.49
15398.75
15399.00
15399.26
15399.52
15399.78
15400.04
15400.29
15400.55
15400.81
15401.07
15401.32
15401.58
15401.84
15402.10
15402.36
15402.61
15402.87
15403.13
15403.39
15403.64
15403.90
15404.16
15404.42
15404.68
15404.93
15405.19
15405.45
15405.71
15405.96
15406.22
15406.48
15406.74
15407.00
15407.25
15407.51
15407.77
15408.03
15408.29
15408.54
15408.80
15409.06
15409.32
15409.57
15409.83
15410.09
15410.35
15410.61
15410.86
15411.12
15411.38
15411.64
15411.89
15412.15
15412.41
15412.67
15412.93
15413.18
15413.44
15413.70
15413.96
15414.21
15414.47
15414.73
15414.99
15415.25
15415.50
15415.76
15416.02
15416.28
15416.54
15416.79
15417.05
15417.31
15417.57
15417.82
15418.08
15418.34
15418.60
15418.86
15419.11
15419.37
15419.63
15419.89
15420.14
15420.40
15420.66
15420.92
15421.18
15421.43
15421.69
15421.95
15422.21
15422.46
15422.72
15422.98
15423.24
15423.50
15423.75
15424.01
15424.27
15424.53
15424.79
15425.04
15425.30
15425.56
15425.82
15426.07
15426.33
15426.85
15427.11
15427.36
15427.62
15427.88
15428.14
15428.39
15428.65
15428.91
15429.17
15429.43
15429.68
15429.94
15430.20
15430.46
15430.71
15430.97
15431.23
15431.49
15431.75
15432.00
15432.26
15432.52
15432.78
15433.04
15433.29
15433.55
15433.81
15434.07
15434.32
15434.58
15434.84
15435.10
15435.36
15435.61
15435.87
15436.13
15436.39
15436.64
15436.90
15437.16
15437.42
15437.68
15437.93
15438.19
15438.45
15438.71
15438.96
15439.22
15439.48
15439.74
15440.00
15440.25
15440.51
15440.77
15441.03
15441.29
15441.54
15441.80
15442.06
15442.32
15442.57
15442.83
15443.09
15443.35
15443.61
15443.86
15444.12
15444.38
15444.64
15444.89
15445.15
15445.41
15445.67
15445.93
15446.18
15446.44
15446.70
15446.96
15447.21
15447.47
15447.73
15447.99
15448.25
15448.50
15448.76
15449.02
15449.54
15449.79
15450.05
15450.31
15450.57
15450.82
15451.08
15451.34
15451.60
15451.86
15452.11
15452.37
15452.63
15452.89
15453.14
15453.40
15453.66
15453.92
15454.18
15454.43
15454.69
15454.95
15455.21
15455.46
15455.72
15455.98
15456.24
15456.50
15456.75
15457.01
15457.27
15457.53
15458.04
15458.30
15458.56
15458.82
15459.07
15459.33
15459.85
15460.11
15460.36
15460.62
15461.14
15461.39
15461.65
15461.91
15462.17
15462.43
15462.68
15462.94
15463.20
15463.46
15463.71
15463.97
15464.23
15464.49
15464.75
15465.00
15465.26
15465.52
15465.78
15466.04
15466.29
15466.55
15466.81
15467.07
15467.32
15467.58
15467.84
15468.10
15468.36
15468.61
15468.87
15469.13
15469.39
15469.64
15469.90
15470.42
15470.68
15470.93
15471.19
15471.45
15471.71
15471.96
15472.22
15472.48
15472.74
15473.00
15473.25
15473.51
15473.77
15474.03
15474.29
15474.54
15474.80
15475.06
15475.32
15475.57
15475.83
15476.09
15476.35
15476.61
15476.86
15477.12
15477.38
15477.64
15477.89
15478.15
15478.41
15478.67
15478.93
15479.18
15479.44
15479.70
15479.96
15480.21
15480.47
15480.73
15480.99
15481.25
15481.50
15481.76
15482.02
15482.28
15482.54
15482.79
15483.05
15483.31
15483.57
15483.82
15484.08
15484.34
15484.60
15484.86
15485.11
15485.37
15485.63
15485.89
15486.14
15486.40
15486.66
15486.92
15487.18
15487.43
15487.69
15487.95
15488.21
15488.46
15488.72
15488.98
15489.24
15489.50
15489.75
15490.01
15490.27
15490.53
15490.79
15491.04
15491.30
15491.56
15491.82
15492.07
15492.33
15492.59
15492.85
15493.11
15493.36
15493.62
15493.88
15494.14
15494.39
15494.65
15494.91
15495.17
15495.43
15495.68
15495.94
15496.20
15496.46
15496.71
15496.97
15497.23
15497.49
15497.75
15498.00
15498.26
15498.52
15498.78
15499.04
15499.29
15499.55
15499.81
15500.07
15500.32
15500.58
15500.84
15501.10
15501.36
15501.61
15501.87
15502.13
15502.39
15502.64
15502.90
15503.16
15503.42
15503.68
15503.93
15504.19
15504.45
15504.71
15504.96
15505.22
15505.48
15505.74
15506.00
15506.25
15506.51
15506.77
15507.03
15507.29
15507.54
15507.80
15508.06
15508.32
15508.57
15508.83
15509.09
15509.35
15509.61
15509.86
15510.12
15510.64
15510.89
15511.15
15511.41
15511.67
15511.93
15512.18
15512.44
15512.70
15512.96
15513.21
15513.47
15513.73
15513.99
15514.25
15514.50
15514.76
15515.02
15515.28
15515.54
15515.79
15516.05
15516.31
15516.57
15516.82
15517.08
15517.34
15517.60
15517.86
15518.11
15518.37
15518.63
15518.89
15519.14
15519.40
15519.66
15519.92
15520.18
15520.43
15520.69
15520.95
15521.21
15521.72
15521.98
15522.24
15522.50
15522.75
15523.01
15523.27
15523.79
15524.04
15524.30
15524.56
15524.82
15525.07
15525.33
15525.59
15525.85
15526.11
15526.36
15526.62
15526.88
15527.14
15527.39
15527.65
15527.91
15528.17
15528.43
15528.68
15528.94
15529.20
15529.46
15529.71
15529.97
15530.23
15530.49
15530.75
15531.00
15531.26
15531.52
15531.78
15532.04
15532.29
15532.55
15532.81
15533.07
15533.32
15533.58
15533.84
15534.10
15534.36
15534.61
15534.87
15535.13
15535.39
15535.64
15535.90
15536.16
15536.42
15536.68
15536.93
15537.19
15537.45
15537.71
15537.96
15538.22
15538.48
15538.74
15539.00
15539.25
15539.51
15539.77
15540.03
15540.29
15540.54
15540.80
15541.06
15541.32
15541.57
15541.83
15542.09
15542.35
15542.61
15542.86
15543.12
15543.38
15543.64
15543.89
15544.15
15544.41
15544.67
15544.93
15545.18
15545.44
15545.70
15545.96
15546.47
15546.99
15547.25
15547.50
15547.76
15548.02
15548.28
15548.54
15548.79
15549.05
15549.31
15549.57
15549.82
15550.08
15550.34
15550.60
15550.86
15551.11
15551.37
15551.63
15551.89
15552.14
15552.40
15552.66
15552.92
15553.18
15553.43
15553.69
15553.95
15554.21
15554.46
15554.72
15554.98
15555.24
15555.50
15555.75
15556.01
15556.27
15556.53
15556.79
15557.04
15557.30
15557.56
15557.82
15558.07
15558.33
15558.59
15558.85
15559.11
15559.36
15559.62
15559.88
15560.14
15560.39
15560.65
15560.91
15561.17
15561.43
15561.68
15561.94
15562.20
15562.46
15562.71
15562.97
15563.23
15563.49
15563.75
15564.26
15564.52
15564.78
15565.04
15565.29
15565.55
15565.81
15566.07
15566.32
15566.58
15566.84
15567.10
15567.36
15567.61
15567.87
15568.13
15568.39
15568.64
15568.90
15569.16
15569.42
15569.68
15569.93
15570.19
15570.45
15570.71
15570.96
15571.22
15571.48
15571.74
15572.00
15572.25
15572.51
15572.77
15573.03
15573.29
15573.54
15573.80
15574.06
15574.32
15574.57
15574.83
15575.09
15575.35
15575.61
15575.86
15576.12
15576.38
15576.64
15576.89
15577.15
15577.41
15577.67
15577.93
15578.18
15578.44
15578.70
15578.96
15579.21
15579.47
15579.73
15579.99
15580.25
15580.50
15580.76
15581.02
15581.28
15581.54
15581.79
15582.05
15582.31
15582.57
15582.82
15583.08
15583.34
15583.60
15583.86
15584.11
15584.37
15584.63
15584.89
15585.14
15585.40
15585.66
15585.92
15586.18
15586.43
15586.69
15586.95
15587.21
15587.46
15587.72
15587.98
15588.24
15588.50
15588.75
15589.01
15589.27
15589.53
15589.79
15590.04
15590.30
15590.56
15590.82
15591.07
15591.33
15591.59
15591.85
15592.11
15592.36
15592.62
15592.88
15593.14
15593.39
15593.65
15593.91
15594.17
15594.43
15594.68
15594.94
15595.20
15595.46
15595.71
15595.97
15596.23
15596.49
15596.75
15597.00
15597.26
15597.52
15597.78
15598.04
15598.29
15598.55
15598.81
15599.07
15599.32
15599.58
15599.84
15600.10
15600.36
15600.61
15600.87
15601.13
15601.39
15601.64
15601.90
15602.16
15602.42
15602.68
15602.93
15603.19
15603.45
15603.71
15603.96
15604.22
15604.48
15604.74
15605.00
15605.25
15605.51
15605.77
15606.03
15606.29
15606.54
15606.80
15607.06
15607.32
15607.83
15608.09
15608.35
15608.61
15608.86
15609.12
15609.38
15609.64
15609.89
15610.41
15610.67
15610.93
15611.18
15611.44
15611.70
15611.96
15612.21
15612.47
15612.73
15612.99
15613.50
15613.76
15614.02
15614.28
15614.54
15614.79
15615.05
15615.31
15615.57
15615.82
15616.08
15616.34
15616.60
15616.86
15617.11
15617.37
15617.63
15617.89
15618.14
15618.40
15618.66
15618.92
15619.18
15619.43
15619.69
15619.95
15620.21
15620.46
15620.72
15620.98
15621.24
15621.50
15621.75
15622.01
15622.27
15622.53
15622.79
15623.04
15623.30
15623.56
15623.82
15624.07
15624.59
15625.11
15625.36
15625.88
15626.14
15626.39
15626.91
15627.17
15627.43
15627.68
15627.94
15628.20
15628.71
15628.97
15629.23
15629.49
15630.00
15630.26
15630.52
15630.78
15631.04
15631.29
15631.55
15631.81
15632.07
15632.32
15632.58
15632.84
15633.10
15633.36
15633.61
15633.87
15634.13
15634.39
15634.64
15634.90
15635.16
15635.42
15635.68
15635.93
15636.19
15636.45
15636.71
15636.96
15637.22
15637.48
15637.74
15638.00
15638.25
15638.51
15638.77
15639.03
15639.29
15639.54
15639.80
15640.06
15640.32
15640.57
15640.83
15641.09
15641.35
15641.61
15641.86
15642.12
15642.38
15642.64
15642.89
15643.15
15643.41
15643.67
15643.93
15644.18
15644.44
15644.70
15644.96
15645.21
15645.47
15645.73
15645.99
15646.25
15646.50
15646.76
15647.02
15647.28
15647.54
15647.79
15648.05
15648.31
15648.57
15648.82
15649.08
15649.34
15649.60
15649.86
15650.11
15650.37
15650.63
15650.89
15651.14
15651.40
15651.66
15651.92
15652.18
15652.43
15652.69
15652.95
15653.21
15653.46
15653.72
15653.98
15654.24
15654.75
15655.01
15655.27
15655.53
15655.79
15656.04
15656.30
15656.56
15656.82
15657.07
15657.33
15657.59
15657.85
15658.11
15658.36
15658.62
15658.88
15659.14
15659.39
15659.65
15659.91
15660.17
15660.43
15660.68
15660.94
15661.20
15661.46
15661.71
15661.97
15662.23
15662.49
15662.75
15663.00
15663.26
15663.52
15663.78
15664.04
15664.29
15664.55
15664.81
15665.07
15665.32
15665.58
15665.84
15666.10
15666.36
15666.61
15666.87
15667.13
15667.39
15667.64
15667.90
15668.16
15668.42
15668.68
15668.93
15669.19
15669.45
15669.71
15669.96
15670.22
15670.48
15670.74
15671.00
15671.25
15671.77
15672.03
15672.29
15672.54
15672.80
15673.06
15673.32
15673.57
15673.83
15674.09
15674.35
15674.61
15674.86
15675.12
15675.38
15675.64
15675.89
15676.15
15676.41
15676.67
15676.93
15677.18
15677.44
15677.70
15677.96
15678.21
15678.47
15678.73
15678.99
15679.25
15679.50
15679.76
15680.02
15680.54
15680.79
15681.05
15681.31
15681.57
15681.82
15682.08
15682.34
15682.60
15682.86
15683.11
15683.37
15683.63
15683.89
15684.14
15684.40
15684.66
15684.92
15685.18
15685.43
15685.69
15685.95
15686.21
15686.46
15686.72
15686.98
15687.24
15687.50
15687.75
15688.01
15688.27
15688.53
15688.79
15689.04
15689.30
15689.56
15689.82
15690.07
15690.33
15690.59
15690.85
15691.11
15691.36
15691.62
15691.88
15692.14
15692.39
15692.65
15692.91
15693.17
15693.43
15693.68
15693.94
15694.20
15694.46
15694.71
15694.97
15695.23
15695.49
15695.75
15696.00
15696.26
15696.78
15697.04
15697.29
15697.55
15697.81
15698.07
15698.32
15698.58
15698.84
15699.10
15699.36
15699.61
15699.87
15700.13
15700.39
15700.64
15700.90
15701.16
15701.42
15701.68
15701.93
15702.19
15702.45
15702.71
15702.96
15703.22
15703.48
15703.74
15704.00
15704.25
15704.51
15704.77
15705.03
15705.29
15705.54
15705.80
15706.06
15706.32
15706.57
15706.83
15707.09
15707.35
15707.61
15707.86
15708.12
15708.38
15708.64
15708.89
15709.15
15709.41
15709.67
15709.93
15710.18
15710.44
15710.70
15710.96
15711.21
15711.47
15711.73
15711.99
15712.25
15712.50
15712.76
15713.02
15713.28
15713.54
15713.79
15714.05
15714.31
15714.57
15714.82
15715.08
15715.34
15715.60
15715.86
15716.11
15716.37
15716.63
15716.89
15717.14
15717.40
15717.66
15717.92
15718.18
15718.43
15718.69
15718.95
15719.21
15719.46
15719.72
15719.98
15720.24
15720.50
15720.75
15721.01
15721.27
15721.53
15721.79
15722.04
15722.30
15722.56
15722.82
15723.07
15723.33
15723.59
15723.85
15724.11
15724.36
15724.62
15724.88
15725.14
15725.39
15725.65
15725.91
15726.17
15726.43
15726.68
15726.94
15727.20
15727.46
15727.71
15727.97
15728.23
15728.49
15728.75
15729.00
15729.26
15729.52
15729.78
15730.04
15730.29
15730.55
15730.81
15731.07
15731.32
15731.58
15731.84
15732.10
15732.36
15732.61
15732.87
15733.13
15733.39
15733.64
15733.90
15734.16
15734.42
15734.68
15734.93
15735.19
15735.45
15735.71
15735.96
15736.22
15736.48
15736.74
15737.00
15737.25
15737.51
15737.77
15738.03
15738.29
15738.80
15739.06
15739.57
15739.83
15740.09
15740.35
15740.61
15740.86
15741.12
15741.38
15741.64
15741.89
15742.15
15742.41
15742.67
15742.93
15743.18
15743.44
15743.70
15743.96
15744.21
15744.47
15744.73
15744.99
15745.25
15745.50
15745.76
15746.02
15746.28
15746.54
15746.79
15747.05
15747.31
15747.57
15747.82
15748.08
15748.34
15748.60
15748.86
15749.11
15749.37
15749.63
15749.89
15750.14
15750.40
15750.66
15750.92
15751.18
15751.43
15751.69
15751.95
15752.21
15752.46
15752.72
15752.98
15753.24
15753.50
15753.75
15754.01
15754.27
15754.53
15754.79
15755.04
15755.30
15755.56
15755.82
15756.07
15756.33
15756.59
15756.85
15757.11
15757.36
15757.62
15757.88
15758.14
15758.39
15758.65
15758.91
15759.17
15759.43
15759.68
15759.94
15760.20
15760.46
15760.71
15760.97
15761.23
15761.49
15761.75
15762.00
15762.26
15762.52
15762.78
15763.04
15763.29
15763.55
15763.81
15764.07
15764.32
15764.58
15764.84
15765.10
15765.36
15765.61
15765.87
15766.13
15766.39
15766.64
15766.90
15767.16
15767.42
15767.68
15767.93
15768.19
15768.45
15768.71
15768.96
15769.22
15769.48
15769.74
15770.00
15770.25
15770.51
15770.77
15771.03
15771.29
15771.54
15771.80
15772.06
15772.32
15772.57
15772.83
15773.09
15773.35
15773.61
15773.86
15774.12
15774.38
15774.64
15774.89
15775.15
15775.41
15775.67
15775.93
15776.18
15776.44
15776.70
15776.96
15777.21
15777.47
15777.73
15777.99
15778.25
15778.50
15778.76
15779.02
15779.28
15779.54
15779.79
15780.05
