8.99
153.75
6.98
77.03
376.06
424.27
9.51
74.89
135.17
457.42
692.46
694.26
768.77
853.60
9.13
73.80
132.51
190.26
447.46
813.96
1139.72
1203.14
1295.27
1337.30
9.62
72.13
129.75
185.95
242.30
377.92
747.21
1111.02
1480.54
1672.21
1691.03
1759.87
1850.33
1899.06
1952.93
2013.02
9.17
70.79
126.47
181.13
236.46
290.34
342.93
573.50
938.33
1296.68
1663.93
2023.84
2227.53
2230.37
2255.12
2332.72
2424.73
2517.54
2555.81
2618.97
2672.86
2915.20
9.17
69.48
123.85
177.47
231.76
284.36
337.21
390.53
439.38
677.89
1040.49
1401.98
1772.29
2129.07
2492.10
2805.86
2895.75
2896.27
2899.62
2938.04
3027.50
3071.19
3173.80
3269.33
3312.90
3366.94
3452.02
3486.08
3618.34
9.02
67.91
121.16
173.75
226.31
278.13
330.98
381.35
432.91
484.48
528.05
693.45
1046.07
1386.34
1735.66
2097.14
2415.62
2807.47
3088.90
3445.24
3761.08
3764.69
3773.20
3821.66
3903.39
3972.74
4065.79
4146.48
4243.75
4274.18
4319.29
4375.83
4433.84
4474.06
4812.82
9.73
67.25
119.54
171.10
222.80
273.33
324.12
385.22
426.24
476.77
527.30
576.80
627.08
716.56
992.68
1367.05
1729.38
2073.88
2438.78
2789.14
3147.52
3519.41
3873.65
4230.27
4471.12
4534.83
4537.92
4545.66
4547.20
4590.52
4677.80
4736.58
4772.82
4891.16
5017.30
5105.51
5175.12
5218.69
5259.68
5318.46
5378.24
5434.96
5492.20
5520.55
5839.73
6035.92
8.37
65.99
116.62
166.38
216.63
266.64
315.89
364.87
415.67
464.65
513.38
562.11
610.83
658.53
708.03
757.89
852.77
1088.72
1441.07
1799.79
2167.77
2559.46
2881.73
3241.43
3618.80
3968.13
4308.32
4799.11
5060.57
5383.18
5545.76
5572.80
5587.49
5684.94
5765.21
5812.80
5860.75
5974.54
6081.02
6177.18
6290.09
6355.54
6396.28
6429.02
6483.42
6542.99
6591.97
6640.18
6699.48
6753.88
6759.29
7191.13
7390.16
9.66
63.33
111.96
159.91
207.84
255.79
302.20
348.61
396.73
443.13
489.80
535.95
582.09
627.73
674.39
720.28
768.66
815.06
860.95
914.38
1054.95
1299.07
1649.15
1994.43
2329.18
2715.81
3017.71
3359.30
3720.41
4051.18
4402.17
4718.98
5101.06
5436.89
5772.82
6129.07
6393.52
6513.92
6541.33
6547.52
6554.99
6562.73
6569.17
6570.72
6591.34
6687.77
6750.18
6827.26
6873.41
6938.11
7080.68
7213.71
7326.29
7424.52
7507.02
7558.32
7584.88
7640.01
7696.21
7752.91
7811.70
7851.91
7893.94
7945.72
7996.51
7999.86
8367.50
8758.86
9.68
64.12
113.04
160.48
208.85
257.32
303.46
349.87
398.32
444.98
492.16
539.08
585.23
631.38
678.30
724.19
773.51
819.92
866.07
912.99
959.14
1004.77
1077.19
1221.93
1475.12
1834.79
2231.18
2549.75
2926.14
3271.50
3657.84
4011.90
4349.38
4702.49
5098.30
5457.18
5811.14
6183.63
6540.45
6950.30
7292.93
7580.65
7702.59
7765.73
7765.98
7772.43
7780.16
7788.41
7793.05
7859.31
7943.10
8011.27
8054.84
8096.60
8146.11
8249.75
8401.29
8530.71
8612.70
8705.51
8767.12
8845.76
8916.10
8940.33
8994.99
9050.79
9107.51
9165.00
9218.37
9275.86
9332.06
9384.66
9437.77
9458.39
9500.41
10068.12
10355.58
9.77
63.89
111.38
157.53
205.51
252.69
298.07
344.21
391.79
438.45
484.34
529.97
576.64
621.75
666.87
713.28
761.93
808.08
853.20
899.35
945.24
990.61
1035.73
1081.62
1127.00
1156.39
1289.76
1444.62
1722.28
2097.02
2441.67
2795.22
3153.36
3496.13
3880.34
4233.55
4567.33
4924.87
5320.71
5674.29
5996.30
6366.63
6722.67
7132.73
7474.07
7832.69
8190.53
8512.92
8800.79
8930.47
8978.20
8984.90
8992.64
9000.37
9007.85
9015.58
9025.89
9028.73
9038.27
9143.20
9191.20
9217.43
9310.50
9363.38
9426.80
9464.49
9537.45
9668.16
9813.31
9940.16
10032.97
10125.71
10230.13
10291.75
10332.74
10376.31
10399.25
10459.58
10525.70
10579.59
10637.08
10697.66
10754.64
10810.07
10863.44
10921.96
10977.87
11002.01
11451.63
11977.57
12057.75
9.48
62.69
110.28
156.17
203.54
250.20
295.58
341.73
389.23
435.12
480.76
526.39
571.51
616.62
661.48
706.60
768.99
799.81
844.93
890.04
935.42
980.28
1024.88
1070.25
1114.60
1159.20
1203.54
1248.14
1291.97
1335.18
1476.91
1619.80
1805.68
2150.18
2490.58
2829.43
3196.40
3516.57
3924.03
4221.33
4542.57
4964.71
5257.78
5596.72
5937.26
6274.73
6631.07
6968.80
7363.62
7707.80
8031.61
8372.44
8680.20
9001.27
9345.98
9692.48
10400.69
10419.37
10422.20
10428.91
10436.64
10444.12
10451.85
10459.59
10467.06
10478.15
10478.66
10484.59
10557.55
10622.76
10643.93
10703.23
10750.34
10805.00
10891.65
10956.10
10990.65
11109.50
11237.12
11345.91
11484.57
11581.25
11723.30
11798.33
11860.98
11936.77
11985.24
12017.21
12039.90
12084.79
12144.09
12209.57
12268.35
12326.14
12382.29
12439.53
12497.23
12556.53
12611.70
12667.13
12733.64
12757.11
12967.48
13520.23
13976.82
9.53
62.39
109.18
153.78
200.93
246.30
290.91
335.77
382.43
427.80
472.40
516.49
561.09
604.66
649.00
693.09
737.69
785.37
829.20
873.80
918.40
961.71
1006.32
1049.37
1093.71
1137.29
1181.11
1224.68
1268.00
1311.57
1354.11
1399.22
1443.05
1476.31
1586.31
1740.24
1902.26
2134.95
2487.18
2861.27
3211.23
3570.14
3940.06
4298.56
4636.45
4984.16
5396.28
5738.95
6096.03
6451.55
6824.32
7435.96
7591.47
7951.12
8295.30
8655.20
8945.71
9318.05
9683.38
10047.14
10496.71
10858.68
11219.88
11549.62
11692.19
11757.93
11785.55
11787.61
11794.57
11802.05
11809.78
11817.26
11824.99
11833.50
11840.20
11847.94
11856.19
11858.77
11863.15
11927.60
12009.33
12078.60
12102.83
12134.28
12175.27
12262.67
12318.54
12387.89
12459.31
12578.16
12706.98
12827.64
12931.54
13041.35
13132.36
13244.50
13357.94
13458.84
13510.12
13560.39
13600.35
13632.84
13682.93
13737.07
13760.01
13816.21
13873.19
13930.94
13989.78
14047.53
14106.05
14161.74
14214.59
14269.50
14323.90
14377.53
14430.64
14451.52
14620.90
15199.69
15740.07
15848.09
9.66
61.59
107.15
151.50
197.46
241.81
285.64
329.98
374.07
420.00
463.57
507.92
550.97
594.80
638.11
682.20
724.74
772.28
815.33
858.39
903.25
946.30
989.10
1033.18
1075.98
1118.78
1162.09
1205.14
1247.94
1290.48
1333.28
1376.85
1420.42
1463.21
1505.75
1554.80
1597.86
1640.91
1671.59
1782.07
1933.17
2090.76
2254.45
2529.45
2874.55
3225.66
3553.86
3894.41
4247.15
4593.54
4910.45
5240.96
5635.37
5957.27
6296.08
6633.46
7013.70
7384.00
7720.22
8059.25
8383.57
8723.89
9030.03
9393.91
9692.98
10038.96
10473.88
10818.05
11161.98
11503.84
11845.95
12187.55
12530.45
12871.53
13131.38
13240.95
13413.38
13430.16
13528.65
13589.02
13643.85
13680.72
13700.57
13766.61
13820.23
13877.21
13939.86
14015.40
14095.73
14244.74
14336.52
14445.58
14588.92
14670.39
14776.61
14836.42
14921.76
15020.50
15126.01
15238.93
15330.71
15371.19
15401.61
15426.88
15481.54
15535.93
15592.39
15645.50
15701.71
15756.36
15811.54
15869.54
15920.59
15971.89
16025.26
16081.21
16136.38
16192.58
16249.30
16303.96
16357.84
16366.86
16454.00
17061.41
17604.88
17957.05
9.77
60.86
107.17
151.25
196.50
240.59
284.42
327.73
371.82
417.54
460.85
504.16
547.73
591.04
634.10
677.15
720.72
767.03
809.83
853.40
895.68
938.48
981.53
1024.07
1066.35
1108.89
1151.69
1194.23
1236.25
1278.53
1320.81
1362.58
1406.92
1448.95
1491.23
1539.09
1582.15
1624.95
1667.74
1710.28
1753.08
1795.62
1837.90
1855.57
1998.04
2173.10
2323.86
2491.48
2721.20
3069.27
3467.21
3792.04
4175.90
4517.30
4862.60
5215.80
5606.86
5972.20
6311.16
6668.75
7024.44
7460.64
7806.92
8164.48
8519.49
8861.61
9186.58
9509.93
9880.78
10244.55
10693.68
11057.71
11421.48
11781.64
12141.55
12501.46
12860.59
13318.38
13590.29
13948.13
14305.71
14611.56
14733.77
14810.59
14881.05
14886.72
14894.20
14901.93
14909.41
14917.14
14924.88
14932.35
14939.83
14947.82
14955.30
14964.32
14969.22
14973.34
15039.34
15122.56
15193.21
15252.25
15354.86
15402.89
15448.27
15500.34
15543.40
15605.76
15674.08
15763.95
15914.25
16011.19
16136.23
16259.21
16344.03
16449.73
16586.81
16649.72
16763.41
16825.80
16876.34
16964.51
17022.26
17113.01
17179.27
17208.14
17232.89
17285.74
17339.99
17397.23
17451.11
17510.92
17560.16
17581.56
17640.09
17693.20
17747.85
17804.83
17860.77
17912.34
17962.99
18014.55
18064.05
18115.87
18166.40
18217.96
18269.27
18289.89
18633.04
19198.94
19741.89
20084.53
9.70
60.22
104.65
147.71
191.28
235.79
278.33
320.61
363.93
409.00
451.29
493.05
535.59
578.39
620.93
662.69
704.97
747.25
792.58
835.38
877.66
919.68
961.71
1003.47
1045.50
1087.52
1129.29
1170.79
1212.04
1254.07
1295.57
1336.82
1380.65
1421.39
1461.35
1503.37
1550.59
1592.61
1634.89
1676.92
1718.94
1759.93
1802.21
1844.24
1886.26
1926.74
1968.50
2010.27
2047.14
2111.19
2261.07
2428.00
2591.35
2746.30
2922.11
3256.31
3621.31
3971.34
4359.68
4690.32
5037.18
5382.91
5774.10
6163.68
6471.33
6825.56
7178.78
7826.66
7959.47
8312.84
8668.36
9023.37
9327.95
9684.50
10034.47
10378.39
10826.61
11189.60
11549.51
11909.93
12270.35
12629.23
12986.55
13343.37
13711.61
14069.20
14424.20
14781.29
15269.12
15598.35
15954.39
16311.98
16528.54
16661.05
16715.45
16785.05
16789.43
16796.65
16804.12
16811.60
16819.34
16826.81
16834.29
16842.02
16849.50
16857.23
16864.97
16872.19
16882.24
16885.85
16888.43
16899.00
17005.48
17071.57
17114.86
17211.27
17284.10
17307.82
17317.87
17386.19
17467.58
17528.94
17575.34
17622.41
17673.72
17725.80
17874.55
18022.80
18171.30
18320.99
18369.97
18487.02
18580.35
18667.75
18770.87
18908.80
18972.74
19056.27
19133.10
19180.02
19224.36
19309.96
19357.98
19404.64
19423.98
19454.14
19521.17
19588.20
19647.76
19676.63
19728.71
19786.99
19847.32
19900.95
19955.86
20011.38
20064.23
20118.38
20173.03
20228.46
20281.57
20338.29
20389.34
20440.38
20491.43
20543.51
20595.84
20646.38
20650.50
20921.46
21512.37
22048.10
22578.42
22665.30
8.47
59.77
104.62
145.50
188.55
232.07
274.35
316.63
358.40
403.22
444.47
487.01
529.29
570.28
612.56
653.81
696.09
737.86
782.32
824.86
866.37
907.88
949.64
991.67
1032.40
1074.43
1115.16
1156.93
1198.18
1239.43
1280.68
1320.64
1362.14
1404.43
1445.68
1486.67
1559.11
1575.24
1616.23
1658.00
1700.02
1740.75
1782.78
1823.51
1865.28
1906.79
1948.55
1990.06
2030.02
2071.53
2112.00
2153.51
2192.96
2234.21
2250.19
2371.49
2521.60
2683.07
2849.50
3002.90
3173.35
3417.96
3773.48
4091.20
4436.84
4777.11
5076.18
5414.12
5784.89
6115.67
6484.33
6770.95
7108.04
7439.32
7833.58
8184.91
8520.07
8851.75
9183.39
9472.40
9809.36
10145.55
10459.03
10892.36
11230.36
11568.36
11907.13
12247.18
12584.92
12922.14
13261.42
13598.19
13987.59
14283.30
14620.00
15237.20
15430.05
15765.98
16072.01
16408.71
16743.87
17080.31
17416.50
17676.38
18008.95
18236.86
18312.66
18483.33
18521.48
18579.60
18582.18
18588.62
18596.10
18603.83
18611.31
18618.79
18626.26
18634.00
18641.47
18649.21
18656.68
18664.42
18671.64
18679.37
18691.75
18696.39
18698.96
18711.86
18836.12
18874.27
18910.38
18989.01
19052.95
19131.84
19208.27
19249.78
19334.60
19416.99
19478.61
19533.52
19571.42
19596.68
19677.64
19814.14
19955.17
20099.02
20248.03
20393.18
20424.12
20527.76
20658.58
20752.94
20836.47
20952.75
21061.80
21133.91
21208.93
21293.24
21345.06
21389.14
21433.49
21459.46
21499.16
21525.71
21540.15
21590.94
21652.82
21716.24
21781.98
21844.63
21903.93
21956.88
22005.61
22019.79
22075.48
22135.55
22192.01
22241.77
22297.45
22353.66
22411.92
22466.32
22519.43
22569.45
22623.07
22677.47
22729.03
22780.34
22832.41
22883.72
22888.10
23518.71
24037.95
24565.95
25084.41
25137.26
9.14
59.15
100.66
144.60
186.11
228.40
270.42
311.16
353.44
397.12
438.11
479.62
520.09
562.12
602.34
642.30
683.55
725.05
769.45
810.18
851.18
891.91
932.39
973.38
1013.86
1053.56
1094.55
1134.77
1174.21
1214.95
1254.91
1294.61
1335.09
1374.79
1416.56
1456.26
1496.74
1543.50
1583.72
1624.20
1665.19
1704.64
1745.63
1785.33
1825.55
1866.80
1906.25
1946.21
1987.20
2026.64
2066.61
2107.60
2147.04
2186.75
2227.48
2266.67
2306.37
2346.85
2386.55
2425.74
2463.12
2504.99
2650.19
2827.32
2986.45
3150.93
3331.65
3487.89
3702.96
4042.18
4423.09
4769.93
5127.25
5450.72
5902.62
6203.41
6553.91
6917.04
7255.34
7549.25
7963.60
8369.67
8690.13
9043.25
9399.07
9720.05
10062.82
10422.47
11235.79
11567.29
11931.73
12293.70
12654.12
13015.84
13373.42
13731.52
14089.46
14461.45
14820.07
15850.54
16027.08
16384.15
16709.25
17070.45
17430.61
17789.23
18069.21
18356.42
18719.42
19082.68
19447.22
19816.92
20122.17
20215.50
20362.45
20407.83
20458.07
20459.10
20466.06
20473.54
20481.02
20488.75
20496.23
20503.70
20511.18
20518.66
20526.39
20533.87
20542.63
20549.08
20556.55
20564.03
20571.51
20585.69
20589.30
20591.62
20596.52
20647.56
20749.66
20818.11
20863.20
20957.81
21027.65
21094.68
21162.36
21231.20
21238.95
21329.44
21423.03
21488.57
21537.55
21583.18
21631.65
21779.63
21920.58
22060.83
22204.17
22336.43
22477.20
22527.47
22613.84
22756.41
22842.26
22963.25
23089.06
23167.95
23249.19
23322.93
23386.61
23491.79
23542.84
23599.56
23649.32
23687.99
23709.90
23737.49
23768.68
23817.93
23871.29
23935.75
23995.28
24056.38
24116.71
24173.43
24233.76
24293.05
24348.23
24386.12
24389.73
24441.81
24498.53
24539.01
24597.79
24653.99
24713.55
24772.84
24827.50
24881.38
24938.88
24993.27
25046.93
25101.59
25154.88
25208.77
25253.11
25845.30
26398.57
26935.85
27478.03
27750.54
9.00
58.21
99.97
141.59
182.06
224.17
265.68
305.64
346.63
388.75
428.97
469.96
510.18
550.14
590.36
629.29
668.99
709.73
750.20
792.73
832.95
874.20
913.90
953.61
992.79
1032.75
1072.46
1111.90
1151.61
1190.54
1229.72
1268.39
1307.07
1346.77
1394.21
1425.92
1465.62
1505.07
1550.07
1590.55
1629.73
1668.92
1708.37
1748.07
1787.52
1827.48
1866.66
1906.11
1945.30
1983.97
2023.67
2062.34
2102.30
2141.49
2180.94
2219.35
2258.80
2296.95
2336.40
2374.81
2414.52
2453.70
2492.12
2531.05
2569.46
2608.13
2647.06
2684.96
2697.80
2848.94
3005.17
3161.15
3338.31
3493.37
3658.11
3817.00
4000.70
4296.09
4743.12
5012.20
5367.34
5695.88
6125.16
6432.09
6782.94
7194.38
7484.34
7835.73
8245.97
8600.46
8971.99
9322.80
9640.83
9996.67
10336.46
10693.79
11210.88
11469.21
11829.38
12190.48
12551.67
12912.09
13271.74
13629.07
13986.52
14342.21
14738.02
15066.98
15552.39
15908.18
16260.83
16618.41
16982.70
17301.62
17657.91
18017.56
18335.19
18572.89
18933.57
19297.34
19658.28
20037.77
20387.88
20751.91
21114.40
21474.10
22428.27
22501.61
22636.45
22713.53
22815.12
22817.84
22825.32
22832.80
22840.27
22847.75
22855.23
22862.96
22870.44
22877.91
22885.39
22893.12
22900.60
22908.08
22915.55
22923.29
22930.77
22942.37
22945.72
22948.04
22950.62
22959.90
23057.61
23117.25
23180.92
23272.90
23330.39
23399.74
23464.47
23526.60
23593.55
23696.41
23711.37
23753.39
23840.79
23931.12
24002.28
24046.37
24093.80
24238.25
24385.97
24521.58
24662.86
24794.86
24921.71
25053.71
25169.98
25203.75
25260.99
25365.66
25491.63
25583.93
25696.33
25821.37
25966.26
26034.84
26106.00
26167.36
26219.18
26276.93
26335.71
26371.80
26401.45
26421.82
26449.92
26468.48
26521.07
26571.91
26626.30
26679.16
26737.16
26795.69
26854.21
26911.96
26968.68
27028.49
27085.98
27145.02
27199.68
27253.05
27308.22
27365.20
27420.11
27471.93
27521.30
27577.76
27634.73
27690.94
27745.59
27801.02
27855.68
27910.08
27965.51
28020.42
28077.40
28132.31
28302.21
28965.05
29493.82
30026.98
30566.06
30894.00
8.97
56.78
97.95
139.37
179.85
221.12
261.60
301.56
340.49
391.28
422.54
462.76
502.21
541.91
581.10
620.03
658.96
698.14
737.07
780.32
819.25
858.44
897.62
936.81
975.74
1014.67
1053.60
1092.79
1131.98
1170.39
1208.80
1247.22
1285.63
1324.56
1362.98
1402.16
1440.58
1478.73
1517.66
1564.09
1602.76
1641.69
1680.36
1719.29
1757.96
1796.38
1835.05
1873.72
1912.91
1951.06
1989.48
2027.89
2066.05
2103.95
2142.10
2181.29
2219.19
2257.60
2296.02
2334.95
2372.84
2410.74
2449.67
2487.31
2524.95
2563.62
2601.27
2638.65
2676.03
2714.45
2752.09
2790.76
2835.62
2869.65
2907.80
2934.62
2983.68
3128.81
3301.04
3462.14
3628.69
3809.08
3970.86
4158.31
4323.05
4528.22
4871.10
5247.79
5547.43
5903.81
6273.64
6628.72
6976.57
7323.07
7680.82
8013.69
8422.64
8774.56
9156.05
9494.56
9819.86
10158.01
10511.21
10847.66
11289.96
11640.18
11973.79
12332.41
12691.43
13047.72
13405.31
13763.15
14116.36
14468.14
14822.38
15189.29
15675.56
16029.54
16384.54
16735.03
17089.52
17442.46
17766.79
18119.48
18474.49
18754.21
19029.04
19389.72
19749.11
20107.82
20473.96
20832.83
21191.71
21550.58
22001.42
22465.81
22823.90
23180.71
23542.43
23899.50
24255.54
24511.03
24566.46
24729.91
24754.40
25001.85
25004.72
25006.01
25011.68
25014.00
25018.38
25056.02
25143.94
25216.50
25255.78
25350.39
25409.60
25456.68
25470.86
25526.81
25572.16
25637.64
25696.68
25754.69
25796.97
25881.14
25946.88
26030.16
26089.71
26165.71
26225.01
26368.10
26451.11
26591.11
26737.03
26883.72
26963.64
27056.20
27198.77
27324.86
27419.48
27535.75
27667.50
27781.71
27912.16
27962.95
28015.29
28126.92
28238.81
28360.24
28467.75
28524.21
28576.80
28620.63
28655.18
28690.07
28712.75
28739.82
28759.16
28807.89
28861.51
28918.49
28972.63
29026.25
29076.01
29130.93
29184.04
29237.66
29298.25
29354.71
29410.14
29464.54
29522.80
29577.97
29633.66
29687.34
29740.97
29793.30
29846.93
29900.81
29957.53
30014.51
30066.59
30119.95
30169.20
30222.82
30278.25
30332.39
30387.05
30439.90
30490.43
30545.09
30595.10
30633.00
31340.44
31902.47
32436.40
32975.23
33507.35
33660.23
9.64
56.47
97.44
138.95
178.39
219.83
259.28
298.72
338.17
377.36
419.34
459.30
498.49
537.94
576.87
616.05
653.95
697.27
732.59
774.37
813.82
852.49
892.71
931.12
970.82
1008.98
1048.17
1086.32
1125.25
1163.15
1202.34
1241.01
1279.17
1317.07
1354.96
1392.86
1433.86
1472.27
1509.39
1556.16
1594.57
1633.50
1672.95
1710.59
1748.74
1787.16
1826.60
1864.76
1903.69
1942.36
1980.00
2018.16
2057.09
2094.98
2133.66
2172.07
2209.45
2248.12
2286.54
2324.95
2362.59
2400.75
2438.39
2476.55
2514.45
2552.60
2590.76
2627.88
2665.78
2703.42
2741.58
2779.22
2816.60
2858.62
2895.75
2933.91
2972.32
3010.22
3048.12
3084.98
3138.54
3176.95
3214.07
3226.45
3334.62
3483.07
3647.11
3821.98
4008.72
4179.65
4337.82
4528.74
4697.87
4863.12
5133.07
5482.12
5819.51
6204.68
6558.55
6967.61
7261.51
7615.85
8043.86
8393.82
8733.45
9091.55
9446.82
9817.66
10152.11
10493.45
10845.88
11645.62
12019.67
12322.09
12683.28
13046.15
13406.57
13767.51
14128.13
14486.29
14844.39
15203.01
16045.20
16064.23
16422.07
16779.14
17136.73
17496.12
17854.74
18181.90
18541.04
18825.40
19185.05
19466.32
19829.07
20192.45
20556.23
20925.64
21289.93
21653.96
22012.68
22575.69
22936.11
23297.08
23661.63
24024.89
24386.60
24747.79
25107.70
25469.67
25829.32
26189.22
26504.79
26707.68
26793.79
26928.11
26951.83
27214.00
27219.71
27224.87
27227.19
27229.51
27233.89
27280.30
27358.93
27398.74
27514.81
27569.27
27629.25
27693.96
27757.05
27834.14
27911.48
27964.08
28031.37
28085.25
28146.87
28193.02
28271.30
28335.75
28420.06
28487.86
28548.19
28696.69
28845.45
28910.42
29056.08
29173.90
29303.07
29399.17
29506.16
29651.57
29756.24
29803.68
29942.12
30062.01
30141.16
30168.48
30254.08
30377.83
30485.85
30537.41
30645.18
30764.80
30876.18
31009.21
31094.80
31190.20
31235.83
31276.30
31304.15
31333.80
31371.95
31409.24
31434.77
31492.77
31549.23
31605.70
31662.41
31720.66
31778.67
31831.78
31889.53
31947.54
32001.93
32058.05
32113.22
32168.14
32224.86
32284.41
32335.46
32389.34
32440.39
32490.66
32539.64
32593.01
32643.80
32651.28
32656.18
32705.93
32756.46
32804.68
32857.01
32906.77
32959.88
33014.28
33062.75
33113.28
33169.48
33218.46
33266.93
33317.72
33361.04
33776.11
34440.75
34979.84
35527.18
36083.54
36627.26
36681.66
7.30
56.38
96.99
137.46
176.39
216.94
256.64
295.83
334.76
373.43
415.52
454.96
492.60
531.79
570.98
609.65
646.77
685.45
724.89
783.16
805.61
842.99
882.43
920.85
958.75
996.39
1035.06
1073.21
1110.86
1149.01
1187.94
1225.58
1262.71
1300.61
1339.28
1376.14
1416.11
1453.49
1491.13
1529.54
1574.61
1612.51
1651.70
1689.85
1727.49
1765.91
1803.80
1841.19
1879.09
1918.02
1955.66
1993.04
2030.94
2069.35
2106.22
2144.89
2182.27
2219.40
2257.55
2295.71
2332.58
2370.22
2408.38
2445.50
2482.37
2520.78
2557.65
2594.52
2632.67
2669.54
2706.66
2744.56
2781.17
2818.81
2859.29
2897.45
2935.34
2972.21
3009.85
3048.01
3084.62
3187.23
3213.04
3250.94
3288.32
3325.96
3364.89
3402.79
3439.91
3477.81
3482.97
3600.72
3754.53
3917.48
4091.84
4281.44
4450.31
4616.67
4808.51
4979.44
5135.42
5336.11
5543.32
5881.61
6216.64
6599.08
6957.04
7294.12
7656.87
8012.43
8672.43
8789.44
9129.01
9487.11
9841.86
10214.21
10536.38
10890.96
11248.54
11693.04
12035.67
12394.03
12727.35
13086.23
13448.09
13809.55
14171.52
14529.50
14891.98
15251.37
15609.99
16101.95
16472.20
16830.30
17190.72
17548.96
17907.06
18265.16
18591.81
18965.38
19236.34
19597.54
19877.52
20241.18
20604.70
20968.21
21348.00
21700.43
22060.95
22622.73
22985.73
23347.96
23708.80
24072.06
24435.58
24799.35
25160.29
25519.68
25878.55
26239.23
26599.66
26960.34
27321.53
27682.47
28042.38
28401.77
28716.30
28926.41
29039.99
29150.76
29179.38
29236.61
29264.66
29270.85
29278.32
29285.80
29293.28
29300.75
29308.23
29315.71
29323.18
29330.66
29338.39
29345.87
29353.35
29360.82
29368.30
29375.78
29383.51
29390.99
29398.46
29406.20
29413.42
29420.89
29428.37
29437.14
29443.58
29451.06
29458.54
29466.01
29475.81
29481.22
29483.29
29485.35
29487.67
29499.53
29617.35
29656.28
29692.08
29773.55
29812.52
29926.05
29995.66
30057.36
30100.93
30183.43
30292.06
30346.46
30408.08
30467.63
30517.29
30580.97
30650.32
30689.77
30766.08
30831.31
30896.02
30977.75
31127.02
31274.30
31422.02
31569.49
31651.22
31732.17
31877.58
31984.31
32090.53
32232.84
32374.38
32519.02
32622.66
32640.96
32696.88
32826.30
32940.00
32969.91
33024.76
33105.20
33154.44
33268.65
33315.05
33391.11
33487.27
33583.86
33660.69
33749.63
33772.06
33802.23
33834.71
33853.27
33903.29
33954.85
34007.19
34063.39
34121.40
34177.60
34234.32
34293.36
34353.80
34410.00
34464.66
34523.44
34578.61
34636.11
34692.57
34747.48
34800.85
34857.05
34913.00
34964.82
35017.41
35069.49
35121.05
35174.16
35225.72
35275.48
35327.56
35376.54
35427.59
35478.64
35532.00
35584.08
35636.93
35688.75
35740.32
35791.88
35845.50
35899.39
35952.75
36004.83
36058.20
36111.82
36151.79
36305.18
36991.74
37581.36
38132.30
38680.15
39235.74
39757.81
9.75
55.68
95.71
134.50
173.69
212.53
252.23
290.39
328.29
367.47
407.21
445.88
484.81
521.94
560.61
596.96
635.12
673.02
711.17
749.07
790.62
827.74
866.16
903.54
941.44
979.34
1015.69
1053.84
1089.94
1127.84
1165.22
1202.60
1239.73
1276.08
1313.46
1349.30
1386.68
1425.61
1462.99
1499.34
1578.23
1580.58
1618.74
1655.61
1693.50
1729.86
1767.50
1804.88
1841.75
1879.13
1914.96
1952.35
1988.96
2026.60
2062.43
2100.07
2135.39
2172.52
2209.39
2246.25
2282.86
2319.73
2356.08
2392.95
2429.56
2466.17
2502.78
2538.87
2575.48
2611.57
2648.18
2684.02
2720.89
2756.72
2793.59
2829.17
2869.64
2906.77
2942.35
2979.73
3015.31
3052.43
3088.53
3191.39
3215.17
3251.00
3288.64
3325.25
3362.89
3398.47
3436.11
3472.72
3509.85
3546.71
3583.84
3620.71
3657.06
3694.44
3729.76
3747.04
3800.12
3954.77
4114.89
4274.37
4440.05
4626.79
4794.75
4978.18
5140.09
5308.18
5511.78
5678.36
5845.17
6095.18
6403.70
6802.32
7182.33
7491.10
7886.52
8190.45
8601.13
9046.00
9315.15
9652.17
10007.18
10358.15
10695.72
11061.73
11441.23
11846.74
12202.00
12539.74
12923.20
13227.41
13588.61
13946.25
14306.93
14662.13
15023.07
15379.37
15732.57
16223.14
16624.19
16948.89
17306.47
17664.06
18020.41
18377.74
18732.75
19088.53
19338.35
19698.26
20058.16
20337.68
20696.04
21056.21
21418.95
21807.51
22145.40
23325.04
23428.33
23789.27
24150.38
24512.35
24874.32
25235.77
25593.62
25953.01
26311.37
26671.02
27028.60
27388.25
27749.19
28106.26
28463.07
28822.20
29182.62
29541.50
29894.18
30253.06
30609.87
30969.00
31213.41
31271.68
31404.71
31506.03
31527.17
31830.38
31842.17
31842.43
31847.84
31849.90
31851.96
31854.03
31858.15
31936.53
32006.27
32042.68
32119.15
32167.10
32269.45
32319.73
32334.82
32343.58
32405.46
32474.04
32514.25
32605.96
32713.47
32823.03
32892.89
32922.03
32994.47
33046.29
33080.32
33116.93
33182.93
33222.12
33264.92
33338.84
33393.75
33502.04
33646.15
33791.03
33936.69
34080.55
34227.50
34375.49
34524.25
34672.23
34786.18
34838.78
34943.96
35056.37
35115.41
35257.46
35399.26
35504.19
35544.93
35635.16
35742.41
35817.79
35882.76
35956.75
35992.59
36049.31
36078.18
36189.30
36222.56
36296.81
36375.70
36466.71
36518.01
36548.69
36577.31
36592.00
36619.07
36685.59
36753.65
36814.75
36866.32
36916.85
36968.41
37022.29
37078.24
37133.67
37190.39
37245.04
37299.96
37354.61
37412.62
37470.63
37527.09
37584.07
37636.66
37689.25
37742.11
37797.54
37850.13
37900.92
37953.25
38006.62
38057.41
38112.32
38164.40
38217.25
38266.24
38315.22
38364.72
38413.19
38460.89
38510.40
38559.12
38607.59
38657.35
38706.85
38755.58
38803.53
38853.29
38904.59
38955.64
39006.69
39057.99
39099.73
39412.97
40106.74
40675.48
41217.40
41752.36
42312.84
42844.97
43025.18
8.49
54.95
92.78
132.26
168.87
208.91
246.04
283.42
320.03
356.89
396.73
433.34
471.49
508.36
544.97
581.58
617.41
655.31
690.89
729.30
786.02
806.24
842.59
880.23
916.58
953.45
989.29
1027.18
1063.54
1099.63
1135.98
1172.33
1209.46
1244.78
1281.90
1317.48
1352.80
1389.67
1427.31
1463.40
1499.50
1536.11
1579.80
1615.90
1652.25
1689.38
1725.21
1762.85
1798.69
1834.27
1871.65
1906.71
1943.58
1979.67
2015.51
2052.12
2091.56
2124.05
2159.62
2194.95
2231.81
2266.62
2303.48
2338.55
2374.12
2409.96
2446.31
2481.12
2517.47
2552.02
2588.37
2623.69
2658.75
2695.36
2730.16
2765.23
2801.06
2836.90
2875.83
2911.41
2947.76
2983.59
3018.66
3055.27
3089.81
3199.90
3213.58
3250.19
3286.54
3322.12
3358.73
3394.30
3430.66
3467.27
3502.59
3539.20
3574.52
3611.12
3647.22
3682.54
3719.66
3754.21
3791.08
3826.66
3861.20
3898.33
3933.39
3970.00
4005.32
4026.46
4047.30
4189.30
4342.56
4498.76
4665.80
4854.45
5022.80
5217.12
5380.31
5545.31
5713.92
5918.32
6080.75
6240.07
6399.14
6824.25
7039.62
7385.74
7748.58
8085.61
8435.55
8844.43
9193.25
9582.59
9900.56
10233.62
10585.27
10901.61
11272.79
11720.80
12065.50
12416.89
12769.32
13104.74
13495.33
13785.63
14144.25
14501.15
14854.10
15211.69
15568.76
16342.45
16412.93
16765.62
17203.37
17489.80
17845.84
18197.75
18550.57
18903.00
19255.94
19530.25
19853.55
20210.11
20566.26
20903.74
21195.84
21555.23
21915.65
22283.64
23235.12
23545.63
23904.25
24262.61
24622.93
24981.03
25339.39
25698.52
26055.59
26412.41
26766.12
27122.94
27477.17
27832.95
28188.73
28543.48
28899.78
29253.67
29608.42
29962.91
30322.46
30667.16
31023.46
31378.46
31734.76
32091.83
33989.85
34102.88
34318.92
34360.69
34484.70
34599.42
34620.56
34687.59
34715.72
34717.52
34724.74
34732.22
34739.70
34746.91
34754.39
34761.87
34769.34
34776.82
34784.30
34791.52
34799.25
34806.73
34813.95
34821.42
34828.90
34836.38
34843.85
34851.33
34858.80
34866.02
34873.76
34880.98
34888.45
34895.93
34903.41
34910.88
34918.36
34925.84
34933.05
34940.79
34948.01
34955.48
34966.31
34971.21
34973.02
34975.08
34976.88
34978.95
34983.33
35063.25
35135.60
35188.38
35271.00
35315.86
35360.71
35397.84
35432.09
35473.59
35496.02
35571.06
35644.80
35745.60
35826.81
35929.14
36008.80
36115.79
36194.17
36244.70
36302.45
36369.74
36407.71
36440.96
36470.10
36527.59
36569.36
36582.76
36646.96
36720.77
36809.46
36952.80
37099.50
37186.38
37329.46
37472.81
37618.99
37764.91
37911.35
38057.53
38086.14
38196.49
38339.32
38465.13
38519.53
38626.09
38729.22
38776.14
38877.72
38998.12
39122.64
39213.65
39297.70
39356.48
39435.88
39504.20
39616.35
39665.34
39716.38
39766.40
39806.88
39855.34
39891.18
39922.89
40040.71
40064.69
40135.59
40181.73
40209.84
40238.97
40266.30
40273.00
40336.42
40401.69
40453.51
40513.07
40579.84
40641.20
40705.91
40758.76
40808.78
40825.79
40864.98
40915.77
40970.17
41025.34
41083.86
41142.90
41201.17
41258.14
41311.77
41365.91
41421.34
41475.74
41530.39
41584.02
41634.55
41684.31
41737.42
41789.75
41841.83
41895.97
41947.54
41998.58
42046.79
42097.07
42149.40
42200.96
42249.69
42298.16
42346.63
42395.87
42446.66
42493.32
42540.25
42588.71
42637.70
42687.71
42734.89
42781.56
42828.74
42874.37
42907.11
43495.18
44188.18
44717.47
45250.11
45773.99
46327.25
46846.49
47185.25
9.25
55.25
93.30
130.91
168.81
207.18
243.79
281.17
316.49
354.13
393.84
429.93
466.02
502.89
539.76
574.82
611.95
648.30
683.62
721.26
757.61
797.78
834.39
869.45
906.58
942.67
977.99
1014.60
1053.27
1086.02
1122.62
1157.95
1193.01
1228.84
1264.68
1300.26
1335.06
1371.16
1406.48
1443.60
1478.41
1513.98
1587.20
1594.17
1628.71
1665.58
1701.42
1737.00
1773.61
1808.67
1843.73
1880.08
1916.43
1952.27
1986.30
2023.17
2057.97
2098.96
2129.13
2164.71
2199.77
2234.57
2270.41
2305.47
2340.79
2375.08
2411.18
2446.24
2480.79
2514.82
2551.17
2586.23
2621.04
2655.07
2690.64
2725.45
2760.00
2794.29
2829.35
2880.39
2903.60
2938.92
2973.98
3008.53
3044.36
3079.68
3114.23
3164.27
3201.13
3235.68
3271.00
3306.58
3342.41
3377.99
3412.80
3448.89
3484.21
3518.50
3553.82
3589.66
3624.98
3659.78
3695.62
3731.20
3766.26
3801.06
3836.64
3872.22
3907.02
3941.05
3977.66
4012.21
4046.76
4081.05
4117.66
4152.20
4187.01
4220.78
4257.39
4291.94
4313.85
4441.97
4586.52
4738.11
4901.31
5077.13
5240.32
5406.87
5591.97
5754.39
5915.52
6121.83
6286.20
6448.11
6607.70
6768.31
6988.07
7220.71
7542.43
7872.09
8217.89
8540.92
8989.54
9261.59
9593.65
10020.42
10267.50
10583.86
10917.86
11215.89
11568.33
11996.24
12327.05
12661.95
12997.36
13330.71
13651.43
14015.57
14296.33
14637.41
14973.79
15314.36
15650.29
15989.83
16467.53
16805.26
17144.54
17480.99
17831.57
18169.57
18505.50
18842.46
19179.89
19515.05
19777.76
20115.50
20424.36
20760.54
21096.21
21432.14
21692.28
22032.59
22370.68
23723.43
23944.03
24285.63
24624.66
24964.20
25305.01
25646.10
25986.67
26325.95
26666.26
27005.29
27345.34
27682.56
28020.04
28357.51
28695.25
29033.50
29370.50
29704.88
30043.39
30382.41
30719.89
31050.66
31386.59
31723.81
32060.77
32803.53
33054.95
33391.39
33728.35
34064.80
34346.89
34677.66
35011.36
35348.06
35685.54
36020.95
36358.43
36675.28
36792.32
36956.81
36957.84
37066.64
37197.86
37225.45
37274.43
37337.94
37339.48
37346.45
37353.66
37361.14
37368.62
37376.09
37383.31
37390.79
37398.27
37405.74
37413.22
37420.70
37427.91
37435.39
37442.61
37450.09
37457.56
37465.04
37472.26
37479.73
37487.21
37494.69
37503.71
37509.38
37516.86
37524.34
37531.81
37539.03
37546.51
37553.98
37561.46
37568.94
37576.16
37583.63
37595.49
37599.10
37600.91
37602.71
37604.77
37606.58
37608.38
37613.02
37668.71
37759.46
37806.13
37888.12
37931.83
37974.77
38018.59
38054.95
38178.95
38228.52
38295.04
38341.44
38398.16
38463.43
38555.47
38606.52
38709.13
38796.01
38863.30
38966.96
39044.30
39088.13
39131.96
39185.32
39230.70
39266.02
39301.82
39327.34
39345.91
39380.97
39456.77
39576.39
39660.95
39802.23
39894.27
40032.72
40137.91
40281.51
40427.17
40571.29
40715.41
40833.74
40882.73
41024.59
41167.41
41311.02
41456.42
41601.57
41733.31
41846.23
41920.23
41936.73
42040.37
42145.55
42192.22
42315.97
42458.02
42574.81
42609.36
42675.36
42762.50
42808.91
42870.52
42948.64
43031.91
43077.29
43119.31
43166.75
43200.66
43237.79
43272.59
43299.14
43338.33
43400.72
43418.25
43443.78
43471.11
43496.11
43543.29
43561.60
43627.34
43691.54
43755.21
43820.18
43884.89
43950.38
44012.51
44074.13
44136.78
44198.91
44247.92
44297.42
44333.25
44336.61
44386.88
44443.08
44501.09
44561.42
44619.94
44678.21
44741.80
44796.46
44849.31
44904.48
44959.66
45014.83
45074.12
45127.75
45182.15
45235.77
45290.17
45343.80
45394.84
45444.34
45494.62
45546.18
45595.16
45645.95
45699.06
45751.66
45802.45
45850.14
45900.16
45947.59
45998.12
46048.40
46097.38
46143.02
46192.00
46238.66
46289.45
46320.91
46475.85
47163.70
47839.42
48362.27
48892.07
49411.30
49958.38
50488.70
50970.55
9.69
55.05
92.27
129.93
167.82
206.36
243.22
279.83
316.96
353.82
393.07
429.17
465.00
502.39
538.48
574.32
610.67
647.02
682.86
720.50
755.82
796.59
831.91
869.81
905.65
941.23
976.55
1014.19
1050.02
1085.34
1120.41
1156.50
1192.08
1227.14
1262.72
1298.04
1334.39
1369.20
1404.26
1441.64
1477.22
1512.54
1590.14
1593.23
1628.81
1664.39
1701.00
1736.58
1772.41
1807.73
1843.57
1878.89
1914.73
1950.30
1985.62
2021.46
2056.78
2092.10
2126.91
2162.23
2198.32
2233.90
2268.70
2303.77
2339.09
2374.15
2409.21
2444.79
2479.59
2513.62
2548.17
2584.52
2619.07
2653.88
2688.94
2722.97
2757.26
2793.61
2827.90
2862.70
2902.41
2937.47
2972.02
3006.30
3041.62
3077.20
3112.01
3214.36
3234.64
3271.00
3306.57
3342.41
3376.96
3413.05
3448.37
3483.43
3519.01
3554.33
3590.17
3625.23
3660.29
3695.87
3730.93
3766.25
3801.32
3836.89
3872.47
3906.76
3942.34
3977.92
4013.50
4048.04
4082.33
4116.62
4153.49
4201.96
4222.84
4258.16
4292.71
4327.77
4363.61
4398.67
4433.21
4467.25
4502.31
4538.40
4572.95
4608.01
4614.71
4667.81
4806.15
4973.80
5126.44
5279.80
5471.82
5634.25
5830.24
5994.72
6159.46
6371.32
6532.21
6698.25
6865.82
7026.96
7260.68
7413.82
7577.79
7825.09
8174.36
8525.90
9159.25
9291.95
9644.07
9998.30
10346.86
10715.05
11059.88
11365.64
11721.94
12164.89
12539.26
12893.43
13247.14
13601.64
13956.39
14297.21
14660.86
14983.00
15341.82
15700.70
16059.06
16552.40
16911.79
17271.70
17629.80
17991.00
18362.37
18719.70
19075.73
19430.50
19788.86
20070.39
20426.95
20784.38
21112.06
21474.55
21831.62
22109.28
22466.99
23869.23
24114.82
24474.99
24833.86
25194.29
25557.80
25917.88
26278.81
26640.27
27001.46
27362.66
27719.73
28077.31
28437.73
28797.12
29153.68
29512.40
29871.27
30226.80
30584.64
30942.23
31299.30
31652.35
32011.74
32371.39
34253.93
34460.22
34817.96
35105.32
35463.93
35823.84
36183.75
36542.36
36900.46
37257.54
37438.00
37771.10
37991.53
38357.11
38719.07
39083.11
39339.11
39579.39
39638.18
39705.46
39860.41
39898.57
39926.15
40294.94
40302.35
40303.38
40310.34
40312.15
40314.21
40316.02
40317.82
40322.72
40341.28
40410.63
40438.67
40552.86
40607.75
40662.50
40716.46
40771.11
40820.28
40854.46
40856.00
40907.31
40958.61
41000.89
41065.14
41144.03
41235.55
41342.03
41448.76
41487.69
41581.07
41688.84
41798.15
41905.66
41966.86
42000.11
42049.61
42082.87
42127.99
42158.93
42188.06
42205.59
42231.11
42321.86
42441.49
42586.12
42687.44
42817.64
42918.96
43036.78
43146.61
43265.97
43407.21
43487.18
43612.48
43752.21
43888.34
44026.53
44173.22
44319.40
44423.82
44459.39
44601.71
44705.61
44848.95
44921.39
45014.72
45095.16
45202.93
45281.04
45383.65
45440.89
45540.40
45663.64
45718.81
45800.02
45874.27
45923.51
45994.15
46037.21
46088.77
46147.04
46181.84
46209.94
46236.50
46260.73
46283.68
46309.20
46338.33
46365.92
46372.62
46409.23
46456.93
46509.00
46569.62
46630.46
46689.50
46752.15
46813.77
46873.84
46932.88
46994.23
47054.56
47112.83
47170.32
47226.78
47284.02
47343.05
47397.71
47452.62
47503.43
47551.64
47600.11
47652.96
47708.90
47765.11
47821.82
47878.03
47935.00
47991.21
48047.41
48105.68
48164.71
48221.18
48273.25
48326.11
48381.79
48438.00
48493.43
48549.37
48605.57
48659.97
48712.57
48768.00
48821.62
48874.47
48928.10
48979.66
49030.19
49077.63
49128.16
49178.43
49229.22
49280.27
49330.29
49379.01
49428.51
49476.72
49495.54
49653.58
50358.96
51066.39
51599.55
52144.05
52682.11
53245.43
53791.73
54319.21
54470.04
9.41
53.93
91.21
129.35
164.67
202.67
237.99
273.83
310.70
345.76
382.11
420.32
455.64
491.74
526.54
561.35
597.70
633.54
667.82
703.66
739.75
791.57
813.97
850.06
884.61
920.45
954.48
990.05
1024.86
1060.70
1095.50
1130.56
1165.37
1200.17
1235.23
1268.75
1303.81
1338.36
1373.42
1408.74
1444.84
1480.67
1515.48
1593.85
1628.79
1663.34
1698.40
1733.72
1769.56
1803.85
1839.43
1873.71
1908.78
1943.84
1977.87
2012.68
2046.71
2082.29
2117.86
2151.89
2186.70
2221.76
2255.54
2290.34
2325.14
2358.40
2393.46
2427.75
2461.27
2496.33
2531.39
2566.46
2599.71
2634.26
2668.81
2702.58
2736.61
2770.90
2805.45
2839.48
2872.48
2912.70
2946.47
2981.02
3015.82
3049.60
3083.89
3118.69
3221.30
3240.69
3275.23
3309.78
3344.84
3378.62
3413.94
3448.23
3483.55
3518.87
3553.67
3588.22
3623.54
3657.05
3692.38
3726.66
3760.95
3795.76
3829.53
3864.85
3899.91
3934.98
3968.23
4003.30
4038.10
4071.10
4106.16
4140.71
4174.48
4212.64
4242.80
4277.09
4310.87
4346.19
4380.99
4415.54
4449.05
4483.60
4518.41
4552.18
4586.21
4620.50
4655.30
4688.56
4722.34
4756.88
4791.43
4824.43
4858.98
4893.52
4923.95
5004.28
5138.25
5291.65
5452.40
5603.47
5781.65
5948.71
6144.09
6307.28
6473.83
6677.53
6846.58
7010.55
7172.97
7336.94
7559.81
7721.72
7884.91
8048.27
8210.95
8468.36
8836.66
9191.75
9536.57
9859.86
10188.36
10520.25
10851.54
11234.16
11527.33
11816.34
12244.64
12577.48
12929.75
13265.94
13600.64
13934.76
14270.18
14605.85
14927.92
15273.31
15581.14
15920.47
16260.53
16738.90
17076.38
17417.20
17753.13
18092.41
18430.92
18861.94
19119.75
19458.78
19795.48
20134.00
20400.58
20739.86
21080.69
21420.75
21728.57
22069.14
22408.94
22715.60
23224.79
23564.07
23906.18
24282.76
24599.28
24945.52
25287.38
25631.05
25971.10
26310.80
26652.40
26991.16
27328.64
27668.18
28004.88
28344.16
28683.96
29022.21
29361.49
29700.00
30041.09
30383.72
30723.52
31059.45
31398.98
31736.72
32072.88
32409.58
33875.76
34086.78
34430.18
34767.40
35102.48
35439.99
35754.78
35942.47
36266.80
36604.53
36942.78
37282.58
37621.34
37964.49
38116.60
38319.24
38660.84
39006.31
39347.91
39691.84
40037.30
40380.97
40724.89
41066.23
41408.87
41754.85
42092.07
42306.57
42368.19
42457.39
42615.69
42670.86
42684.01
42763.93
42805.54
42808.11
42814.04
42821.52
42828.74
42836.47
42843.69
42851.17
42858.90
42865.86
42873.34
42880.82
42888.29
42895.51
42902.99
42910.46
42917.94
42925.16
42932.64
42940.11
42947.59
42954.81
42962.29
42969.76
42977.24
42984.46
42991.93
42999.41
43006.89
43014.36
43021.84
43029.06
43036.79
43044.01
43051.49
43058.96
43066.44
43073.66
43081.14
43088.61
43096.09
43107.69
43107.95
43114.91
43116.71
43118.52
43120.32
43122.13
43123.93
43128.83
43145.07
43213.65
43243.65
43323.32
43407.19
43464.76
43520.39
43576.43
43631.75
43687.95
43719.92
43775.06
43822.64
43892.77
43968.82
44049.26
44093.09
44162.70
44264.73
44333.05
44422.77
44482.58
44577.97
44682.25
44785.37
44883.08
44923.30
44980.54
45018.43
45067.16
45099.90
45122.85
45146.05
45238.61
45377.05
45445.11
45558.29
45679.46
45823.84
45924.90
46042.98
46140.18
46261.61
46368.60
46511.68
46627.44
46767.69
46847.61
46951.77
47089.44
47168.33
47309.61
47449.86
47589.34
47651.47
47759.75
47885.57
47993.85
48113.21
48255.27
48334.68
48412.54
48499.70
48573.18
48672.95
48727.61
48793.09
48855.23
48919.42
49013.01
49085.45
49137.02
49179.81
49222.35
49270.00
49317.18
49358.95
49389.88
49414.63
49442.48
49469.80
49497.65
49506.93
49526.78
49558.23
49610.05
49646.15
49695.91
49743.60
49796.71
49855.49
49916.34
49972.54
50027.45
50087.01
50147.08
50204.57
50263.61
50322.65
50379.46
50435.41
50492.49
50551.79
50609.28
50664.45
50718.34
50773.51
50827.39
50878.95
50931.29
50982.59
51032.87
51084.69
51136.25
51192.20
51248.14
51301.77
51354.88
51407.47
51459.55
51515.75
51568.34
51625.06
51682.81
51737.47
51793.93
51849.36
51906.85
51958.16
52008.69
52064.12
52116.45
52167.76
52218.55
52269.85
52322.70
52374.52
52422.22
52473.01
52526.12
52580.26
52633.37
52684.67
52735.98
52787.28
52834.98
52883.19
52911.80
53278.67
53972.19
54662.87
55199.63
55749.55
56293.79
56858.40
57410.63
57947.14
58252.39
9.30
52.75
89.48
126.41
162.24
197.56
234.45
269.77
304.05
339.38
374.70
412.60
447.66
482.46
517.79
552.85
587.91
622.46
656.75
691.04
726.87
761.42
799.58
834.64
869.71
904.51
939.32
973.86
1008.41
1042.96
1077.25
1111.79
1146.34
1180.63
1214.92
1248.95
1282.98
1317.01
1351.04
1385.07
1418.85
1454.17
1488.46
1522.49
1599.06
1633.43
1667.97
1702.26
1736.81
1771.36
1805.64
1839.93
1874.22
1908.51
1942.54
1976.83
2010.86
2044.64
2078.67
2118.63
2146.21
2179.99
2213.50
2247.54
2281.82
2315.86
2350.14
2384.43
2417.95
2451.72
2485.24
2519.01
2552.53
2586.30
2620.59
2654.88
2688.14
2721.65
2755.17
2788.43
2822.46
2856.49
2911.14
2926.61
2960.90
2994.42
3028.19
3062.22
3095.74
3129.51
3230.83
3248.19
3282.22
3316.51
3350.54
3384.57
3418.86
3452.89
3487.18
3521.21
3555.50
3589.79
3624.08
3658.11
3692.40
3726.69
3760.21
3794.24
3828.01
3861.79
3895.56
3929.07
3962.85
3997.14
4031.43
4065.71
4099.23
4132.75
4166.52
4199.78
4233.04
4267.07
4301.36
4335.13
4368.64
4402.16
4435.68
4468.93
4502.96
4537.25
4570.51
4603.77
4637.03
4670.29
4703.54
4736.80
4770.83
4804.86
4838.38
4871.64
4904.89
4938.67
4972.96
5006.21
5039.73
5072.99
5105.99
5140.02
5174.31
5207.31
5240.31
5250.11
5255.18
5392.34
5531.34
5682.68
5847.07
6020.96
6185.96
6392.51
6551.55
6717.58
6885.16
7089.66
7262.91
7433.84
7603.73
7887.07
7992.77
8156.99
8320.77
8491.44
8660.57
8828.66
8980.95
9355.88
9707.36
10086.31
10389.95
10785.84
11078.69
11428.00
11853.99
12292.27
12539.13
12874.80
13225.68
13596.12
13947.26
14295.64
14648.58
14998.95
15347.40
15685.65
16043.54
16364.00
16852.25
17207.78
17564.33
17918.05
18274.61
18631.93
18987.20
19342.98
19707.30
20060.77
20414.48
20695.00
21037.72
21391.70
21745.16
22099.14
22421.66
22773.44
24155.57
24315.96
24674.84
25037.86
25396.47
25754.06
26111.64
26469.75
26826.14
27181.92
27539.50
27895.80
28255.71
28612.52
28969.85
29324.60
29678.42
30033.43
30384.83
30738.80
31089.43
31440.83
31797.38
32151.88
32505.08
33471.11
33512.89
33865.06
34220.59
34573.02
34926.22
35273.76
35626.96
35982.74
36333.72
36620.67
36975.93
37330.17
37684.14
38040.18
38402.15
38575.92
38760.51
39105.72
39464.08
39825.28
40184.93
40542.77
40901.39
41259.49
41619.91
41976.46
42334.82
42692.15
43048.19
43408.61
43767.23
44123.27
44481.37
44835.83
45094.67
45245.75
45272.30
45408.69
45536.82
45564.92
45583.48
45656.19
45697.83
45702.98
45710.46
45717.94
45725.16
45732.63
45740.11
45747.33
45754.80
45762.28
45769.50
45777.23
45784.45
45791.67
45799.15
45806.62
45814.10
45821.32
45828.54
45836.27
45843.49
45850.97
45858.19
45865.66
45873.14
45880.36
45887.84
45895.31
45902.79
45910.01
45917.48
45924.96
45932.18
45939.66
45947.13
45954.61
45962.09
45969.30
45976.52
45984.00
45991.48
45998.70
46006.17
46023.19
46024.22
46031.18
46032.73
46034.53
46036.08
46037.88
46039.69
46042.27
46053.61
46085.06
46180.04
46211.88
46257.78
46295.16
46335.90
46448.82
46503.91
46556.19
46609.56
46674.79
46676.07
46727.76
46773.65
46858.47
46927.82
46994.60
47035.85
47098.38
47173.66
47206.14
47276.01
47357.99
47453.90
47509.55
47588.70
47691.05
47774.32
47856.30
47959.69
48018.73
48087.30
48121.34
48152.53
48178.05
48301.29
48445.97
48512.23
48609.16
48747.35
48852.80
48963.69
49057.79
49185.92
49327.46
49469.52
49541.45
49637.87
49721.91
49814.73
49925.33
50015.56
50131.84
50235.73
50303.54
50397.12
50530.16
50663.19
50735.38
50841.34
50976.43
51107.66
51240.17
51294.83
51410.59
51507.78
51651.38
51770.55
51877.03
52004.13
52076.84
52157.41
52232.17
52308.74
52370.88
52425.53
52473.48
52528.91
52583.31
52630.49
52681.54
52761.46
52796.01
52832.62
52876.70
52904.03
52928.27
52954.05
52982.92
52989.62
53011.80
53034.23
53085.53
53139.41
53173.70
53208.77
53260.59
53313.70
53368.87
53420.43
53471.99
53525.10
53581.82
53639.48
53692.59
53748.28
53808.09
53865.32
53922.56
53980.05
54036.25
54091.68
54146.60
54202.03
54253.33
54309.54
54366.00
54423.23
54478.66
54533.32
54586.17
54637.21
54689.04
54742.14
54793.96
54848.36
54899.93
54956.90
55013.88
55062.61
55117.78
55165.47
55210.85
55259.57
55315.26
55373.79
55425.09
55477.43
55530.28
55582.36
55635.72
55689.86
55741.43
55791.44
55841.78
55894.37
55944.39
55995.69
56047.51
56101.65
56155.54
56212.77
56268.46
56322.60
56375.96
56433.46
56486.74
56536.50
56586.77
56621.06
57045.94
57728.88
58431.42
58965.61
59504.18
60045.84
60587.51
61138.71
61678.05
62214.82
62374.92
8.41
52.27
88.43
124.84
159.91
194.71
232.12
267.44
301.98
336.79
371.34
409.00
443.55
478.09
513.41
547.96
581.99
615.77
649.02
683.31
718.12
752.92
791.71
827.03
860.80
894.83
928.61
962.38
996.93
1031.21
1067.57
1099.02
1134.34
1168.37
1201.63
1235.92
1270.21
1303.46
1338.01
1371.53
1404.27
1441.65
1474.91
1508.68
1541.94
1585.87
1619.90
1653.67
1687.96
1722.51
1756.28
1789.80
1825.12
1858.63
1891.63
1924.63
1959.70
1992.95
2026.73
2061.53
2094.79
2128.56
2162.59
2195.59
2230.40
2263.40
2296.14
2329.91
2363.43
2396.69
2431.23
2464.23
2498.52
2531.27
2565.04
2598.04
2630.01
2664.04
2696.78
2731.33
2764.07
2798.10
2830.84
2864.88
2916.18
2935.26
2968.52
3002.80
3035.80
3069.84
3102.84
3135.06
3236.90
3255.93
3289.19
3322.70
3356.99
3390.51
3424.80
3459.34
3492.60
3526.63
3560.66
3594.18
3628.47
3661.98
3694.73
3727.98
3762.27
3795.79
3830.34
3863.85
3896.59
3930.88
3963.62
3997.91
4030.66
4062.88
4096.91
4129.91
4164.46
4197.20
4238.45
4263.72
4297.75
4330.23
4362.46
4396.49
4429.49
4463.78
4496.01
4530.30
4562.52
4596.55
4628.27
4661.78
4694.52
4728.81
4761.30
4795.07
4827.55
4861.33
4893.30
4926.55
4959.30
4993.33
5025.81
5059.84
5091.81
5125.59
5157.30
5190.81
5223.04
5257.07
5289.30
5323.07
5355.55
5388.55
5420.01
5453.78
5486.78
5520.04
5553.30
5578.56
5650.62
5787.88
5941.02
6089.00
6248.18
6425.66
6593.49
6789.59
6962.58
7134.02
7346.96
7523.93
7692.29
7863.21
7979.23
8207.77
8377.41
8555.30
8717.81
8886.94
9055.55
9223.38
9587.93
9647.91
9942.06
10269.89
10608.20
10967.18
11309.92
11661.00
12015.50
12457.46
12792.05
13138.14
13477.17
13832.18
14202.95
14560.02
14911.16
15263.79
15615.90
15970.13
16309.93
17360.57
17493.16
17852.55
18213.49
18573.91
18933.56
19292.43
19651.31
20006.83
20377.40
20734.47
21052.36
21370.92
21727.22
22086.09
22444.71
22798.27
23125.44
23689.61
24047.97
24405.04
24685.28
25047.77
25408.96
25776.08
26137.28
26497.18
26858.38
27219.83
27581.42
27941.33
28300.20
28661.14
29022.85
29384.56
29744.73
30100.77
30457.84
30816.97
31175.84
31534.72
31893.08
32249.63
32607.48
33185.75
33627.18
33977.45
34333.74
34689.78
35045.82
35397.16
35757.84
36114.14
36472.24
36827.18
37184.77
37476.87
37834.97
38193.33
38552.98
38793.00
39100.83
39464.09
39642.23
40003.17
40367.20
40728.40
41089.85
41453.37
41816.62
42177.05
42540.56
42902.79
43262.18
43622.09
43984.05
44346.54
44708.51
45067.90
45427.92
45788.60
46152.11
46513.31
46872.70
47235.18
47594.32
50168.57
50185.71
50244.15
50290.29
50343.66
50400.11
50454.15
50508.29
50568.82
50642.30
50663.96
50690.51
50772.50
50837.46
50895.21
50987.51
51045.78
51091.93
51142.71
51185.00
51258.99
51315.33
51355.55
51425.93
51498.12
51585.52
51663.64
51746.14
51823.74
51889.22
51964.50
52036.43
52105.22
52175.34
52212.21
52353.49
52495.03
52637.09
52784.55
52825.80
52918.62
53053.45
53168.18
53316.68
53439.14
53524.48
53605.95
53739.49
53880.50
54013.01
54087.26
54207.14
54319.04
54379.11
54451.55
54577.36
54667.08
54752.68
54888.54
54938.30
55040.89
55151.50
55248.43
55381.46
55496.45
55575.60
55718.04
55856.74
55998.28
56052.68
56171.01
56309.71
56442.23
56578.61
56662.92
56703.39
56758.05
56829.21
56878.71
56926.40
56966.36
57004.26
57039.84
57080.57
57115.64
57153.54
57183.44
57208.71
57227.27
57253.82
57282.70
57309.00
57318.79
57358.24
57412.12
57462.39
57513.96
57566.29
57619.92
57672.05
57724.64
57780.07
57835.76
57893.25
57942.24
57995.35
58050.78
58108.27
58164.47
58218.87
58276.11
58332.05
58391.61
58448.32
58503.75
58562.02
58618.48
58672.11
58729.34
58785.54
58844.32
58901.04
58958.54
59010.87
59065.27
59117.09
59170.71
59226.66
59279.77
59331.07
59384.70
59439.61
59494.53
59548.41
59599.97
59648.96
59699.23
59743.83
59791.01
59839.22
59892.07
59946.32
59999.17
60052.54
60104.88
60157.73
60207.74
60259.82
60311.38
60363.46
60414.51
60464.01
60514.02
60565.33
60616.38
60667.42
60716.92
60769.52
60820.82
60867.48
60920.59
60970.61
61020.37
61070.38
61119.37
61171.19
61222.49
61245.18
61572.60
62266.38
62978.20
63581.48
64131.91
64685.95
65232.51
65796.86
66355.02
66905.97
67403.03
8.87
51.60
88.07
123.96
158.25
193.57
229.79
263.56
296.56
331.11
366.68
403.39
437.17
471.97
505.23
540.81
572.78
607.58
640.84
675.39
709.42
742.42
797.07
816.16
850.71
883.71
916.97
950.48
985.29
1018.29
1053.09
1087.12
1119.87
1153.38
1186.38
1220.93
1254.70
1287.19
1320.96
1353.45
1386.45
1420.48
1456.31
1489.05
1522.31
1555.57
1598.29
1633.09
1665.83
1700.38
1734.15
1766.89
1800.67
1833.41
1868.21
1901.73
1934.73
1968.76
2000.73
2034.25
2068.54
2101.79
2134.28
2167.28
2200.02
2233.28
2266.54
2300.05
2333.57
2365.02
2398.54
2432.57
2465.57
2498.05
2531.31
2563.79
2597.05
2629.79
2663.05
2696.05
2728.02
2760.76
2793.76
2827.02
2860.02
2891.73
2931.69
2963.14
2995.11
3028.63
3062.40
3095.66
3127.89
3249.83
3278.88
3312.39
3346.68
3379.17
3413.46
3446.97
3478.68
3512.46
3546.49
3579.23
3612.75
3646.52
3677.97
3711.75
3746.04
3779.29
3811.52
3845.04
3877.78
3910.52
3943.52
3977.04
4010.29
4041.23
4074.75
4108.52
4141.78
4174.78
4205.97
4238.97
4272.49
4305.75
4337.97
4370.20
4402.94
4436.46
4469.20
4501.43
4533.91
4566.65
4600.43
4632.65
4664.88
4697.62
4730.11
4763.62
4795.85
4828.33
4860.82
4893.56
4927.07
4959.30
4991.53
5023.75
5056.24
5089.50
5122.50
5154.98
5185.66
5218.40
5251.66
5284.66
5317.40
5348.34
5381.08
5413.57
5446.31
5478.79
5510.76
5544.02
5576.50
5608.99
5639.15
5671.89
5704.89
5737.38
5769.61
5801.32
5834.57
5867.06
5938.47
5940.54
5952.39
6061.12
6197.00
6339.82
6495.16
6651.84
6825.60
6980.29
7174.56
7343.43
7508.69
7713.89
7878.79
8051.27
8220.66
8387.20
8613.89
8779.14
8952.91
9109.14
9274.66
9440.95
9604.92
9857.20
10019.88
10181.78
10345.75
10586.70
10938.03
11234.59
11584.54
11903.71
12233.25
12659.42
12961.32
13372.55
13650.18
13976.57
14297.55
14633.73
14988.78
15325.00
15657.66
15993.33
16330.03
16665.19
17143.35
17476.51
17781.50
18122.07
18462.33
18804.96
19145.02
19485.33
19825.64
20166.21
20506.01
20896.89
21194.86
21461.69
21801.49
22139.37
22478.65
22819.73
23153.60
23708.62
24048.41
24358.56
24698.36
25039.70
25303.70
25647.37
25989.74
26349.77
26680.29
27023.70
27368.65
27712.83
28052.62
28390.37
28733.00
29077.95
29418.78
29761.93
30103.53
30443.84
30785.96
31127.56
31468.65
31808.19
32145.92
32485.98
32827.32
34111.74
34165.28
34506.11
34837.36
35177.93
35514.46
35854.52
36194.83
36532.05
36867.72
37208.55
37545.29
37880.19
38158.37
38498.43
38837.71
39155.59
39360.81
39701.64
40044.53
40254.39
40557.83
40898.92
41244.39
41589.08
41931.71
42276.67
42616.72
42959.36
43304.05
43646.94
43991.89
44333.75
44676.64
45019.79
45364.49
45707.38
46050.79
46387.86
46728.95
47074.16
47417.82
47759.42
50455.11
50638.77
50980.89
51316.09
51658.98
51871.16
52139.55
52166.36
52235.71
52376.99
52467.48
52494.04
52516.98
52593.81
52635.63
52640.01
52647.49
52654.71
52662.18
52669.66
52676.88
52684.10
52691.57
52699.05
52706.53
52713.75
52721.22
52728.44
52735.92
52743.14
52750.61
52758.09
52765.31
52772.79
52780.00
52787.48
52794.70
52802.18
52811.71
52816.87
52824.35
52831.82
52839.04
52846.52
52854.00
52861.47
52868.69
52876.17
52883.64
52891.12
52898.34
52905.82
52913.04
52920.51
52927.99
52935.46
52942.94
52950.16
52957.38
52964.86
52972.33
52979.55
52987.03
52994.50
53009.71
53010.23
53017.19
53018.74
53020.54
53022.09
53023.89
53025.44
53026.99
53028.79
53033.69
53049.42
53147.13
53186.10
53250.34
53304.42
53363.38
53417.01
53461.87
53518.23
53574.43
53631.67
53688.50
53761.46
53837.51
53892.85
53978.96
54056.30
54141.12
54182.89
54262.04
54334.48
54389.66
54425.75
54487.63
54529.14
54582.25
54636.90
54674.54
54704.96
54794.68
54874.35
54943.44
55041.15
55088.33
55150.84
55221.06
55307.69
55378.84
55444.84
55485.32
55633.39
55780.34
55927.81
56072.45
56199.55
56313.24
56322.78
56420.75
56525.16
56646.85
56765.45
56892.80
57009.08
57126.12
57266.38
57341.14
57414.62
57519.03
57612.88
57750.03
57887.19
57968.14
58038.01
58105.96
58181.75
58239.25
58358.87
58421.26
58489.58
58625.71
58693.00
58747.39
58850.00
58978.91
59115.55
59254.25
59392.96
59532.69
59574.97
59665.46
59775.04
59876.61
59993.92
60109.93
60205.84
60324.69
60436.58
60510.06
60560.59
60616.28
60669.90
60721.98
60751.11
60782.57
60808.61
60833.10
60849.86
60876.15
60902.45
60932.10
60959.43
61012.79
61066.68
61122.97
61175.82
61227.12
61282.81
61337.73
61393.67
61450.13
61508.91
61565.63
61620.29
61675.72
61732.18
61784.26
61838.40
61891.51
61949.00
62001.85
62053.67
62106.52
62158.86
62211.97
62267.66
62326.18
62383.41
62441.94
62497.88
62556.41
62613.64
62670.10
62721.92
62775.80
62826.34
62878.60
62932.23
62983.27
63031.48
63082.27
63131.52
63182.56
63233.87
63284.91
63334.41
63384.95
63436.25
63489.36
63539.63
63590.42
63641.73
63691.23
63743.56
63793.84
63844.88
63899.54
63955.48
64010.40
64059.12
64111.46
64161.99
64210.20
64257.38
64305.85
64356.64
64409.75
64465.18
64518.03
64570.62
64620.64
64671.69
64723.77
64774.55
64823.80
64873.81
64919.45
64968.43
65019.48
65068.20
65118.99
65130.85
65832.62
66538.25
67257.29
67803.85
68353.25
68913.22
69461.84
70029.03
70589.26
71145.10
71688.83
71708.94
8.82
52.03
85.96
120.80
154.58
187.84
222.74
256.77
290.03
322.51
356.29
390.32
424.88
458.13
492.16
525.42
558.16
590.39
623.91
656.65
688.62
721.88
755.13
791.91
825.43
858.43
891.17
923.39
956.65
989.65
1021.88
1054.11
1087.11
1119.59
1151.56
1183.53
1216.27
1248.75
1279.69
1313.21
1345.43
1377.40
1408.60
1441.08
1475.89
1507.34
1539.82
1611.50
1614.46
1645.66
1679.17
1712.43
1745.17
1776.62
1809.88
1842.37
1874.34
1906.30
1938.79
1970.76
2002.47
2034.70
2067.95
2100.18
2131.38
2163.86
2195.83
2227.02
2259.51
2292.51
2324.22
2355.16
2387.12
2419.61
2450.55
2483.29
2515.26
2545.94
2577.65
2610.91
2642.10
2673.04
2704.49
2737.49
2767.91
2800.14
2831.34
2862.27
2895.27
2940.91
2963.34
2995.30
3026.50
3057.70
3090.44
3122.66
3153.60
3257.50
3268.46
3301.72
3332.66
3365.92
3398.14
3430.11
3461.57
3494.05
3526.28
3557.21
3590.99
3622.96
3654.67
3686.12
3718.35
3750.83
3781.77
3815.03
3847.00
3878.45
3909.64
3942.13
3975.13
4005.81
4038.29
4069.75
4100.68
4133.68
4165.91
4197.36
4228.04
4272.64
4292.50
4323.18
4355.14
4387.11
4418.05
4450.54
4482.25
4512.93
4545.15
4577.38
4608.57
4639.51
4672.00
4704.22
4734.64
4766.36
4798.84
4829.78
4861.75
4892.68
4923.36
4956.36
4987.82
5018.50
5050.46
5082.69
5113.63
5144.05
5177.31
5207.99
5238.67
5270.89
5302.61
5333.03
5364.48
5396.71
5427.13
5458.32
5490.55
5520.97
5552.17
5584.39
5614.82
5646.53
5678.50
5708.92
5740.63
5772.08
5803.02
5834.47
5865.67
5896.61
5960.80
5968.02
6000.76
6031.18
6062.89
6094.61
6125.54
6157.77
6188.96
6219.39
6252.39
6283.84
6313.49
6325.30
6454.16
6580.08
6718.01
6867.96
7019.86
7190.46
7347.73
7537.12
7707.02
7870.47
8077.58
8245.09
8414.47
8578.66
8745.98
8971.64
9136.89
9299.57
9469.21
9623.39
9788.13
9949.78
10441.68
10526.27
10687.92
10849.31
11018.69
11195.59
11464.75
11794.36
12156.84
12451.34
12866.80
13203.94
13493.98
13825.01
14174.10
14497.57
14813.90
15147.25
15516.09
15826.85
16157.46
16487.71
16819.78
17293.25
17625.83
17958.67
18289.73
18591.89
18929.12
19264.80
19605.11
19942.59
20277.48
20614.19
20948.57
21282.95
21642.20
21892.02
22228.46
22563.88
22899.20
23232.44
24573.58
24786.98
25094.03
25431.25
25767.95
26026.28
26366.59
26704.07
27065.78
27390.37
27728.62
28069.70
28411.30
28749.30
29089.17
29428.45
29765.15
30105.30
30444.84
30781.28
31121.59
31458.30
31794.23
32132.48
32471.50
32805.62
33143.88
33799.58
34132.16
34467.32
34803.25
35138.92
35468.24
35801.17
36135.04
36470.71
36807.67
37143.60
37477.46
37815.20
38145.96
38480.09
38816.53
39091.10
39426.26
39601.05
39938.02
40276.01
40612.97
40950.70
41114.16
41453.44
41793.49
42132.26
42471.02
42811.08
43152.16
43489.90
43829.95
44170.27
44507.48
44848.31
45189.91
45526.10
45869.51
46209.30
46546.52
46885.88
47227.22
47563.93
47904.50
50570.02
50758.93
51098.21
51435.69
51775.75
52116.28
52452.46
52790.71
53128.19
53461.80
53799.79
54139.59
54473.46
54813.25
55041.16
55293.04
55345.64
55375.29
55507.17
55643.04
55676.29
55692.54
55744.61
55931.68
55933.25
55940.47
55947.95
55955.42
55962.64
55970.12
55977.34
55984.55
55992.03
55999.51
56006.73
56014.20
56021.42
56028.64
56036.12
56043.59
56050.81
56058.29
56065.77
56072.98
56080.46
56087.94
56095.16
56102.63
56109.85
56117.33
56126.87
56132.02
56139.24
56146.72
56154.20
56161.41
56168.89
56176.11
56183.59
56190.80
56198.28
56205.50
56212.98
56220.45
56231.54
56239.79
56240.05
56246.75
56248.30
56249.84
56251.39
56252.94
56254.48
56256.03
56257.58
56259.38
56264.02
56265.31
56328.73
56396.69
56430.09
56495.84
56550.72
56607.55
56662.31
56710.87
56752.14
56803.96
56857.07
56910.19
56968.97
57040.79
57045.94
57126.24
57229.88
57287.37
57362.91
57463.97
57536.99
57606.34
57656.10
57701.48
57782.17
57847.91
57895.61
57926.03
57960.84
58011.88
58039.47
58075.82
58152.91
58174.30
58233.86
58302.57
58381.98
58450.30
58525.32
58594.16
58658.35
58730.28
58796.02
58842.43
58946.59
59092.25
59224.77
59254.16
59396.73
59498.05
59642.68
59786.54
59932.20
60075.55
60188.47
60278.19
60300.10
60377.70
60477.48
60599.94
60745.86
60840.48
60955.46
61093.39
61213.01
61305.31
61394.25
61471.86
61516.20
61588.64
61722.19
61858.32
61988.77
62026.67
62104.01
62148.61
62211.78
62256.89
62302.27
62396.37
62433.75
62469.07
62516.25
62626.60
62704.71
62760.66
62879.25
62952.21
63039.61
63128.30
63259.53
63395.65
63532.04
63586.69
63714.82
63833.93
63914.89
64024.71
64133.00
64215.50
64266.80
64309.08
64358.84
64386.43
64418.14
64445.46
64479.35
64490.43
64501.00
64522.14
64562.62
64609.80
64662.39
64714.73
64768.61
64821.21
64873.29
64929.23
64981.05
65035.45
65089.33
65142.96
65199.42
65254.33
65306.93
65358.75
65415.98
65469.61
65522.46
65575.82
65629.96
65681.08
65735.73
65791.94
65840.92
65890.94
65942.76
65994.32
66044.08
66096.93
66147.98
66202.89
66256.52
66257.03
66283.33
66338.76
66389.29
66438.53
66490.09
66540.88
66591.93
66642.72
66692.22
66740.43
66790.70
66841.23
66887.64
66934.56
66982.26
67028.15
67075.33
67123.02
67168.66
67217.64
67264.82
67313.03
67361.76
67406.88
67455.09
67501.23
67549.19
67598.17
67645.87
67690.98
67738.16
67788.18
67835.36
67881.77
67931.78
67979.73
68026.66
68076.67
68130.30
68180.05
68226.98
68273.12
68320.30
68368.00
68418.02
68466.23
68513.66
68559.04
68606.22
68652.88
68698.77
68740.80
68782.82
68832.32
68879.50
68926.16
68968.19
69188.10
69910.49
70608.65
71308.61
71837.64
72377.76
72926.64
73469.85
74021.05
74570.97
75117.53
75657.65
75964.96
8.20
51.92
86.52
120.46
153.20
186.97
222.61
254.83
288.35
321.35
353.32
387.35
422.79
454.75
489.04
521.79
554.01
585.72
619.50
651.98
683.18
715.40
749.43
802.80
819.46
850.91
883.66
916.91
948.37
980.85
1014.11
1045.05
1078.82
1110.02
1140.95
1173.18
1206.44
1237.38
1269.34
1302.34
1333.02
1364.99
1397.48
1427.90
1462.70
1494.41
1526.90
1558.87
1600.86
1632.05
1664.54
1697.54
1728.99
1761.47
1793.70
1825.67
1858.15
1890.12
1921.83
1954.83
1986.29
2018.00
2050.74
2082.45
2114.42
2147.93
2178.87
2209.81
2241.78
2274.78
2305.20
2337.17
2369.91
2400.33
2433.33
2464.53
2495.46
2528.46
2558.89
2591.63
2622.57
2653.50
2685.99
2717.96
2748.64
2780.09
2812.57
2842.74
2875.74
2905.90
2949.73
2972.93
3006.19
3037.39
3068.84
3100.81
3133.29
3163.71
3264.78
3278.75
3309.69
3343.21
3374.92
3405.60
3439.11
3471.08
3501.50
3535.28
3566.73
3597.93
3630.93
3662.38
3694.09
3726.32
3758.54
3789.74
3821.96
3854.45
3885.13
3916.84
3949.58
3980.26
4013.26
4044.71
4075.39
4108.39
4138.56
4171.82
4202.75
4233.43
4266.18
4297.89
4328.82
4360.54
4393.02
4423.44
4456.18
4487.12
4518.57
4550.29
4580.19
4613.19
4644.64
4675.32
4706.78
4739.26
4769.17
4802.43
4832.85
4865.07
4896.01
4926.69
4958.66
4990.63
5020.79
5053.28
5083.70
5115.67
5146.35
5177.29
5209.00
5240.96
5270.87
5303.61
5333.78
5366.00
5396.43
5427.62
5458.56
5490.53
5520.18
5552.66
5582.05
5614.54
5646.25
5676.15
5708.12
5738.54
5770.25
5800.68
5831.36
5862.29
5894.26
5924.43
5980.63
5996.61
6026.78
6059.00
6089.94
6120.88
6152.59
6182.50
6215.24
6246.95
6277.11
6309.08
6340.02
6371.21
6402.67
6616.65
6627.33
6659.55
6691.78
6721.95
6755.20
6778.92
6799.76
6938.27
7061.88
7206.29
7362.12
7540.01
7703.72
7861.50
8052.14
8226.68
8393.98
8601.61
8771.76
8947.85
9119.81
9348.75
9517.50
9686.62
9855.45
10030.50
10192.15
10359.99
10526.79
10781.68
10949.52
11117.10
11282.10
11444.78
11618.80
11782.51
11951.72
12211.18
12521.52
12934.73
13315.05
13627.01
13931.33
14283.74
14634.88
15000.27
15352.61
15677.71
16026.07
16409.99
16749.79
17264.44
17585.52
17936.66
18286.51
18637.65
18994.28
19337.94
19657.63
20013.39
20369.43
20725.72
21080.99
21436.51
21793.32
22146.79
22462.82
22787.92
23143.96
23493.27
24051.02
24404.74
24757.17
25108.83
25460.74
25816.27
26138.79
26494.83
26851.64
27122.86
27480.70
27883.91
28204.12
28560.93
28919.03
29276.36
29631.88
29990.75
30347.18
30704.25
31063.12
31418.64
31773.91
32132.53
32488.31
32842.29
33196.52
34755.00
34917.12
35272.90
35626.88
35973.28
36322.09
36677.10
37031.08
37386.86
37740.06
38095.07
38445.95
38800.45
39154.35
39507.55
39851.47
40094.59
40329.20
40685.24
41041.79
41399.38
41756.71
41948.78
42282.64
42640.49
42998.85
43359.01
43714.77
44075.19
44433.29
44789.85
45147.69
45506.05
45861.83
46220.71
46577.52
46933.56
47292.18
47648.33
48004.88
50228.77
50248.68
50606.79
50963.60
51320.67
51676.71
52033.00
52390.85
52748.43
53105.35
53461.39
53816.14
54168.83
54523.58
54879.36
55230.50
55576.02
55930.51
56282.43
56635.89
56990.38
57345.39
57697.30
58051.79
58389.79
58593.97
58700.71
58725.84
58811.17
58946.52
59038.05
59063.31
59069.50
59154.58
59607.90
59615.02
59622.50
59629.71
59641.57
59649.57
59655.24
59656.79
59658.07
59659.62
59661.17
59662.71
59664.26
59665.81
59667.10
59668.64
59670.19
59675.86
59685.40
59768.93
59811.17
59847.94
59911.88
59967.63
60021.50
60076.93
60133.04
60181.28
60225.11
60271.26
60325.11
60377.30
60445.04
60517.49
60618.04
60726.57
60834.86
60853.68
60877.05
60963.16
61048.49
61138.98
61243.40
61285.16
61335.95
61386.23
61475.95
61555.09
61587.84
61615.51
61657.53
61698.01
61734.10
61787.73
61845.48
61875.38
61902.45
61974.90
62058.69
62128.84
62190.46
62253.11
62327.87
62398.51
62432.29
62548.30
62690.36
62836.02
62977.56
63123.48
63267.86
63411.20
63556.86
63699.95
63845.61
63991.02
64063.46
64116.32
64237.49
64338.55
64422.77
64511.20
64583.28
64665.26
64745.96
64871.25
64971.54
65096.84
65232.45
65314.18
65447.46
65585.91
65652.17
65711.46
65772.31
65849.14
65909.46
66026.51
66154.64
66278.91
66308.04
66398.28
66433.60
66481.29
66544.20
66578.49
66621.03
66677.23
66747.10
66793.50
66855.12
66986.61
67036.88
67080.19
67156.25
67231.01
67314.54
67430.30
67545.80
67590.14
67686.05
67773.96
67864.77
67943.66
68058.91
68141.92
68208.44
68232.93
68260.77
68288.88
68316.46
68337.34
68341.21
68374.47
68425.00
68477.34
68526.06
68576.34
68628.67
68682.55
68705.50
68759.38
68814.04
68868.70
68925.32
68980.49
69035.40
69088.77
69143.43
69199.37
69256.61
69315.39
69373.39
69429.60
69482.19
69536.59
69589.44
69646.42
69699.79
69754.70
69808.84
69861.43
69916.86
69973.07
70025.66
70076.96
70129.30
70181.34
70233.68
70284.72
70338.09
70391.71
70443.54
70494.84
70548.72
70601.57
70655.20
70705.21
70756.78
70809.11
70861.19
70910.43
70961.22
71015.36
71069.50
71120.04
71167.47
71218.00
71264.41
71315.71
71361.86
71408.53
71458.03
71506.75
71553.93
71600.86
71647.78
71694.96
71744.97
71794.47
71842.94
71892.96
71942.46
71994.54
72043.78
72093.54
72142.26
72193.05
72241.26
72291.02
72339.23
72390.28
72414.51
72447.51
72496.75
72544.71
72593.69
72640.61
72689.34
72736.26
72780.86
72828.82
72875.74
72922.92
72973.19
73021.14
73070.13
73114.99
73163.71
73209.35
73215.02
73273.03
74102.15
74790.77
75493.05
76075.96
76613.25
77153.36
77699.15
78229.47
78799.50
79352.76
79895.71
80429.64
80659.61
9.49
51.16
85.55
118.56
151.30
185.07
218.09
251.35
282.55
316.06
347.77
380.52
416.15
446.83
480.35
512.83
544.03
576.51
608.48
640.19
671.64
702.84
736.61
766.52
804.19
835.90
867.61
899.84
931.55
962.75
994.20
1026.17
1057.36
1089.59
1120.53
1151.72
1184.46
1214.63
1246.86
1278.57
1308.21
1340.70
1371.12
1402.06
1433.25
1467.03
1498.22
1529.93
1561.64
1602.21
1633.41
1664.86
1696.31
1728.02
1759.99
1791.70
1822.64
1853.84
1886.32
1916.74
1948.71
1980.68
2010.33
2042.81
2072.98
2104.17
2136.14
2167.59
2198.53
2228.70
2260.66
2290.83
2321.77
2352.70
2384.16
2415.35
2445.00
2476.20
2506.88
2538.59
2567.98
2599.17
2630.11
2661.30
2692.24
2722.15
2752.83
2783.25
2814.96
2844.61
2876.06
2905.20
2936.65
2971.45
3003.68
3033.84
3065.55
3095.20
3127.17
3158.37
3272.58
3300.72
3332.95
3364.40
3394.31
3426.28
3456.70
3488.67
3518.57
3550.80
3582.00
3611.90
3643.36
3674.04
3706.26
3735.14
3767.36
3798.82
3829.75
3860.43
3890.86
3923.08
3952.47
3983.67
4014.86
4046.32
4077.77
4106.90
4138.87
4169.29
4201.26
4230.14
4262.11
4301.04
4323.98
4354.92
4384.05
4415.76
4445.93
4477.64
4506.77
4537.96
4568.64
4599.84
4630.78
4661.20
4691.62
4721.27
4752.98
4782.89
4814.60
4843.21
4874.41
4905.35
4936.29
4967.22
4997.64
5028.07
5057.20
5088.91
5119.07
5150.27
5179.92
5210.86
5239.73
5270.93
5301.35
5332.29
5363.22
5393.39
5424.07
5452.94
5483.36
5513.53
5544.72
5574.37
5605.82
5634.96
5666.15
5694.77
5725.71
5756.13
5786.81
5817.23
5847.65
5878.07
5908.24
5938.66
5998.47
6007.75
6038.43
6068.86
6099.54
6129.44
6160.12
6190.03
6221.48
6251.39
6283.10
6311.71
6342.91
6373.33
6404.53
6435.21
6633.72
6655.72
6686.91
6718.37
6749.82
6779.73
6810.66
6841.34
6873.31
6902.45
6934.16
6965.35
6996.55
7027.74
7056.88
7088.59
7119.27
7151.23
7160.00
7222.23
7348.74
7480.00
7618.48
7773.60
7947.14
8101.83
8259.35
8443.62
8607.07
8774.61
8976.16
9142.80
9322.49
9480.79
9648.37
9873.38
10040.19
10206.19
10374.29
10541.86
10705.57
10874.44
11127.37
11292.37
11459.17
11623.66
11787.88
11952.88
12125.62
12283.24
12443.86
12605.77
12770.14
13095.32
13381.02
13712.01
14050.00
14352.84
14691.66
14992.55
15323.07
15732.15
16006.21
16321.84
16641.27
16973.08
17998.07
18132.73
18465.83
18796.86
19129.95
19460.47
19790.03
20127.25
20427.08
20766.65
21104.12
21440.57
21779.34
22117.33
22453.00
22791.25
23053.45
23401.03
23736.19
24284.78
24621.74
24956.07
25293.55
25630.51
25967.98
26301.34
26638.81
26944.58
27281.80
27615.66
27873.99
28208.63
28548.17
28895.18
29234.20
29575.29
29914.82
30255.14
30589.87
30930.95
31271.01
31611.32
31950.60
32290.14
32629.94
32968.70
33306.44
34569.72
34635.88
34974.13
35309.03
35647.28
35978.89
36316.11
36652.55
36982.75
37318.17
37656.16
37993.12
38329.57
38666.53
39000.91
39336.07
39668.90
40003.81
40338.71
40538.25
40784.72
41125.04
41462.77
41801.54
42139.79
42480.36
42787.67
42982.06
43322.89
43664.49
44003.25
44346.40
44686.97
45028.32
45368.11
45710.23
46050.29
46390.86
46731.68
47071.48
47411.79
47750.04
48087.78
49836.26
49924.15
50264.46
50603.23
50943.54
51281.54
51622.11
51961.13
52302.73
52641.75
52982.58
53321.09
53659.56
53999.87
54339.93
54679.98
55016.94
55354.16
55683.95
56022.71
56358.90
56698.18
57034.37
57371.07
57705.71
58043.19
58380.41
58718.14
59054.59
59391.55
59728.77
60065.21
60396.72
60733.94
61070.90
61407.09
61742.24
61948.23
62084.36
62109.88
62158.61
62290.87
62422.35
62451.74
62470.82
62499.70
62589.93
63052.33
63058.93
63066.15
63084.45
63089.87
63090.38
63091.67
63093.22
63094.51
63096.05
63097.60
63098.89
63100.44
63101.98
63103.53
63104.82
63106.37
63112.04
63121.84
63182.68
63220.12
63248.23
63307.55
63412.05
63467.47
63523.02
63575.67
63630.70
63679.16
63722.22
63763.16
63817.44
63869.31
63940.98
64013.17
64106.76
64214.33
64322.61
64393.25
64429.08
64501.79
64602.32
64679.66
64783.56
64851.11
64925.88
64971.77
65024.54
65093.89
65177.42
65223.31
65268.94
65305.04
65341.64
65376.96
65416.93
65433.94
65478.03
65560.97
65597.84
65606.86
65668.73
65741.44
65829.09
65901.28
65954.91
66025.03
66049.78
66183.59
66259.90
66363.80
66507.91
66650.48
66793.57
66936.40
67077.94
67218.19
67362.30
67506.42
67651.57
67798.44
67866.50
67980.71
68095.18
68231.05
68343.20
68435.24
68528.57
68626.54
68694.08
68801.59
68892.34
68950.09
69067.65
69201.20
69282.67
69425.24
69524.24
69668.36
69765.55
69871.00
69924.36
69980.31
70047.34
70135.00
70183.46
70254.62
70389.20
70514.75
70627.16
70672.28
70712.75
70785.20
70822.32
70862.54
70908.43
70950.46
71027.54
71056.16
71079.88
71116.23
71230.17
71316.54
71348.25
71404.45
71493.14
71571.00
71685.72
71762.29
71845.57
71954.11
72034.80
72121.43
72180.72
72191.55
72215.01
72236.67
72264.00
72289.26
72298.03
72329.48
72355.00
72417.91
72481.07
72542.69
72601.98
72650.20
72701.24
72753.06
72801.27
72851.29
72904.40
72954.93
73009.33
73061.92
73114.77
73171.75
73187.22
73212.74
73264.82
73317.67
73370.52
73424.41
73476.74
73483.96
73536.55
73591.21
73645.61
73702.07
73756.98
73809.84
73862.40
73917.06
73970.94
74023.02
74075.61
74128.98
74181.57
74233.14
74287.02
74337.04
74386.54
74436.81
74486.05
74531.68
74580.67
74629.65
74678.89
74729.94
74781.76
74831.00
74879.99
74931.81
74983.11
75035.96
75088.04
75137.80
75186.27
75235.25
75285.53
75334.00
75382.46
75429.64
75477.34
75524.78
75571.96
75618.36
75667.09
75716.59
75764.29
75810.95
75858.13
75906.34
75952.23
75996.83
76042.98
76089.39
76137.60
76182.46
76229.38
76275.27
76321.68
76366.79
76414.23
76460.38
76508.59
76554.22
76600.37
76646.00
76691.64
76736.50
76784.71
76829.31
76874.43
76920.83
76967.75
77015.45
77062.89
77109.29
77157.25
77203.65
77248.77
77295.18
77341.32
77386.96
77431.30
77476.16
77480.29
77889.43
78569.54
79267.70
79975.39
80549.03
81090.95
81631.84
82182.53
82719.55
83289.83
83844.39
84382.70
84924.11
85389.71
9.53
50.69
84.19
117.44
149.67
180.61
215.48
247.19
279.42
311.64
343.87
376.87
411.20
443.68
474.11
507.36
538.56
571.04
601.72
633.95
665.92
697.37
729.86
761.05
796.95
828.91
859.85
892.08
924.30
955.24
986.70
1017.63
1049.86
1080.80
1113.28
1142.41
1174.38
1205.84
1237.55
1268.48
1299.68
1331.39
1361.81
1393.27
1422.91
1454.37
1488.40
1519.59
1550.27
1620.66
1621.81
1653.52
1685.23
1716.17
1747.62
1777.02
1809.24
1839.92
1871.89
1902.05
1934.28
1964.45
1996.16
2025.29
2057.26
2087.42
2118.88
2149.81
2181.01
2211.69
2242.62
2273.30
2304.24
2335.18
2365.60
2396.54
2426.96
2457.90
2488.32
2519.26
2549.68
2580.36
2611.04
2641.46
2671.62
2702.05
2732.47
2763.15
2793.57
2824.25
2854.41
2884.84
2915.00
2945.42
2980.48
3010.39
3042.10
3072.01
3103.72
3133.37
3165.08
3280.58
3307.46
3338.91
3370.11
3400.79
3432.24
3462.92
3494.11
3523.76
3555.21
3584.86
3616.32
3646.48
3678.45
3708.36
3740.07
3770.23
3801.94
3831.85
3863.82
3893.21
3925.18
3955.08
3987.05
4016.18
4047.89
4077.03
4109.00
4138.39
4169.84
4200.00
4231.20
4261.62
4292.82
4322.98
4353.92
4384.34
4415.28
4445.70
4476.64
4507.32
4538.00
4568.42
4599.10
4629.26
4659.94
4690.11
4720.79
4750.95
4781.63
4811.79
4842.47
4872.38
4903.06
4932.71
4963.39
4993.29
5023.71
5053.62
5084.56
5113.95
5144.89
5174.28
5205.73
5234.86
5266.57
5295.71
5327.68
5356.81
5388.00
5417.14
5448.33
5477.46
5508.40
5537.54
5568.47
5597.61
5628.29
5657.68
5688.61
5718.26
5749.71
5779.11
5809.79
5839.69
5869.86
5899.50
5929.41
5959.32
6016.55
6028.41
6059.35
6088.74
6119.93
6149.32
6180.52
6209.91
6240.85
6270.24
6301.18
6330.57
6361.76
6391.41
6422.61
6452.25
6645.61
6673.68
6705.39
6734.52
6766.23
6795.88
6827.33
6857.75
6889.21
6919.63
6951.08
6981.76
7012.70
7043.38
7074.57
7105.00
7135.93
7166.87
7197.55
7228.49
7259.17
7289.59
7320.27
7351.21
7381.11
7412.57
7441.96
7473.41
7503.06
7534.25
7547.66
7584.14
7712.64
7857.30
7977.10
8130.06
8280.26
8457.15
8620.86
8808.45
8977.06
9154.30
9361.85
9535.87
9709.89
9883.14
10201.29
10284.17
10452.78
10620.80
10790.44
10969.11
11132.82
11302.97
11559.93
11725.44
11893.02
12061.11
12228.95
12398.07
12584.73
12743.82
12914.49
13084.91
13383.91
13551.23
13720.35
13914.86
14208.74
14559.09
14877.23
15218.65
15561.30
15911.23
16258.06
16625.01
16973.51
17299.64
17784.96
18134.56
18507.26
18856.38
19206.75
19557.37
19909.80
20258.62
20603.22
20956.94
21273.53
21625.86
21979.32
22334.33
22686.76
23042.29
23336.96
23667.38
24619.55
24948.92
25300.83
25653.59
26008.85
26363.09
26716.80
27070.52
27417.79
27740.05
28096.87
28449.30
28722.06
29081.45
29486.03
29800.82
30162.53
30518.57
30876.07
31231.86
31586.25
31938.42
32293.43
32651.79
33008.86
33366.96
34327.82
34382.80
34737.55
35092.82
35446.54
35801.80
36148.47
36502.96
36853.85
37206.54
37562.32
37909.23
38261.66
38616.67
38970.13
39324.37
39679.89
40032.58
40388.36
40739.77
41008.67
41269.06
41625.87
41914.11
42269.63
42626.70
42983.51
43338.52
43676.00
43865.49
44225.14
44582.46
44941.08
45303.31
45658.57
46016.42
46377.61
46737.00
47095.11
47455.53
47813.37
48170.18
49814.00
50058.97
50413.52
50770.85
51128.44
51483.45
51840.52
52198.36
52556.98
52914.30
53271.38
53629.99
53985.00
54343.36
54698.73
55052.97
55410.30
55755.84
56110.84
56466.11
56820.09
57174.58
57526.23
57883.30
58238.05
58590.74
58944.98
59297.66
59652.16
60004.07
60360.37
60713.57
61066.77
61422.30
61773.44
62129.99
62483.97
62836.14
63191.15
63541.24
63894.96
64247.90
64603.94
64959.46
65261.88
65477.15
65584.40
65609.67
65663.81
65793.23
65922.91
65956.68
65978.60
65991.75
66088.43
66577.62
66579.58
66587.06
66594.28
66601.50
66608.97
66627.28
66627.79
66629.34
66638.62
66639.91
66641.46
66642.75
66644.29
66645.84
66647.13
66648.68
66649.96
66651.51
66653.06
66685.54
66685.80
66691.21
66766.27
66804.96
66862.20
66908.85
66963.18
67018.58
67072.15
67126.89
67180.78
67228.73
67273.87
67313.57
67360.14
67412.99
67483.89
67577.21
67657.14
67671.83
67757.94
67838.63
67918.81
68021.94
68079.69
68150.33
68238.24
68314.30
68417.47
68486.57
68590.98
68660.59
68722.72
68772.48
68823.79
68907.57
68973.83
69019.98
69067.42
69103.51
69127.23
69162.29
69198.39
69232.42
69255.62
69282.69
69358.49
69417.79
69426.55
69433.77
69510.08
69583.04
69657.29
69727.68
69753.97
69869.47
70013.59
70158.74
70301.82
70444.14
70588.00
70731.08
70875.46
71017.77
71153.12
71162.39
71307.02
71454.75
71602.73
71750.71
71793.25
71937.89
72084.07
72232.57
72298.57
72424.12
72566.95
72665.43
72766.75
72846.68
72920.15
73005.49
73083.09
73167.91
73275.68
73378.54
73512.61
73645.38
73756.50
73773.25
73901.13
74026.94
74162.55
74220.82
74302.03
74361.07
74409.28
74503.38
74594.64
74690.55
74724.56
74851.92
74968.20
75032.13
75103.29
75141.96
75188.11
75233.23
75273.96
75308.51
75347.44
75397.97
75463.71
75484.85
75509.34
75532.29
75610.15
75746.02
75770.77
75797.32
75870.54
75948.14
76023.81
76139.05
76206.86
76299.16
76351.49
76369.02
76395.58
76424.71
76453.33
76479.11
76500.51
76511.59
76552.33
76608.79
76673.24
76738.73
76802.15
76870.73
76935.70
76998.86
77062.02
77122.87
77175.20
77224.19
77273.17
77322.41
77373.98
77425.54
77476.59
77530.47
77584.35
77637.20
77690.31
77744.09
77800.55
77857.27
77911.93
77965.81
78020.98
78072.03
78125.91
78179.28
78232.90
78286.27
78340.67
78395.58
78452.82
78508.50
78562.13
78613.43
78666.29
78715.53
78765.80
78813.75
78865.32
78916.88
78967.67
79015.88
79068.99
79122.87
79172.89
79222.39
79273.18
79324.22
79373.46
79421.68
79470.14
79520.68
79569.40
79618.90
79666.34
79715.07
79763.02
79814.84
79862.79
79912.81
79962.31
80011.81
80034.75
