9.68
152.46
9.28
76.41
374.20
415.96
416.55
9.31
74.55
135.07
452.84
692.53
694.34
767.30
836.91
9.54
74.12
132.83
190.58
446.99
810.90
1139.78
1199.59
1294.05
1332.20
8.98
71.57
128.68
184.62
240.46
357.48
719.79
1049.69
1397.01
1672.12
1672.90
1745.09
1829.65
1885.41
1933.31
2123.97
8.82
70.79
126.98
181.89
237.48
291.62
342.93
575.10
924.99
1268.38
1620.43
1974.14
2211.61
2227.59
2230.43
2238.68
2333.81
2415.02
2515.36
2554.37
2619.08
2672.96
2917.11
9.82
69.70
124.32
177.69
231.98
284.57
337.17
390.75
440.09
678.37
1041.24
1403.51
1775.14
2130.10
2494.71
2808.22
2895.77
2896.55
2899.64
2938.31
3028.03
3072.98
3175.07
3270.16
3315.27
3371.86
3456.16
3504.24
3766.70
9.42
68.10
121.60
173.68
226.50
277.80
330.65
380.77
432.07
483.38
527.72
699.09
1067.70
1427.54
1799.05
2155.99
2514.58
2874.71
3249.34
3569.19
3764.37
3804.59
3842.49
3925.76
4013.98
4120.20
4194.63
4255.99
4299.30
4353.16
4411.68
4472.27
4637.01
4880.90
9.71
67.07
118.84
169.11
220.81
270.82
320.07
369.57
420.66
470.67
520.17
569.41
617.88
697.80
938.75
1295.54
1657.35
2027.12
2476.99
2744.45
3104.38
3477.56
3833.08
4191.52
4447.33
4535.01
4537.84
4545.83
4547.12
4591.46
4679.28
4734.71
4771.33
4887.34
5015.47
5106.48
5174.29
5217.60
5257.04
5315.57
5376.33
5433.82
5490.87
5518.45
5863.15
6033.82
9.52
66.23
117.64
167.40
217.64
267.40
316.64
365.89
416.43
465.67
513.88
562.87
611.34
659.29
708.53
758.40
858.44
1089.98
1442.09
1798.73
2164.66
2557.13
2874.24
3232.38
3607.16
3954.18
4306.24
4648.54
5039.43
5369.77
5543.69
5572.79
5578.97
5681.58
5761.56
5811.96
5858.88
5960.45
6094.51
6173.14
6287.29
6348.39
6393.95
6426.69
6481.09
6540.07
6594.98
6634.69
6694.50
6750.96
6760.76
7145.67
7391.62
9.38
65.38
116.09
164.81
214.54
264.04
312.00
360.46
410.14
458.35
506.04
554.51
602.21
649.39
697.60
745.04
794.94
842.38
881.57
999.95
1201.36
1559.54
1915.80
2278.57
2658.27
2997.78
3354.82
3732.17
4078.41
4421.92
4972.31
5174.45
5527.28
5908.96
6253.25
6464.84
6541.25
6543.31
6550.01
6558.00
6569.09
6571.93
6621.94
6706.23
6773.01
6869.69
6889.28
6983.23
7124.77
7250.55
7363.47
7422.25
7528.99
7563.54
7594.99
7648.94
7705.91
7760.93
7818.94
7871.02
7908.11
7951.93
7999.89
8426.31
8758.63
9.74
64.66
114.35
162.05
210.41
258.37
306.06
354.02
402.21
449.91
497.09
543.75
590.68
637.60
684.52
731.44
781.01
827.42
874.34
921.26
968.18
1013.82
1101.07
1245.93
1528.54
1887.95
2237.43
2546.46
2913.05
3235.75
3606.60
3942.09
4273.64
4606.12
4981.57
5323.69
5660.66
6006.91
6355.71
6692.32
7086.02
7419.11
7627.94
7758.39
7760.16
7767.89
7775.62
7783.10
7788.52
7790.06
7805.53
7876.43
7972.68
7996.91
8075.55
8116.09
8171.26
8307.40
8458.30
8534.09
8644.44
8729.26
8785.98
8872.47
8922.48
8959.87
9015.30
9071.43
9129.18
9183.84
9238.23
9297.02
9350.64
9403.23
9455.05
9777.84
10307.64
10351.98
9.73
64.61
112.87
160.56
208.82
255.48
302.92
349.84
397.93
444.85
492.29
538.43
585.36
631.25
677.65
724.32
773.46
819.87
867.05
913.45
959.86
1006.52
1052.16
1098.82
1144.71
1205.23
1347.65
1492.39
1820.23
2163.11
2505.41
2850.50
3186.75
3518.92
3887.16
4223.61
4540.38
4881.16
5261.02
5599.53
5940.96
6282.27
6597.22
7200.25
7330.58
7656.71
7997.03
8303.82
8694.41
8833.12
8948.36
8978.03
8980.60
8987.56
8995.04
9002.77
9010.51
9017.98
9025.72
9029.59
9074.70
9167.67
9191.03
9268.05
9324.80
9384.88
9437.98
9471.63
9603.63
9713.97
9863.76
9990.86
10069.07
10173.89
10253.56
10314.66
10362.87
10390.46
10422.43
10488.68
10550.86
10606.29
10667.14
10723.08
10780.32
10835.75
10890.66
10947.89
11003.17
11005.75
11087.21
11655.95
12061.75
9.02
62.24
109.57
155.71
203.09
248.46
294.36
340.50
387.48
433.12
478.75
524.12
569.24
614.10
658.45
703.82
768.79
797.01
842.13
887.25
932.11
977.22
1021.57
1066.43
1110.77
1154.60
1199.20
1243.03
1287.37
1318.78
1455.75
1606.95
1782.28
2141.20
2487.52
2840.28
3217.57
3554.77
3948.82
4288.41
4625.37
5009.62
5364.48
5720.27
6074.72
6470.27
6798.20
7203.84
7557.30
7898.64
8255.97
8574.03
8933.27
9267.16
9629.13
9974.84
10261.27
10372.64
10419.17
10419.94
10426.90
10434.38
10442.11
10449.59
10457.07
10465.06
10472.54
10477.95
10482.07
10511.72
10608.92
10643.74
10684.48
10733.98
10777.75
10848.91
10932.05
10975.36
11037.75
11173.62
11286.80
11415.70
11549.79
11642.86
11751.91
11829.00
11893.96
11954.29
12000.44
12027.77
12050.97
12097.68
12159.55
12222.20
12280.21
12336.98
12385.49
12413.33
12470.05
12528.22
12583.65
12638.31
12691.93
12745.30
12755.36
13163.73
13684.77
13975.58
9.40
62.27
109.56
154.42
201.34
247.23
291.57
339.27
383.07
428.45
473.82
517.91
562.25
606.60
650.17
695.54
739.37
787.06
831.41
875.49
920.61
964.44
1011.36
1053.12
1096.44
1140.78
1183.84
1227.92
1271.49
1315.06
1366.62
1403.75
1446.55
1476.20
1590.35
1746.47
1907.11
2141.34
2492.52
2874.83
3214.24
3570.82
3938.41
4295.39
4630.44
4976.07
5386.12
5727.01
6083.60
6437.32
6807.76
7449.97
7570.03
7926.84
8268.44
8626.80
8911.90
9282.96
9647.25
10011.04
10458.29
10820.00
11179.13
11520.48
11660.21
11746.06
11785.56
11792.52
11800.00
11807.73
11815.21
11822.95
11830.42
11838.16
11845.63
11856.20
11860.84
11898.23
11958.55
12031.94
12102.58
12115.67
12155.37
12248.96
12288.40
12346.67
12422.47
12499.30
12625.88
12746.10
12884.29
12964.34
13069.27
13158.21
13283.77
13392.30
13480.84
13522.09
13576.23
13602.27
13634.24
13666.66
13717.96
13769.27
13829.59
13884.51
13943.55
14002.37
14059.34
14116.06
14171.49
14225.38
14279.77
14333.40
14386.25
14438.84
14455.86
14621.38
15188.05
15717.85
15852.69
9.76
62.01
107.56
152.16
198.12
242.21
286.29
330.64
374.21
420.15
464.75
508.58
551.89
595.98
639.29
682.86
726.18
773.20
816.25
860.59
904.42
947.22
991.05
1034.36
1077.93
1120.21
1164.55
1206.84
1249.38
1292.69
1335.48
1379.57
1422.62
1465.42
1551.79
1557.27
1600.06
1643.89
1671.48
1788.68
1949.14
2116.79
2278.34
2602.23
2958.04
3325.10
3697.64
4049.01
4440.31
4744.24
5098.81
5563.64
5843.76
6195.98
6549.96
6902.54
7336.92
7683.81
8040.88
8382.22
8739.29
9061.89
9438.14
9758.61
10121.86
10571.00
10932.46
11293.65
11653.30
12013.46
12373.63
12733.28
13120.50
13195.01
13267.97
13319.78
13325.19
13332.67
13340.14
13347.88
13356.13
13363.09
13370.82
13378.30
13389.39
13393.25
13397.12
13487.87
13550.78
13618.87
13680.95
13733.10
13799.87
13847.82
13908.67
13987.30
14058.84
14196.51
14335.98
14412.04
14550.48
14640.98
14763.70
14826.34
14885.90
14982.58
15098.34
15208.98
15319.07
15366.51
15396.93
15420.13
15473.24
15526.35
15582.81
15636.95
15691.35
15745.75
15802.98
15859.19
15913.07
15962.83
16015.68
16070.59
16126.80
16182.74
16239.72
16295.66
16350.06
16370.17
16952.57
17491.91
17960.36
9.50
60.37
106.15
150.50
195.72
239.55
283.12
326.43
370.00
415.69
459.26
502.05
544.85
587.91
630.45
672.73
716.55
762.88
806.45
849.25
892.05
934.84
977.64
1020.18
1062.20
1104.48
1146.77
1188.79
1231.07
1273.09
1314.60
1356.37
1398.91
1440.93
1482.95
1531.84
1574.38
1616.91
1659.45
1701.99
1744.53
1787.07
1829.09
1854.36
1969.21
2125.19
2288.47
2455.17
2644.84
2989.77
3356.80
3711.87
4094.42
4436.34
4795.30
5133.81
5526.14
5893.31
6230.20
6587.53
6944.03
7313.72
7724.96
8081.51
8438.32
8780.44
9104.64
9464.07
9799.86
10163.38
10613.12
10975.74
11340.29
11701.74
12062.42
12421.81
12781.46
13141.36
13513.44
13870.59
14228.18
14558.53
14685.37
14806.54
14881.20
14885.58
14893.32
14900.28
14908.01
14915.75
14923.22
14930.96
14938.43
14946.17
14953.90
14964.47
14968.60
14973.50
15015.78
15094.88
15184.86
15236.16
15347.58
15355.06
15386.77
15435.02
15486.32
15532.21
15596.02
15643.71
15715.12
15864.89
16014.42
16088.15
16239.75
16312.96
16405.78
16546.54
16625.59
16705.52
16800.13
16852.98
16909.70
16988.34
17086.56
17164.94
17196.39
17215.73
17266.52
17319.92
17376.90
17431.55
17488.79
17547.83
17603.00
17660.23
17713.34
17768.26
17827.04
17881.95
17934.55
17987.57
18039.13
18090.44
18142.52
18196.14
18250.02
18303.91
18910.54
19446.02
19990.00
20098.28
8.32
59.91
104.09
147.66
190.46
234.71
276.99
319.79
363.10
407.94
449.96
492.50
534.78
577.32
619.60
661.62
703.91
746.45
791.50
834.30
876.84
919.38
960.62
1002.65
1044.93
1086.70
1128.46
1169.20
1210.96
1252.73
1294.75
1334.97
1380.60
1420.05
1461.04
1502.55
1550.02
1592.30
1634.59
1676.09
1717.09
1758.59
1800.88
1842.64
1884.15
1925.66
1967.42
2008.93
2047.09
2109.26
2260.20
2427.42
2593.61
2748.81
2931.32
3269.39
3636.96
3988.79
4377.91
4711.14
5053.09
5407.07
5798.50
6176.48
6498.82
6855.12
7210.66
7641.77
7992.13
8347.05
8703.35
9057.95
9366.04
9724.91
10058.64
10420.87
10869.59
11233.60
11594.28
11954.96
12318.99
12677.86
13037.00
13394.70
13764.38
14121.70
14479.29
15148.32
15326.79
15655.50
16016.44
16367.32
16533.61
16692.16
16738.05
16785.09
16791.02
16798.75
16806.23
16813.96
16821.44
16828.92
16836.65
16844.13
16851.86
16859.34
16867.07
16874.55
16882.29
16886.67
16890.79
16926.11
17020.25
17088.86
17127.76
17238.38
17308.62
17339.30
17421.02
17492.64
17555.03
17592.67
17644.10
17687.41
17768.11
17917.12
18066.65
18215.93
18366.36
18406.32
18526.98
18617.98
18701.77
18826.30
18931.74
19007.02
19099.32
19157.59
19207.86
19240.34
19326.27
19387.63
19417.28
19436.87
19492.04
19558.56
19624.56
19676.89
19730.78
19788.64
19849.75
19904.40
19960.86
20015.68
20068.53
20122.41
20178.36
20233.53
20287.41
20342.84
20394.92
20447.26
20499.34
20553.48
20607.10
20654.02
21076.58
21638.61
22182.59
22668.57
9.47
59.82
103.54
145.81
188.61
232.13
274.41
316.69
358.46
403.25
444.50
487.29
529.83
570.82
612.59
654.36
696.64
738.66
783.88
825.12
867.92
909.17
951.20
993.22
1033.95
1076.23
1117.23
1158.73
1200.24
1240.46
1281.97
1322.70
1364.21
1406.75
1448.00
1488.22
1559.12
1577.55
1619.57
1660.31
1702.33
1743.07
1784.83
1826.60
1867.33
1909.10
1950.09
1992.11
2032.07
2073.58
2114.57
2155.57
2196.56
2236.52
2250.18
2391.57
2543.75
2710.94
2884.78
3062.94
3217.37
3553.38
3883.79
4232.02
4630.69
4949.34
5326.72
5640.22
6029.82
6452.36
6732.77
7080.44
7431.32
7842.12
8212.78
8570.26
8920.89
9271.88
9581.00
9937.29
10322.73
11072.19
11076.54
11434.41
11794.32
12154.23
12512.84
12869.91
13229.05
13586.45
13991.06
14310.23
14667.82
15705.26
15869.25
16194.61
16550.91
16906.69
17264.27
17541.16
17900.04
18127.43
18312.28
18456.91
18504.35
18579.79
18581.60
18588.30
18595.78
18603.51
18610.99
18618.72
18626.20
18633.68
18641.41
18649.14
18656.62
18664.10
18671.83
18679.31
18691.94
18696.84
18699.42
18717.72
18841.99
18879.29
18915.95
19002.06
19067.55
19155.46
19208.36
19277.45
19372.59
19438.02
19518.71
19548.62
19585.74
19611.52
19748.88
19891.19
20037.17
20185.16
20334.43
20427.76
20485.51
20610.28
20731.97
20819.62
20933.32
21018.40
21131.34
21189.61
21263.86
21354.35
21392.51
21435.82
21465.84
21504.25
21530.81
21546.54
21588.82
21650.95
21715.66
21781.14
21843.54
21904.12
21958.38
22011.49
22068.46
22128.54
22189.89
22242.23
22300.24
22356.96
22416.25
22473.75
22527.63
22579.45
22633.59
22689.54
22743.16
22796.53
22849.12
22902.23
22902.75
22998.65
23650.40
24186.14
24728.57
25153.45
8.52
59.06
100.83
144.52
186.28
229.09
270.59
311.33
353.87
397.29
438.02
480.30
520.78
562.80
603.28
643.24
689.90
726.00
770.38
810.59
852.36
893.09
933.05
974.56
1014.52
1055.77
1095.99
1135.95
1176.95
1216.65
1256.61
1297.60
1336.79
1376.49
1418.52
1459.51
1498.70
1545.75
1585.71
1626.70
1667.18
1706.88
1748.13
1787.83
1828.31
1868.79
1908.23
1948.96
1989.70
2028.63
2069.11
2109.58
2148.51
2188.99
2229.46
2268.65
2308.36
2348.83
2388.79
2427.21
2463.04
2511.89
2658.14
2830.64
2996.18
3158.61
3338.80
3495.57
3716.57
4058.92
4431.83
4787.14
5142.41
5468.72
6031.22
6221.43
6572.95
6936.09
7273.88
7567.27
7980.62
8377.41
8707.16
9060.05
9416.16
9738.68
10081.71
10441.61
11237.93
11588.25
11952.44
12314.93
12675.35
13036.54
13395.16
13753.52
14112.50
14483.21
14843.12
15335.05
15693.92
16050.16
16407.49
16734.14
17095.34
17455.24
17813.60
18094.10
18380.27
18744.56
19107.82
19472.88
19841.84
20139.61
20228.56
20365.46
20415.99
20444.86
20451.81
20459.29
20467.02
20474.50
20481.98
20489.71
20497.19
20504.66
20512.14
20519.62
20527.35
20534.83
20542.82
20550.04
20557.52
20564.99
20572.47
20585.88
20589.74
20592.06
20596.70
20651.88
20739.30
20805.67
20851.50
20948.07
21000.41
21034.18
21094.63
21163.21
21211.42
21295.61
21389.71
21459.23
21517.50
21557.05
21583.09
21728.24
21874.29
22012.21
22158.39
22288.59
22430.39
22511.34
22567.29
22708.05
22804.99
22919.99
23043.22
23137.07
23216.88
23293.96
23376.98
23468.50
23524.19
23582.45
23628.60
23667.02
23689.96
23717.80
23734.05
23769.11
23818.35
23878.94
23940.81
23999.75
24060.60
24119.38
24178.93
24239.26
24298.04
24350.89
24366.62
24406.32
24460.46
24521.31
24579.06
24634.75
24695.07
24755.14
24809.54
24863.68
24921.43
24975.83
25029.75
25084.40
25137.66
25191.03
25234.60
25831.43
26382.89
26921.72
27465.96
27732.03
9.33
58.53
100.55
142.43
182.91
225.51
266.50
306.98
347.20
390.35
430.05
471.82
512.29
552.00
591.70
631.92
672.65
712.87
752.83
796.61
836.83
877.05
917.01
956.71
997.45
1037.15
1077.11
1116.30
1155.23
1194.42
1234.38
1274.08
1312.75
1352.20
1394.22
1432.38
1471.05
1510.24
1556.26
1595.96
1635.67
1675.37
1715.85
1755.04
1793.96
1833.67
1872.86
1912.04
1952.26
1991.19
2030.89
2069.82
2109.27
2147.94
2186.61
2226.32
2266.02
2304.43
2344.14
2382.55
2421.48
2459.64
2498.57
2536.98
2575.91
2614.84
2653.77
2687.03
2724.45
2871.11
3049.18
3204.92
3384.62
3525.48
3685.84
3920.29
4036.29
4358.61
4732.79
5082.16
5429.83
5761.98
6161.10
6508.24
6858.57
7227.46
7557.89
8048.51
8327.79
8737.91
9054.07
9405.89
9727.02
10084.38
10424.95
10782.54
11234.15
11561.57
11924.05
12286.19
12646.87
13008.84
13367.97
13725.55
14080.85
14439.21
14808.71
15165.78
15654.81
16008.79
16364.81
16723.68
17048.53
17407.14
17764.99
18125.15
18358.21
18686.15
19049.41
19414.21
19774.88
20143.29
20506.81
20870.32
21233.84
21593.00
22292.64
22445.96
22522.27
22690.11
22715.11
22798.30
22799.07
22806.03
22813.50
22820.72
22828.46
22835.93
22843.41
22850.89
22858.36
22866.10
22873.57
22881.05
22888.27
22895.75
22903.48
22910.96
22918.43
22925.91
22933.39
22942.41
22946.79
22949.11
22954.01
23012.28
23098.13
23131.73
23244.80
23301.82
23369.37
23437.65
23498.75
23561.86
23651.58
23711.39
23719.64
23809.62
23897.87
23992.74
24036.83
24063.12
24190.88
24340.92
24478.85
24620.39
24761.93
24882.33
25015.88
25134.98
25203.05
25230.38
25361.86
25460.44
25566.40
25681.13
25796.63
25922.44
26019.89
26090.02
26156.28
26210.68
26265.59
26314.06
26366.65
26397.07
26421.31
26449.93
26466.94
26519.02
26570.68
26625.86
26680.00
26738.52
26796.79
26854.79
26913.57
26971.58
27031.14
27089.40
27148.44
27204.39
27257.75
27313.96
27370.68
27426.88
27477.41
27528.21
27586.99
27643.71
27699.91
27754.82
27810.51
27865.68
27920.34
27975.51
28031.20
28088.95
28134.07
28489.07
29118.14
29655.68
30200.69
30739.78
30896.01
11.23
58.55
99.98
141.66
181.62
223.42
264.41
304.11
343.82
386.43
427.42
467.12
507.08
547.04
586.75
625.68
664.86
705.86
745.56
788.51
828.47
868.69
907.88
947.06
986.51
1025.95
1065.40
1104.84
1143.77
1182.96
1221.89
1260.82
1299.49
1338.16
1376.84
1417.05
1455.98
1494.66
1569.68
1580.05
1619.24
1658.69
1697.88
1737.06
1776.25
1815.44
1854.37
1893.30
1932.23
1971.16
2009.83
2048.76
2087.43
2126.62
2165.80
2204.48
2243.15
2281.82
2319.98
2358.39
2397.58
2436.25
2474.41
2512.82
2551.23
2590.16
2628.32
2666.73
2704.63
2742.53
2780.43
2835.60
2861.64
2900.83
2934.60
2962.43
3106.04
3261.25
3425.59
3603.02
3785.20
3947.62
4134.69
4296.85
4473.31
4825.49
5172.80
5521.16
5885.26
6237.30
6593.17
6943.58
7293.43
7653.23
7989.97
8403.83
8758.58
9150.11
9484.75
9819.86
10155.18
10511.48
10851.02
11296.66
11645.35
11987.73
12349.44
12710.77
13069.65
13430.84
13793.07
14146.65
14504.23
14861.30
15231.57
15721.19
16077.75
16434.30
16789.66
17146.73
17477.76
17829.68
18187.00
18502.82
18804.98
19108.17
19471.68
19833.98
20195.69
20564.39
20926.36
21288.07
21647.14
22983.90
23291.80
23655.83
24014.96
24331.55
24527.23
24628.81
24743.02
24783.76
24830.39
24834.25
24841.47
24849.21
24856.68
24864.16
24871.64
24879.11
24886.59
24894.07
24901.54
24909.28
24916.75
24924.23
24932.48
24939.18
24946.92
24954.39
24961.87
24969.35
24976.82
24984.30
24992.04
25004.67
25004.93
25010.60
25012.92
25015.24
25029.68
25118.62
25199.70
25241.22
25331.79
25388.77
25460.33
25475.54
25514.98
25560.10
25628.70
25687.48
25755.29
25802.98
25881.77
25961.18
26031.04
26099.27
26169.65
26238.23
26343.93
26478.00
26621.60
26769.32
26910.61
27032.81
27175.89
27310.70
27394.75
27402.74
27512.05
27645.60
27699.48
27808.79
27940.02
28018.91
28140.60
28246.56
28365.15
28473.18
28528.86
28590.74
28624.77
28662.60
28691.22
28719.06
28748.20
28788.67
28842.04
28899.27
28954.19
29008.84
29061.18
29114.80
29167.40
29222.57
29282.12
29341.16
29396.08
29447.64
29506.68
29563.66
29619.09
29673.78
29728.18
29782.32
29834.66
29890.60
29946.55
30003.52
30057.15
30114.38
30166.46
30174.45
30202.81
30254.89
30308.26
30360.59
30413.96
30465.52
30517.34
30568.91
30620.21
30624.85
31130.42
31745.82
32288.00
32832.76
33377.52
33652.09
9.79
57.36
98.86
140.10
180.06
222.00
262.22
301.93
341.89
391.90
423.81
463.52
502.96
543.18
582.37
621.81
661.00
700.96
740.41
782.96
822.14
862.62
901.55
941.00
980.44
1019.11
1057.53
1096.97
1136.16
1175.61
1214.28
1253.21
1292.39
1330.29
1368.45
1409.18
1448.37
1487.56
1525.46
1571.11
1611.07
1650.00
1689.19
1728.38
1767.56
1806.49
1844.65
1883.84
1922.51
1961.95
2000.37
2039.55
2078.48
2116.64
2154.28
2193.47
2232.66
2270.81
2309.74
2348.67
2386.05
2424.47
2462.88
2501.30
2539.97
2578.38
2615.51
2653.66
2692.08
2730.49
2768.13
2805.52
2847.02
2885.44
2922.82
2961.23
3000.16
3038.58
3076.73
3179.60
3205.54
3226.42
3289.62
3439.40
3598.52
3759.45
3922.95
4099.32
4259.02
4440.93
4599.48
4762.68
4920.20
5238.89
5565.61
5881.34
6226.29
6586.89
6971.70
7249.86
7582.27
8019.06
8569.49
8643.41
8981.66
9316.55
9670.19
10004.03
10305.45
10639.83
10972.92
11402.41
11725.45
12102.64
12375.66
12717.01
13058.79
13398.33
13737.87
14078.44
14416.43
14755.19
15092.41
15537.79
15919.82
16257.56
16594.78
16931.22
17270.76
17608.50
17947.00
18255.61
18595.14
18862.75
19201.78
19466.29
19808.41
20150.71
20493.09
20881.87
21186.34
21528.72
21868.07
23244.02
23444.35
23787.50
24131.42
24472.50
24812.56
25153.64
25494.47
25833.24
26173.04
26500.71
26704.13
26768.84
26922.75
26946.99
27214.14
27219.86
27224.50
27226.56
27228.88
27231.71
27246.15
27334.84
27384.71
27462.50
27548.36
27606.95
27673.35
27693.46
27722.59
27791.34
27884.15
27921.27
28001.20
28049.92
28102.00
28177.28
28235.03
28292.36
28375.63
28443.44
28516.66
28604.05
28752.04
28899.51
29043.37
29169.18
29298.34
29438.16
29516.53
29563.45
29682.05
29776.15
29892.16
30024.68
30118.52
30156.16
30222.68
30319.10
30395.93
30481.01
30585.16
30689.32
30812.98
30919.45
31056.35
31136.79
31205.37
31249.71
31280.91
31306.17
31335.82
31352.32
31400.66
31456.87
31513.33
31567.47
31624.45
31682.71
31738.74
31795.97
31850.37
31908.12
31964.84
32018.98
32074.17
32129.86
32183.74
32241.23
32300.01
32352.09
32402.88
32452.89
32502.39
32551.64
32602.94
32654.25
32666.11
32704.26
32754.54
32803.26
32854.05
32904.32
32956.92
33010.03
33059.53
33108.77
33161.88
33214.21
33261.91
33311.67
33361.17
33366.84
33560.46
34252.43
34802.86
35345.81
35889.79
36435.58
36687.72
9.00
56.56
97.17
137.63
176.30
217.11
256.04
295.23
333.64
372.57
414.64
453.82
492.50
531.68
570.10
608.51
646.15
684.31
724.01
783.57
804.51
842.41
881.34
919.75
957.65
995.80
1034.22
1072.89
1109.76
1148.95
1186.84
1224.23
1261.61
1300.54
1338.44
1375.30
1415.27
1452.13
1491.32
1528.96
1573.55
1612.74
1651.41
1689.31
1726.95
1765.36
1803.26
1840.90
1879.32
1917.73
1955.37
1992.75
2030.91
2069.58
2106.45
2144.61
2181.99
2219.11
2257.79
2295.68
2332.55
2370.45
2408.35
2445.47
2482.60
2520.75
2557.88
2594.75
2633.16
2670.03
2706.89
2745.05
2781.66
2819.04
2859.78
2897.68
2936.09
2972.70
3010.60
3048.75
3085.36
3187.46
3214.05
3252.20
3289.59
3326.97
3365.12
3403.28
3440.41
3478.30
3483.20
3599.87
3751.64
3915.63
4088.70
4278.02
4445.34
4610.14
4801.99
4963.38
5131.73
5335.52
5547.10
5888.71
6223.50
6606.98
6965.72
7303.85
7665.31
8020.36
8672.62
8798.14
9138.76
9496.35
9851.87
10223.20
10544.09
10899.20
11256.79
11701.28
12044.43
12403.30
12736.11
13096.28
13458.13
13820.36
14181.81
14539.80
14902.02
15261.41
15621.32
16154.70
16483.78
16841.88
17202.04
17560.24
17917.82
18276.70
18603.09
18965.57
19247.11
19608.56
19888.29
20251.65
20615.43
20978.68
21354.09
21711.16
22071.95
22633.73
22997.76
23358.70
23720.33
24082.56
24446.33
24810.36
25171.56
25530.43
25889.31
26249.99
26610.15
26970.32
27331.51
27692.19
28051.84
28411.75
28717.51
28926.86
29034.77
29142.96
29179.57
29236.80
29264.87
29269.51
29277.24
29284.46
29291.94
29299.41
29307.15
29314.62
29322.10
29329.32
29337.05
29344.53
29352.01
29359.48
29367.22
29374.70
29382.17
29389.65
29397.12
29404.60
29412.34
29419.81
29427.29
29434.77
29442.24
29449.72
29457.20
29464.67
29476.02
29480.91
29482.98
29485.30
29487.36
29497.93
29583.52
29649.30
29685.65
29765.84
29804.56
29914.52
29980.77
30054.53
30057.11
30085.47
30143.73
30251.38
30342.12
30384.15
30465.62
30501.95
30556.09
30635.75
30675.46
30733.72
30812.61
30882.22
30956.47
31106.00
31251.93
31400.95
31548.67
31697.17
31845.93
31965.55
32081.57
32218.47
32360.78
32383.47
32412.09
32551.30
32643.34
32691.82
32812.48
32930.30
32979.02
33026.72
33108.97
33200.49
33288.15
33330.17
33407.26
33501.88
33588.12
33700.27
33758.79
33789.47
33818.09
33833.04
33873.52
33925.08
33949.06
33992.11
34048.57
34104.52
34160.46
34217.96
34277.00
34335.52
34391.70
34447.65
34504.37
34560.05
34618.32
34675.30
34729.95
34783.58
34839.78
34894.44
34947.03
34998.59
35051.19
35102.75
35154.57
35207.42
35257.44
35308.74
35358.50
35409.03
35457.50
35509.32
35559.59
35609.87
35661.95
35714.28
35766.36
35817.92
35870.00
35923.62
35976.48
36028.55
36081.15
36133.23
36140.96
36675.15
37331.80
37873.46
38418.99
38982.05
39524.75
39746.73
9.27
55.79
96.59
135.38
174.31
214.67
253.09
292.53
330.17
369.62
409.92
448.85
487.78
526.96
564.09
602.50
639.11
677.79
715.68
753.32
795.84
834.26
871.12
909.80
946.41
984.82
1022.98
1059.33
1097.48
1133.58
1171.73
1209.12
1246.50
1284.14
1319.98
1357.88
1394.23
1434.19
1470.28
1507.92
1578.30
1590.95
1627.05
1665.46
1703.36
1740.23
1777.87
1815.25
1853.15
1889.50
1927.40
1965.04
2001.65
2038.77
2075.64
2113.54
2149.63
2187.02
2223.88
2261.27
2298.13
2335.52
2372.64
2408.22
2445.60
2481.95
2519.34
2555.69
2592.81
2628.65
2666.29
2701.35
2738.99
2775.09
2811.95
2862.23
2889.55
2926.68
2963.80
3000.41
3037.80
3073.63
3191.45
3200.72
3237.59
3275.74
3311.58
3349.48
3387.12
3424.50
3461.62
3497.46
3535.10
3571.97
3609.61
3645.19
3682.83
3719.95
3747.02
3768.16
3911.14
4064.79
4222.91
4395.45
4584.95
4750.86
4944.85
5111.39
5275.88
5452.22
5652.51
5820.09
6026.27
6348.46
6738.59
7081.48
7440.50
7778.75
8140.62
8784.89
8914.21
9268.94
9608.80
9963.55
10316.84
10654.67
11011.23
11364.31
11812.36
12167.63
12507.43
12866.30
13198.73
13561.73
13919.64
14282.38
14638.66
15000.88
15358.98
15715.28
16206.63
16564.22
16936.24
17294.60
17653.99
18011.89
18370.51
18726.55
19084.39
19337.05
19697.21
20058.41
20338.99
20700.45
21061.90
21425.67
21811.17
22154.73
22717.58
23078.78
23441.78
23804.00
24167.48
24528.93
24892.96
25256.22
25616.64
25976.80
26337.48
26698.42
27058.59
27418.75
27780.20
28139.85
28499.24
28858.89
29220.60
29582.57
29935.34
30296.28
30655.15
31016.35
31241.93
31276.22
31431.68
31511.86
31544.35
31830.67
31833.95
31842.46
31846.84
31848.91
31850.97
31853.03
31857.67
31871.08
31988.38
32023.57
32059.32
32142.07
32245.97
32291.60
32335.27
32373.42
32441.74
32506.45
32559.81
32668.87
32776.89
32870.40
32890.51
32962.70
33023.03
33067.89
33109.65
33163.54
33221.54
33254.80
33328.50
33390.12
33485.25
33631.17
33776.70
33923.14
34068.03
34216.01
34365.29
34514.82
34664.86
34790.16
34907.46
34962.12
35042.30
35147.49
35272.27
35392.15
35503.01
35580.61
35641.71
35753.09
35841.57
35901.90
35952.69
36007.60
36076.44
36128.52
36217.20
36249.43
36343.53
36422.16
36505.95
36543.34
36573.76
36602.89
36611.91
36672.24
36740.30
36804.76
36858.12
36908.91
36961.51
37012.55
37070.82
37125.73
37182.97
37238.91
37295.12
37349.77
37408.30
37466.82
37523.80
37581.03
37635.43
37687.51
37739.84
37796.30
37848.90
37900.46
37952.80
38007.20
38058.50
38112.90
38166.01
38219.38
38267.33
38317.34
38367.62
38416.34
38466.10
38515.93
38565.43
38614.93
38664.69
38714.70
38763.69
38812.93
38864.23
38913.73
38962.72
39014.02
39065.86
39101.18
39590.77
40291.25
40824.92
41373.03
41926.81
42477.24
43014.00
43026.64
9.71
56.18
94.27
134.27
171.39
212.19
249.05
287.98
324.08
363.52
403.37
441.52
478.65
516.80
553.67
591.57
628.18
665.30
703.98
739.81
781.19
819.60
856.21
894.11
930.72
968.62
1004.97
1042.61
1079.22
1117.63
1154.50
1191.11
1227.72
1264.07
1301.71
1337.80
1374.67
1420.56
1448.92
1486.82
1522.66
1567.87
1604.48
1642.89
1679.50
1716.37
1753.24
1789.59
1826.71
1862.81
1900.45
1936.03
1973.93
2010.28
2046.63
2083.24
2118.82
2156.71
2192.29
2229.42
2266.03
2301.86
2337.96
2374.05
2411.18
2446.50
2483.88
2519.97
2555.29
2592.68
2627.74
2664.86
2700.44
2735.50
2772.89
2807.69
2844.82
2884.26
2920.87
2957.22
2993.83
3029.41
3066.54
3102.37
3200.08
3228.11
3265.49
3302.10
3339.23
3375.58
3411.67
3449.05
3485.41
3522.53
3558.11
3596.27
3632.10
3668.20
3704.80
3740.90
3778.54
3814.12
3851.76
3887.85
3923.95
3960.30
3996.65
4026.55
4165.71
4311.79
4474.17
4640.19
4832.59
4993.73
5189.86
5355.89
5521.67
5690.79
5898.28
6063.02
6226.99
6389.93
6708.35
7029.46
7376.62
7740.75
8079.86
8432.38
8844.59
9195.48
9585.09
9906.93
10242.81
10595.50
10914.41
11287.17
11728.98
12083.21
12436.42
12789.88
13128.39
13506.86
13813.40
14173.56
14531.26
14886.52
15245.66
15604.02
16656.15
16807.59
17224.70
17534.08
17891.41
18245.12
18599.25
18953.48
19306.69
19587.45
19912.55
20271.94
20627.34
20909.90
21267.23
21626.36
21989.36
22349.68
22912.48
23271.36
23628.68
23990.14
24349.53
24712.18
25071.31
25431.73
25791.12
26149.48
26508.88
26864.40
27221.73
27578.80
27935.87
28293.20
28649.49
29006.30
29361.51
29719.09
30075.65
30425.17
30783.01
31141.37
31497.15
31854.22
32211.81
32876.46
33233.02
33589.05
33879.44
34144.73
34346.08
34398.41
34556.20
34613.95
34647.20
34953.05
34954.54
34966.65
34971.55
34973.36
34975.42
34977.48
34979.54
34983.67
35080.09
35142.34
35200.87
35285.26
35331.15
35441.23
35488.44
35542.32
35565.79
35615.94
35673.75
35742.33
35787.96
35881.96
35991.28
36099.56
36192.89
36222.79
36279.77
36343.19
36387.44
36427.91
36458.85
36503.45
36562.49
36577.19
36629.27
36686.24
36834.71
36980.11
37035.80
37170.38
37286.39
37432.06
37579.53
37727.77
37877.56
38025.54
38101.34
38187.19
38333.63
38463.82
38531.11
38639.40
38743.04
38786.87
38884.58
39016.58
39155.80
39229.28
39305.07
39375.20
39446.61
39535.04
39645.39
39716.80
39745.93
39789.50
39836.68
39879.74
39908.10
39983.38
40061.50
40114.09
40183.44
40203.81
40233.97
40261.30
40282.44
40324.21
40391.48
40457.22
40524.51
40591.80
40656.77
40723.28
40775.36
40826.41
40877.71
40930.56
40986.77
41042.71
41102.78
41162.85
41222.41
41279.64
41334.81
41391.02
41447.99
41502.39
41525.08
41559.62
41613.77
41665.84
41718.95
41773.61
41826.46
41880.34
41933.97
41986.82
42037.87
42089.43
42141.77
42193.84
42245.41
42294.65
42343.38
42392.10
42442.63
42490.59
42538.80
42587.78
42637.02
42687.30
42735.77
42783.72
42828.32
42873.44
42915.20
43567.98
44264.59
44799.81
45345.34
45887.78
46447.23
46977.04
47194.63
9.65
55.09
93.41
131.02
168.91
207.00
243.35
280.99
316.05
353.43
393.13
428.96
465.57
502.70
539.05
574.63
611.50
647.33
683.17
720.55
756.90
796.51
832.86
868.70
905.56
940.62
976.46
1012.81
1048.91
1083.45
1119.29
1155.38
1190.96
1226.02
1261.86
1297.44
1332.50
1366.53
1403.40
1440.01
1475.07
1510.13
1586.96
1590.25
1625.31
1660.38
1696.98
1732.82
1768.40
1804.75
1839.55
1874.62
1910.71
1947.06
1982.38
2017.19
2053.80
2088.34
2123.15
2158.73
2194.30
2229.37
2264.17
2299.49
2334.81
2369.62
2404.42
2440.00
2475.32
2510.12
2544.67
2579.99
2615.05
2649.86
2683.89
2718.95
2754.02
2788.56
2822.85
2857.40
2896.59
2931.91
2967.23
3002.29
3037.09
3072.16
3107.22
3208.02
3229.40
3264.98
3300.30
3334.84
3371.45
3406.00
3440.55
3475.87
3511.45
3547.02
3581.83
3617.41
3652.98
3688.05
3722.85
3758.69
3793.75
3828.55
3863.10
3898.94
3934.26
3968.55
4002.84
4038.93
4073.99
4108.54
4142.57
4186.66
4213.73
4248.27
4282.30
4313.50
4409.67
4556.50
4700.92
4864.91
5018.35
5201.57
5365.28
5554.52
5714.10
5878.07
6084.12
6247.20
6407.55
6564.05
6720.54
6938.23
7129.91
7448.77
7782.77
8092.15
8432.01
9053.34
9148.20
9479.84
9810.35
10159.02
10479.81
10797.59
11095.62
11428.46
11872.10
12224.57
12537.30
12872.46
13204.52
13539.16
13857.56
14176.60
14504.80
14838.04
15178.09
15515.05
15850.98
16326.86
16664.86
17003.11
17339.55
17738.84
18024.49
18360.42
18695.58
19032.46
19366.33
19688.08
19962.91
20309.15
20605.89
20940.53
21275.17
21533.50
21870.20
22208.59
22545.55
23110.25
23437.00
23776.29
24115.31
24454.59
24793.10
25131.08
25470.11
25810.16
26149.18
26487.95
26824.65
27162.90
27501.67
27837.34
28173.53
28509.71
28846.16
29182.35
29516.27
29851.43
30190.19
30526.12
30856.37
31192.04
31528.74
31865.45
32200.34
34108.16
34200.49
34474.57
34805.39
35141.32
35478.03
35813.70
36149.37
36486.33
36674.79
36869.96
36956.58
36966.89
37121.84
37208.46
37224.96
37295.86
37337.42
37341.80
37348.76
37356.24
37363.71
37371.19
37378.41
37385.89
37393.36
37400.84
37408.32
37415.54
37423.01
37430.23
37437.71
37445.18
37452.66
37459.88
37467.36
37474.83
37482.31
37489.53
37497.00
37504.48
37511.96
37519.18
37526.65
37534.13
37541.61
37549.08
37556.30
37563.78
37571.00
37578.47
37593.17
37594.97
37599.36
37601.16
37603.22
37605.03
37606.83
37608.89
37612.76
37711.25
37769.78
37825.21
37906.53
37949.72
38056.45
38108.79
38154.32
38207.86
38218.95
38253.89
38320.93
38362.69
38428.68
38509.63
38554.49
38653.49
38726.45
38804.05
38906.14
38998.38
39033.45
39091.20
39148.69
39202.31
39242.02
39275.53
39307.76
39328.64
39356.74
39382.52
39433.83
39548.30
39674.37
39814.62
39953.32
40034.02
40138.95
40283.06
40428.47
40571.30
40715.67
40809.26
40896.41
41038.73
41181.30
41324.90
41470.05
41574.98
41640.46
41759.57
41863.21
41967.62
42072.30
42083.12
42172.84
42263.59
42397.14
42500.01
42582.77
42645.93
42703.16
42768.39
42833.36
42925.91
43000.16
43044.51
43094.78
43142.73
43167.71
43205.87
43240.16
43268.52
43321.11
43368.29
43386.60
43411.09
43438.42
43451.05
43466.26
43520.14
43586.14
43651.63
43715.05
43778.21
43844.47
43910.73
43973.38
44035.51
44097.13
44160.29
44203.49
44209.93
44260.46
44307.90
44358.18
44414.64
44472.64
44532.46
44592.27
44649.76
44713.44
44769.13
44821.72
44876.12
44931.55
44986.72
45045.76
45098.61
45153.01
45207.15
45262.84
45316.46
45367.51
45417.79
45467.03
45520.39
45569.89
45619.65
45672.76
45724.84
45775.89
45823.58
45873.60
45922.84
45972.60
46022.61
46071.08
46115.94
46164.67
46211.59
46262.12
46293.57
46463.21
47143.32
47814.93
48338.29
48868.61
49384.75
49932.08
50461.11
50942.71
9.02
55.08
92.30
130.16
167.54
206.40
242.75
279.36
316.74
353.61
393.08
429.17
464.49
502.39
538.23
573.80
610.16
647.02
682.60
719.98
755.30
796.61
831.93
869.05
905.41
940.98
976.56
1013.17
1049.27
1084.84
1119.91
1155.74
1191.58
1227.16
1262.73
1297.80
1333.63
1368.70
1404.02
1441.66
1477.23
1512.04
1590.16
1592.46
1627.78
1663.10
1699.19
1735.03
1770.35
1805.67
1840.99
1878.11
1913.69
1949.01
1983.56
2018.88
2055.49
2090.81
2125.61
2160.42
2195.22
2232.09
2267.15
2301.96
2336.25
2371.05
2407.40
2442.21
2477.01
2512.59
2546.36
2580.91
2617.26
2651.55
2686.10
2721.68
2755.45
2789.74
2825.83
2860.12
2898.54
2934.89
2969.95
3004.50
3038.79
3073.59
3109.68
3214.36
3231.74
3267.32
3303.15
3338.73
3374.31
3409.11
3444.69
3479.75
3515.33
3551.17
3585.46
3621.04
3656.61
3692.19
3727.00
3761.29
3796.09
3832.70
3867.50
3902.31
3936.60
3971.92
4007.24
4042.04
4077.62
4112.17
4146.20
4180.75
4217.10
4251.64
4286.45
4321.77
4355.80
4390.61
4426.70
4461.50
4495.54
4531.11
4565.40
4599.95
4614.64
4641.20
4777.11
4929.57
5080.81
5249.26
5429.89
5592.57
5787.29
5952.04
6120.13
6335.66
6492.59
6656.30
6821.56
6983.72
7207.76
7367.75
7532.23
7754.11
8084.55
8435.07
8801.06
9203.45
9574.66
9901.82
10253.48
10647.72
10964.70
11297.54
11623.16
12067.37
12441.22
12801.57
13148.85
13503.86
13859.89
14200.46
14581.89
14885.85
15243.06
15603.45
15960.52
16453.59
16812.73
17171.86
17531.25
17891.41
18307.66
18621.16
18976.16
19334.27
19689.55
20006.40
20326.09
20683.26
21011.20
21372.65
21731.79
22079.06
22363.05
22954.99
23287.61
23646.48
24011.62
24371.53
24732.47
25091.60
25453.31
25813.93
26174.61
26536.06
26897.51
27261.29
27615.26
27972.85
28334.04
28693.18
29051.02
29409.48
29766.29
30123.36
30481.21
30838.54
31196.38
31548.95
31905.77
32267.73
33737.78
34002.86
34359.16
34719.07
35046.79
35361.07
35722.26
36081.65
36441.30
36797.34
37154.93
37368.39
37696.33
37890.72
38256.30
38617.50
38980.50
39329.06
39554.64
39637.92
39662.93
39817.36
39890.32
39904.75
39980.29
40021.89
40026.02
40032.98
40040.45
40047.93
40055.15
40062.88
40070.36
40077.58
40085.05
40092.79
40100.01
40107.48
40114.96
40122.44
40129.91
40137.39
40144.87
40152.34
40159.82
40167.30
40174.77
40182.25
40190.50
40197.20
40204.68
40211.90
40219.63
40227.11
40234.59
40242.06
40249.54
40257.02
40264.23
40271.97
40279.45
40286.92
40302.39
40302.65
40309.61
40311.41
40313.22
40315.28
40317.09
40319.66
40330.49
40394.69
40427.05
40502.33
40584.49
40640.12
40694.26
40748.66
40801.51
40849.82
40854.97
40894.42
40940.57
40992.90
41024.36
41122.53
41197.04
41275.67
41362.81
41460.00
41531.42
41634.91
41743.97
41852.51
41942.26
41972.94
42024.25
42062.40
42102.88
42145.42
42172.75
42193.89
42215.03
42285.15
42406.07
42500.68
42646.09
42784.02
42876.83
42967.58
43088.50
43185.43
43316.40
43436.30
43575.77
43715.25
43850.34
43989.56
44134.45
44281.15
44405.41
44521.17
44662.45
44805.28
44928.77
44979.05
45053.81
45163.64
45231.19
45326.58
45394.12
45483.59
45591.61
45692.93
45751.97
45819.52
45884.48
45949.20
46020.61
46059.80
46130.70
46171.17
46199.53
46226.09
46252.38
46282.29
46306.01
46335.40
46363.24
46375.10
46394.70
46443.16
46489.31
46551.58
46612.68
46672.23
46734.62
46794.95
46857.09
46917.16
46975.42
47036.01
47094.27
47153.05
47209.52
47267.52
47325.27
47381.99
47440.77
47491.39
47540.89
47588.07
47638.09
47692.74
47748.43
47806.44
47861.35
47919.62
47975.56
48033.83
48091.32
48150.10
48207.34
48259.93
48312.52
48366.92
48422.87
48477.78
48535.27
48589.93
48644.07
48697.95
48752.87
48806.23
48858.05
48912.20
48964.79
49015.06
49062.76
49112.52
49161.76
49211.52
49262.82
49314.64
49362.85
49410.55
49459.53
49500.01
50067.45
50768.70
51373.79
51909.27
52460.73
53006.52
53560.04
54096.55
54474.24
9.13
53.64
91.20
128.80
164.38
202.12
237.70
273.28
310.14
345.21
381.82
420.01
455.07
491.17
525.71
561.55
597.13
633.22
667.77
703.35
739.70
791.78
813.89
849.47
884.02
919.86
953.89
989.46
1024.27
1060.36
1095.68
1129.97
1165.55
1199.84
1235.16
1268.68
1304.00
1338.54
1373.35
1408.67
1444.50
1480.08
1515.40
1594.04
1628.40
1662.43
1697.75
1732.55
1768.65
1803.97
1838.52
1873.84
1908.12
1943.19
1976.96
2012.02
2046.57
2081.63
2116.70
2151.76
2185.79
2220.85
2255.14
2289.69
2324.49
2358.27
2392.55
2427.10
2461.13
2495.68
2530.74
2565.55
2599.84
2633.61
2668.16
2702.70
2736.22
2770.25
2805.05
2839.34
2872.60
2911.53
2946.59
2979.85
3014.91
3049.46
3082.98
3117.52
3221.42
3238.71
3273.00
3308.06
3341.57
3377.15
3411.70
3445.47
3480.54
3514.57
3550.14
3585.46
3620.01
3654.30
3689.36
3722.88
3757.94
3792.75
3826.00
3860.55
3895.10
3929.13
3963.68
3998.74
4033.29
4067.57
4101.61
4136.15
4170.70
4212.72
4238.25
4272.79
4307.08
4340.34
4374.63
4408.92
4442.95
4476.21
4511.01
4545.82
4580.11
4614.65
4648.17
4681.94
4716.49
4750.78
4784.29
4818.07
4852.36
4886.13
4920.42
4924.03
4965.52
5095.90
5241.29
5384.29
5551.57
5720.97
5887.00
6078.19
6246.03
6408.45
6573.71
6781.46
6953.94
7108.62
7271.30
7432.44
7661.99
7816.68
7986.21
8141.16
8347.85
8651.28
8980.73
9408.02
9705.16
10019.95
10358.07
10689.11
11017.77
11366.15
11656.99
12438.68
12731.37
13081.82
13412.39
13747.29
14080.38
14413.73
14746.57
15132.57
15394.20
15714.14
16050.39
17062.05
17199.32
17537.83
17874.02
18210.72
18545.88
18916.09
19232.95
19567.07
19902.48
20238.94
20501.39
20838.61
21176.86
21513.82
21820.62
22157.84
22491.80
22755.03
23302.63
23640.88
23980.42
24342.96
24668.57
25011.72
25353.32
25691.57
26030.60
26367.50
26708.59
27042.45
27378.12
27715.09
28050.76
28386.43
28724.16
29059.06
29396.02
29730.66
30069.17
30408.45
30745.41
31079.54
31416.50
31751.66
32084.78
32418.91
33939.23
34082.96
34423.53
34758.43
35090.69
35425.88
35754.85
35940.47
36237.47
36572.11
36908.30
37245.52
37581.96
37921.25
38116.67
38259.24
38599.29
38941.67
39281.72
39622.04
39965.96
40307.82
40645.81
40987.15
41326.69
41670.10
42008.09
42253.01
42359.75
42403.57
42560.32
42660.36
42683.04
42737.18
43097.91
43104.04
43107.64
43107.90
43114.86
43116.67
43118.47
43120.28
43121.82
43123.63
43128.79
43139.36
43207.68
43237.65
43314.99
43394.23
43450.53
43505.64
43559.84
43613.21
43667.25
43681.95
43688.13
43739.44
43802.33
43878.38
43922.47
44000.84
44058.34
44131.55
44206.32
44283.53
44363.71
44445.43
44506.54
44609.92
44711.12
44813.98
44905.51
44934.38
44992.13
45024.62
45067.93
45101.19
45124.39
45145.27
45183.17
45304.34
45423.71
45540.50
45669.66
45812.49
45898.86
45995.54
46107.95
46227.57
46322.45
46465.02
46580.77
46717.41
46841.94
46898.91
47032.72
47169.10
47242.32
47370.71
47508.38
47647.86
47700.97
47820.59
47939.45
48079.44
48217.37
48292.39
48394.23
48455.33
48555.02
48613.03
48709.45
48754.82
48841.19
48886.82
48959.01
49059.82
49108.80
49152.11
49203.16
49252.66
49291.27
49345.93
49371.45
49402.39
49423.01
49448.79
49466.07
49492.62
49506.03
49524.07
49570.48
49619.46
49668.96
49715.11
49761.26
49820.82
49876.50
49933.74
49986.59
50045.89
50104.67
50162.68
50223.52
50283.07
50338.76
50392.09
50447.52
50502.79
50561.57
50618.29
50673.21
50725.80
50780.71
50834.08
50882.55
50933.86
50951.13
50970.98
51019.71
51071.01
51121.54
51175.17
51228.28
51282.16
51332.43
51384.25
51436.33
51490.21
51544.10
51599.01
51652.64
51707.29
51762.46
51818.67
51873.32
51927.21
51975.93
52028.01
52081.64
52131.39
52181.41
52230.14
52279.64
52329.39
52378.12
52424.53
52472.22
52522.50
52572.25
52622.27
52672.03
52720.24
52769.22
52815.11
52860.49
52884.46
53111.60
53784.75
54480.58
55024.31
55557.21
56101.45
56638.73
57185.81
57718.19
58224.79
9.59
52.92
89.15
126.00
161.84
197.16
233.77
269.09
303.90
338.19
373.51
411.21
446.79
481.85
515.88
550.94
585.75
620.29
654.58
688.87
723.68
757.96
796.46
831.26
865.55
899.84
934.13
968.93
1003.74
1038.54
1072.83
1107.38
1141.41
1175.70
1209.47
1243.76
1277.54
1311.31
1344.82
1379.11
1413.14
1449.50
1483.79
1517.82
1551.85
1593.73
1628.02
1662.30
1696.59
1730.88
1765.17
1799.46
1833.49
1867.78
1901.55
1935.59
1969.36
2003.13
2037.42
2071.71
2106.00
2139.77
2173.55
2207.32
2240.84
2274.09
2307.61
2341.64
2375.93
2408.93
2442.45
2475.70
2508.96
2543.25
2576.77
2610.02
2643.28
2676.28
2709.28
2742.54
2776.83
2809.83
2842.83
2876.34
2914.24
2948.53
2982.30
3015.56
3049.08
3082.34
3115.59
3229.55
3235.06
3268.83
3302.61
3336.38
3370.15
3403.93
3437.44
3470.96
3504.47
3537.73
3571.50
3605.28
3639.31
3673.60
3707.11
3740.89
3774.40
3807.92
3841.43
3875.46
3909.75
3943.27
3976.53
4010.04
4043.30
4076.82
4110.85
4144.36
4177.62
4210.88
4243.88
4278.17
4311.43
4344.68
4377.68
4410.68
4443.43
4477.46
4510.97
4544.23
4577.49
4610.75
4645.04
4678.55
4711.55
4744.55
4777.81
4812.10
4845.10
4878.10
4911.10
4945.13
4978.13
5011.13
5043.61
5076.10
5110.13
5143.13
5175.87
5209.13
5243.42
5246.77
5283.21
5412.73
5559.75
5696.87
5861.82
6031.61
6195.07
6386.91
6556.55
6721.04
6888.10
7092.59
7260.16
7425.16
7587.59
7749.49
7966.32
8132.35
8289.69
8454.95
8616.34
8777.21
8896.06
9398.32
9544.62
9874.43
10236.06
10535.38
10863.47
11194.18
11524.95
11889.09
12262.78
12582.98
12903.70
13234.99
13587.11
13919.68
14249.27
14582.10
14913.91
15242.25
15559.88
15903.10
16202.68
17222.84
17353.52
17690.99
18027.70
18365.17
18702.13
19037.29
19460.70
19721.09
20055.47
20390.11
20689.97
20981.12
21315.51
21649.89
21982.98
22305.25
22626.23
22959.45
23507.60
23796.35
24100.83
24442.17
24781.20
25125.93
25464.70
25802.95
26141.45
26479.45
26817.44
27154.28
27492.53
27830.01
28170.84
28508.05
28845.27
29181.72
29517.65
29852.71
30186.84
30520.96
30854.83
31188.44
31520.25
31859.27
32194.43
32529.32
33590.19
33848.02
34184.72
34519.11
34853.49
35182.51
35516.89
35851.27
36187.03
36495.89
36794.18
37131.14
37465.78
37803.00
38138.67
38399.06
38646.05
38809.76
39149.81
39488.58
39831.21
40171.52
40509.52
40849.31
41188.85
41528.65
41867.93
42207.21
42547.27
42884.23
43221.70
43563.82
43901.04
44239.55
44578.05
44912.64
45140.29
45247.80
45285.70
45431.88
45538.61
45566.20
45596.36
45847.63
45848.44
45855.66
45862.88
45870.36
45877.83
45885.05
45892.53
45900.00
45907.48
45914.96
45922.18
45929.65
45937.13
45944.35
45951.82
45959.30
45966.78
45974.00
45981.21
45988.69
45996.17
46003.64
46019.89
46026.33
46028.14
46029.68
46031.49
46033.04
46034.84
46036.64
46041.80
46050.31
46140.03
46178.84
46216.26
46260.56
46296.14
46398.75
46453.15
46507.98
46560.82
46613.67
46656.46
46679.67
46727.90
46784.62
46869.96
46931.83
46984.17
47039.08
47101.57
47172.72
47199.28
47269.66
47344.68
47424.61
47500.50
47582.75
47669.63
47748.78
47827.67
47930.28
48000.40
48078.00
48112.29
48148.39
48173.65
48297.40
48441.71
48506.43
48605.68
48735.36
48854.99
48981.62
49063.09
49202.31
49344.11
49485.91
49600.63
49644.72
49718.20
49815.39
49914.39
50014.16
50127.60
50232.27
50303.43
50394.70
50505.04
50639.10
50736.55
50825.76
50959.56
51090.53
51166.84
51281.57
51381.86
51506.64
51651.27
51789.94
51873.99
52011.92
52079.98
52172.26
52253.21
52299.36
52358.14
52410.73
52469.00
52514.12
52563.62
52620.85
52665.71
52725.78
52788.69
52824.27
52858.81
52896.71
52920.17
52944.92
52966.58
52983.34
53003.19
53030.26
53080.79
53133.64
53187.01
53241.15
53294.00
53348.40
53400.73
53453.84
53504.38
53560.06
53617.05
53672.48
53728.16
53787.72
53841.60
53898.06
53958.13
54014.34
54072.09
54126.23
54182.17
54237.34
54293.29
54350.27
54406.73
54462.41
54514.23
54570.18
54621.23
54674.08
54727.19
54779.52
54831.09
54882.39
54935.76
54994.02
55046.36
55100.50
55149.48
55196.15
55244.10
55298.50
55356.51
55409.10
55462.73
55515.58
55566.62
55621.28
55674.39
55726.98
55780.35
55831.91
55882.22
55935.84
55987.92
56039.23
56093.11
56149.57
56205.52
56264.81
56318.44
56373.61
56426.98
56484.48
56533.98
56584.77
56636.33
56760.60
57491.75
58191.20
58787.26
59320.16
59863.37
60396.79
60954.95
61493.78
62028.74
62390.45
8.96
52.62
88.77
124.89
159.44
194.25
231.35
266.15
300.18
334.21
370.05
406.95
441.50
475.79
509.82
543.85
577.88
612.43
645.95
679.98
716.59
749.33
786.75
821.29
855.58
889.36
923.39
958.19
991.71
1025.22
1060.29
1093.29
1127.06
1161.35
1194.35
1227.09
1261.38
1294.64
1328.93
1362.70
1395.70
1429.73
1465.05
1497.54
1531.57
1601.69
1608.01
1641.79
1675.30
1710.11
1743.62
1777.14
1811.43
1844.68
1878.97
1911.97
1944.71
1978.75
2012.00
2045.78
2079.55
2112.29
2146.32
2178.81
2212.84
2245.32
2278.58
2311.84
2345.36
2378.87
2412.13
2445.39
2478.64
2511.39
2543.10
2576.87
2610.13
2643.13
2676.64
2709.64
2743.16
2775.39
2807.61
2840.87
2874.64
2918.21
2944.00
2977.77
3010.51
3044.80
3077.29
3111.32
3143.54
3193.96
3228.25
3261.00
3295.29
3328.03
3360.51
3395.06
3428.32
3462.61
3495.86
3529.12
3562.89
3595.89
3629.93
3662.41
3695.41
3728.93
3762.44
3796.21
3828.96
3862.99
3895.73
3929.25
3961.47
3994.73
4027.21
4061.50
4093.99
4127.76
4160.25
4193.50
4224.96
4258.73
4291.73
4325.25
4358.25
4390.73
4423.99
4455.96
4489.21
4521.70
4555.47
4587.44
4621.21
4654.21
4686.44
4718.67
4751.67
4785.70
4817.67
4851.18
4883.41
4916.41
4947.86
4981.38
5014.89
5047.12
5080.38
5112.86
5145.35
5177.06
5210.32
5244.09
5275.80
5309.06
5342.06
5373.77
5406.25
5438.22
5472.00
5504.48
5536.71
5569.96
5582.60
5691.79
5827.18
5970.79
6129.05
6283.35
6458.25
6623.00
6814.73
6985.92
7152.21
7357.17
7528.73
7691.92
7857.18
7967.78
8195.92
8358.22
8529.67
8686.51
8863.37
9021.92
9186.15
9352.44
9605.79
9835.47
10161.81
10510.31
10891.21
11212.44
11556.71
11908.05
12708.56
12710.65
13020.91
13356.84
13710.04
14079.02
14432.47
14782.06
15133.72
15482.93
15836.39
16188.05
16535.66
17026.74
17342.82
17701.81
18060.17
18419.30
18776.63
19133.70
19491.29
19846.04
20229.49
20569.55
20924.55
21199.08
21556.63
21913.96
22270.52
22625.27
22979.08
24307.07
24500.52
24849.85
25210.53
25612.86
25935.75
26294.37
26653.50
27012.89
27373.83
27731.78
28090.66
28449.53
28809.44
29167.02
29528.22
29885.03
30240.04
30594.79
30951.86
31309.45
31666.52
32021.27
32376.53
32731.80
34365.55
34447.52
34803.05
35157.28
35506.80
35863.62
36218.62
36575.44
36926.23
37282.02
37569.99
37927.06
38281.55
38639.14
38818.84
39176.16
39511.32
39706.23
40066.13
40428.36
40786.98
41147.14
41508.85
41869.02
42228.66
42589.60
42950.28
43307.35
43665.45
44024.33
44385.52
44744.40
45102.50
45459.46
45819.37
46180.05
46540.21
46897.54
47257.96
47615.55
50307.11
50319.71
50374.65
50427.14
50479.99
50533.62
50599.57
50672.79
50684.39
50719.45
50804.53
50848.88
50937.56
51002.53
51061.57
51096.89
51146.39
51197.44
51280.97
51322.06
51365.89
51429.05
51514.64
51591.73
51660.05
51738.17
51832.01
51900.33
51972.78
52040.32
52113.32
52184.99
52224.18
52363.14
52502.10
52580.73
52664.52
52809.67
52900.68
53021.34
53145.09
53273.48
53416.05
53489.52
53598.32
53691.91
53825.97
53970.09
54109.05
54234.86
54342.89
54363.00
54451.17
54533.93
54619.78
54703.82
54841.75
54912.14
54974.53
55076.34
55187.20
55296.77
55393.45
55504.05
55613.36
55752.64
55889.80
55964.05
56073.62
56195.31
56291.73
56424.25
56559.86
56653.18
56696.24
56762.50
56816.64
56870.52
56929.04
56967.46
57008.19
57048.93
57083.21
57120.60
57155.14
57181.18
57211.09
57227.59
57254.14
57281.21
57309.83
57337.93
57389.75
57440.54
57489.79
57542.38
57593.94
57647.82
57698.79
57752.93
57804.75
57860.70
57914.32
57965.37
58016.16
58072.88
58126.76
58181.16
58235.56
58291.76
58346.68
58405.46
58460.89
58516.83
58573.04
58627.18
58681.57
58736.75
58792.18
58849.67
58905.10
58961.82
59014.41
59067.52
59118.31
59171.68
59225.30
59277.38
59327.39
59380.76
59433.61
59489.04
59542.15
59595.26
59643.73
59691.68
59736.80
59782.95
59831.68
59883.24
59937.73
59991.35
60043.95
60097.05
60149.39
60199.41
60248.91
60299.70
60350.23
60402.56
60451.80
60500.02
60550.03
60600.30
60653.16
60701.62
60751.90
60801.66
60851.16
60897.82
60949.38
60999.14
61046.06
61096.08
61145.32
61194.56
61244.32
61259.79
61380.19
62127.07
62822.39
63457.64
63991.57
64531.69
65073.09
65617.59
66165.96
66705.56
67238.20
67417.64
