12.21
8.04
10.53
11.01
9.94
68.27
118.77
171.36
222.11
274.45
323.17
375.22
425.24
477.06
526.04
577.35
622.24
913.18
1341.92
1762.82
2184.23
2673.43
3031.77
3461.40
3871.65
4295.22
4733.95
5165.52
5578.90
5988.73
6388.34
6840.29
7224.17
7633.62
8039.80
8459.17
8866.77
9274.89
9764.57
10170.37
10577.46
10999.70
11104.81
11115.89
11116.15
11116.41
11116.66
11116.92
11122.59
11122.85
11130.33
11130.59
11131.10
11138.06
11138.32
11145.54
11145.80
11146.05
11158.69
11158.95
11159.20
11161.27
11161.52
11161.78
11169.26
11169.52
11176.73
11176.99
11177.25
11177.77
11184.73
11184.98
11192.20
11192.46
11192.72
11200.20
11200.45
11200.71
11207.93
11225.98
11226.23
11226.75
11227.01
11227.52
11227.78
11228.30
11228.55
11228.81
11230.10
11230.62
11230.88
11323.69
11333.23
11346.12
11405.93
11424.75
11444.60
11492.94
11551.72
11642.27
11757.51
11829.95
11912.10
12014.19
12063.95
12111.06
12154.89
12204.39
12267.05
12344.14
12401.70
12483.94
12571.08
12641.98
12709.90
12778.73
12861.49
12931.36
13004.23
13040.32
13082.09
13130.04
13171.29
13212.80
13256.38
13298.66
13342.48
13385.02
13409.00
13420.09
13431.43
13443.80
13457.73
13469.33
13485.57
13498.20
13509.55
13522.70
13531.46
13541.26
13550.28
13559.56
13568.33
13577.87
13587.92
13598.75
13609.58
13620.41
13631.75
13643.35
13654.18
13665.22
13675.79
13686.10
13696.16
13709.56
13721.16
13731.22
13741.02
13750.04
13758.55
13766.54
13775.30
13785.36
13794.38
13803.15
13812.17
13821.20
13830.48
13838.98
13847.75
13855.74
13863.73
13871.98
13880.75
13888.89
13896.88
13904.88
13914.41
13933.23
13952.83
13962.11
13974.48
13989.18
14004.91
14018.83
14031.98
14043.84
14053.12
14066.01
14078.12
14085.34
14121.18
14164.23
14212.96
14267.36
14303.45
14336.45
14358.11
14375.38
14386.21
14393.69
14401.16
14407.35
14414.83
14422.05
14450.66
14483.15
14485.98
14489.34
14492.43
14494.49
14496.55
14499.65
14501.97
14504.55
14507.12
14509.45
14511.77
14513.31
14515.63
14517.95
14520.27
14524.66
14527.23
14528.78
14531.88
14555.08
14596.59
14647.38
14699.20
14750.50
14773.96
15070.19
15644.34
16083.13
16327.54
9.83
67.64
116.49
169.09
220.07
270.09
321.65
369.80
421.36
471.63
520.62
571.66
618.59
669.38
720.38
769.62
820.16
870.95
918.64
968.91
1007.59
1105.72
1534.00
1952.54
2415.48
2793.99
3205.20
3654.23
4141.34
4479.02
5097.77
5349.74
5778.04
6189.24
6610.25
7059.19
7453.90
7887.09
8294.18
8710.42
9136.59
9559.92
10046.74
10469.81
10884.12
11300.66
11706.46
12121.54
12522.77
12923.38
13342.07
13742.71
14744.31
15004.54
15415.24
15829.03
16243.06
16650.66
17071.41
17478.24
17823.86
18027.20
18028.00
18028.26
18028.52
18028.77
18035.73
18035.99
18036.25
18043.47
18043.73
18043.98
18051.20
18051.46
18051.72
18058.94
18059.20
18059.45
18059.71
18066.67
18093.74
18094.00
18094.26
18094.52
18094.77
18095.03
18095.29
18095.55
18095.80
18096.06
18096.32
18096.58
18098.38
18098.64
18106.12
18106.38
18113.85
18114.11
18114.62
18114.88
18115.14
18115.40
18116.17
18116.43
18116.95
18121.59
18206.86
18214.34
18274.67
18298.26
18318.37
18337.70
18357.55
18377.92
18403.19
18506.31
18572.05
18650.17
18696.85
18758.73
18837.10
18934.30
19012.93
19095.17
19193.36
19274.32
19360.94
19444.47
19528.52
19589.11
19669.80
19745.09
19829.88
19916.50
20002.61
20079.44
20164.00
20259.13
20339.57
20440.63
20524.16
20610.79
20661.58
20701.54
20748.72
20792.80
20836.89
20885.36
20932.02
20976.11
21025.35
21073.43
21123.96
21169.08
21214.97
21273.49
21340.78
21406.01
21452.41
21481.41
21509.77
21539.16
21574.74
21592.53
21604.65
21615.99
21632.49
21643.84
21653.38
21662.66
21672.45
21681.73
21693.08
21706.48
21716.80
21726.85
21736.91
21747.73
21761.14
21770.42
21780.22
21791.30
21801.62
21812.96
21829.72
21841.06
21851.89
21862.20
21872.00
21882.31
21892.88
21905.52
21914.54
21926.40
21937.48
21949.34
21966.36
21980.80
21995.49
22009.93
22021.53
22032.88
22042.93
22053.76
22064.33
22074.90
22090.62
22101.56
22111.36
22119.86
22127.34
22135.59
22144.36
22152.86
22161.37
22169.62
22177.61
22185.86
22193.86
22202.11
22210.61
22219.38
22228.40
22237.43
22246.19
22254.44
22262.95
22271.71
22281.25
22289.25
22298.01
22306.52
22315.03
22324.05
22334.62
22342.36
22350.86
22359.89
22369.43
22378.71
22387.21
22396.24
22403.97
22410.93
22418.15
22429.50
22437.75
22461.46
22488.02
22510.71
22514.06
22517.41
22536.75
22554.54
22573.61
22589.08
22602.75
22615.64
22627.24
22643.74
22654.57
22668.49
22682.15
22698.39
22708.19
22725.21
22735.00
22736.04
22751.50
22796.62
22841.48
22898.71
22948.73
22998.75
23037.93
23080.47
23113.73
23148.02
23180.76
23211.70
23226.91
23243.41
23258.11
23270.22
23277.96
23285.18
23291.11
23297.81
23304.25
23310.70
23317.14
23323.59
23331.07
23338.29
23356.85
23398.87
23432.39
23435.48
23438.06
23440.89
23443.73
23446.57
23449.14
23451.46
23454.82
23457.14
23459.46
23462.29
23465.39
23467.96
23470.03
23472.35
23474.67
23477.25
23479.57
23482.40
23484.98
23487.56
23491.43
23494.00
23495.55
23498.13
23500.71
23502.25
23507.41
23524.68
23568.51
23612.04
23663.34
23717.22
23770.85
23822.15
23875.57
23928.94
23939.51
24239.86
25007.63
25434.82
25878.78
26331.75
26482.32
8.17
64.33
114.77
162.20
213.30
263.57
309.46
358.96
409.64
457.59
505.29
554.01
602.48
648.37
697.10
747.88
797.89
842.75
891.99
941.23
987.64
1035.08
1082.77
1132.27
1176.36
1224.83
1272.52
1318.67
1364.56
1413.03
1451.71
1544.98
1753.05
2160.34
2572.22
3031.62
3409.07
3820.29
4261.36
4690.06
5080.81
5530.82
5935.13
6356.40
6764.82
7182.48
7637.22
8034.00
8447.20
8856.91
9275.92
9692.03
10370.85
10597.43
11012.51
11420.63
11851.03
12267.91
12677.32
13083.92
13480.21
13889.88
14252.10
14774.99
15174.34
15572.41
15974.85
16375.75
16801.39
17202.80
17603.44
18018.52
18423.96
18826.70
19238.94
19645.00
20048.73
20456.59
21070.55
21437.48
21847.66
22248.82
22652.55
23064.79
23469.04
23870.46
24280.77
24686.05
25040.80
25161.46
25427.42
25430.19
25430.45
25437.92
25438.18
25445.66
25445.91
25453.39
25453.65
25453.91
25461.12
25461.38
25461.64
25469.12
25469.38
25469.63
25469.89
25476.85
25477.11
25477.27
25484.48
25484.74
25485.00
25492.21
25492.47
25492.73
25499.95
25500.21
25507.68
25507.94
25515.16
25515.42
25515.68
25515.93
25516.19
25516.71
25517.22
25517.48
25518.00
25584.77
25644.84
25659.77
25681.63
25704.32
25733.19
25755.88
25776.68
25798.33
25818.70
25866.39
25887.54
25925.18
26023.48
26099.28
26192.70
26281.08
26366.68
26455.47
26547.25
26626.40
26719.76
26814.89
26902.29
26986.08
27089.21
27171.71
27267.87
27365.32
27451.43
27533.72
27631.69
27717.80
27814.48
27887.62
27938.93
27991.26
28043.70
28093.72
28139.09
28188.85
28238.61
28289.66
28337.87
28387.37
28439.70
28488.17
28559.59
28621.98
28685.66
28749.64
28832.66
28895.05
28974.20
29050.77
29114.96
29175.03
29238.71
29324.05
29383.86
29459.71
29541.43
29607.18
29673.43
29740.98
29773.72
29809.56
29846.94
29884.58
29921.71
29949.04
29987.71
30030.76
30075.11
30120.22
30165.08
30207.88
30253.13
30297.48
30338.73
30376.88
30405.50
30418.13
30432.05
30443.40
30456.29
30466.86
30478.46
30489.03
30499.60
30510.17
30524.61
30535.95
30547.30
30558.12
30568.70
30579.78
30590.61
30601.49
30612.84
30624.18
30634.49
30645.06
30657.18
30671.88
30683.22
30701.01
30711.32
30723.95
30737.10
30749.22
30760.30
30771.91
30784.28
30797.95
30807.74
30818.31
30828.37
30838.68
30848.48
30859.05
30869.36
30879.67
30892.82
30902.36
30910.61
30919.12
30927.37
30936.13
30944.64
30952.38
30960.37
30968.88
30978.16
30986.41
30994.91
31003.16
31011.41
31020.95
31029.72
31037.20
31045.29
31053.80
31063.08
31071.84
31081.38
31089.89
31098.91
31107.68
31116.19
31124.95
31134.49
31143.77
31153.05
31162.85
31174.97
31184.77
31194.56
31204.62
31214.41
31224.98
31236.07
31245.87
31256.44
31265.46
31273.71
31284.02
31292.79
31302.33
31310.58
31319.86
31328.11
31337.13
31346.41
31356.73
31366.01
31374.52
31383.54
31392.30
31401.33
31410.61
31420.15
31428.66
31437.94
31446.45
31454.95
31463.46
31471.71
31481.51
31490.27
31498.27
31506.77
31515.28
31525.59
31534.88
31543.38
31551.89
31559.62
31575.35
31579.73
31607.58
31636.45
31654.50
31673.84
31679.25
31679.77
31687.50
31701.68
31721.79
31735.97
31749.89
31762.27
31776.45
31790.37
31803.00
31815.12
31827.75
31843.22
31854.56
31868.23
31881.12
31889.11
31897.88
31905.87
31914.12
31925.72
31934.48
31954.85
31962.07
31969.55
32002.03
32041.22
32078.86
32120.88
32166.77
32205.45
32243.86
32282.27
32329.20
32376.89
32412.47
32460.94
32522.81
32567.16
32610.21
32640.63
32672.86
32713.59
32722.62
32737.57
32749.17
32764.64
32783.72
32795.06
32801.25
32808.21
32813.88
32820.07
32826.77
32832.96
32839.92
32845.85
32852.55
32859.52
32864.41
32871.38
32878.85
32888.13
32899.48
32939.70
32980.43
33015.49
33017.30
33020.13
33022.20
33023.74
33025.80
33028.38
33031.22
33033.28
33035.60
33037.41
33039.98
33043.08
33044.88
33047.72
33049.78
33051.59
33053.91
33055.97
33058.29
33060.09
33062.67
33066.02
33067.83
33070.15
33072.21
33074.79
33077.11
33078.91
33081.23
33082.78
33084.59
33086.13
33088.20
33091.29
33093.35
33097.99
33099.80
33102.63
33106.24
33109.08
33110.62
33112.69
33116.30
33119.91
33151.10
33192.35
33236.70
33289.03
33340.34
33393.96
33446.30
33499.66
33551.74
33604.34
33656.67
33708.23
33761.60
33765.21
34446.87
35206.38
35618.37
36048.91
36481.52
36919.80
37348.29
37351.64
