11.14
11.08
10.09
9.09
9.98
68.16
119.07
171.66
222.89
274.96
324.72
377.83
427.59
480.18
528.65
580.47
629.17
942.78
1371.14
1805.45
2218.04
2691.00
3072.74
3501.09
3915.70
4339.97
4786.55
5212.36
5641.61
6045.71
6749.28
6895.79
7289.21
7697.53
8106.34
8520.24
8934.55
9797.70
9828.19
10241.46
10701.55
11042.75
11103.80
11115.20
11115.46
11115.71
11115.97
11121.64
11121.90
11129.12
11129.38
11129.64
11130.15
11137.11
11137.37
11144.59
11144.85
11145.11
11157.48
11157.74
11158.00
11160.06
11160.32
11160.57
11160.83
11161.09
11168.05
11168.31
11168.57
11175.79
11176.04
11176.30
11183.52
11183.78
11184.04
11184.29
11191.25
11191.51
11191.77
11198.99
11199.25
11199.50
11206.72
11206.98
11225.03
11225.29
11225.54
11225.80
11226.06
11226.32
11226.57
11226.83
11227.09
11227.35
11227.61
11228.38
11229.15
11229.67
11232.50
11324.54
11335.63
11391.32
11411.43
11429.73
11450.36
11505.45
11578.66
11681.50
11772.76
11856.29
11951.97
12029.57
12079.78
12126.19
12168.98
12226.73
12288.43
12363.20
12425.09
12516.36
12595.51
12670.04
12732.18
12812.10
12891.50
12966.07
13020.98
13058.62
13101.93
13148.08
13189.07
13230.98
13273.52
13315.28
13362.46
13400.10
13411.45
13422.79
13434.65
13446.77
13462.49
13476.93
13490.85
13503.74
13517.41
13526.95
13536.48
13545.25
13554.27
13563.30
13571.80
13581.60
13591.66
13601.97
13613.05
13624.40
13634.97
13647.09
13658.10
13667.90
13678.73
13688.78
13698.58
13711.73
13723.07
13733.38
13742.41
13751.43
13759.42
13767.93
13777.21
13786.75
13795.77
13804.02
13813.30
13821.55
13830.58
13839.60
13847.34
13855.59
13863.84
13872.34
13881.27
13889.52
13897.52
13905.51
13914.27
13940.57
13957.59
13958.36
13958.62
13962.48
13980.53
13996.26
14009.92
14022.81
14032.09
14042.92
14057.88
14083.66
14129.80
14172.86
14229.06
14258.97
14288.10
14321.88
14338.89
14354.36
14361.58
14368.80
14375.76
14384.01
14392.77
14410.05
14451.30
14457.23
14460.06
14462.38
14465.48
14469.09
14472.18
14475.02
14477.85
14480.43
14482.49
14486.10
14488.16
14489.97
14492.55
14495.38
14499.25
14501.31
14512.91
14554.68
14603.41
14653.94
14708.34
14737.98
15033.95
15611.97
16054.63
16287.95
9.43
67.53
115.32
166.63
218.68
267.15
317.68
367.18
416.43
467.73
515.94
564.15
612.36
660.83
729.93
762.59
809.52
860.05
908.00
956.21
1006.23
1074.86
1388.88
1822.98
2249.47
2658.80
3122.06
3506.00
3934.45
4350.24
4773.23
5213.85
5637.62
6067.91
6467.41
6914.77
7337.84
7784.46
8141.79
8563.72
8984.96
9401.32
9895.98
10316.22
10722.53
11212.32
11556.50
11958.17
12359.95
12776.56
13173.38
13574.54
13927.22
14440.31
14847.65
15241.85
15646.87
16054.47
16477.36
16883.16
17290.76
17709.45
17863.64
17915.55
17931.02
17931.27
17931.53
17933.08
17933.34
17940.55
17940.81
17941.07
17941.33
17948.29
17948.55
17948.80
17956.02
17956.28
17956.54
17963.76
17964.02
17964.27
17964.53
17971.49
17971.75
17972.01
17990.05
17990.31
17990.57
17990.83
17991.09
17991.34
17991.60
17991.86
17995.21
17995.47
17995.73
18002.95
18003.20
18003.46
18010.68
18010.94
18011.20
18011.45
18018.41
18018.67
18018.93
18026.15
18026.41
18026.66
18033.88
18034.14
18034.40
18034.91
18041.88
18042.13
18049.35
18049.61
18049.87
18057.34
18057.60
18064.82
18091.89
18092.15
18092.41
18092.66
18092.92
18093.18
18093.44
18093.70
18093.95
18094.21
18094.47
18094.73
18096.53
18096.79
18097.30
18104.27
18104.52
18104.78
18112.00
18112.26
18112.52
18113.03
18113.29
18113.80
18114.32
18114.84
18115.35
18142.94
18205.57
18214.85
18278.01
18300.28
18320.13
18339.21
18359.58
18379.95
18413.98
18512.46
18585.68
18652.71
18699.50
18765.25
18843.62
18940.04
19017.39
19098.08
19202.22
19275.44
19364.90
19446.63
19530.79
19589.57
19673.36
19746.54
19833.25
19915.49
20000.05
20076.62
20160.15
20254.51
20334.43
20434.21
20516.71
20601.53
20653.61
20693.82
20739.20
20784.06
20825.05
20875.07
20921.21
20963.75
21012.48
21059.71
21108.96
21154.59
21199.71
21253.07
21319.59
21382.75
21438.44
21467.71
21496.07
21525.46
21558.21
21581.93
21593.53
21604.87
21619.82
21632.97
21642.25
21651.28
21661.07
21670.61
21681.44
21695.62
21705.42
21715.73
21725.79
21736.10
21749.50
21759.30
21768.32
21779.15
21789.98
21800.55
21812.15
21827.62
21838.45
21849.02
21858.82
21869.13
21879.18
21892.33
21902.39
21912.18
21924.04
21935.39
21946.99
21965.81
21979.47
21997.00
22007.32
22018.66
22029.49
22039.54
22049.86
22060.68
22071.51
22086.72
22098.31
22107.07
22115.07
22123.83
22132.60
22141.62
22150.13
22158.12
22166.63
22174.62
22182.87
22190.61
22198.86
22207.11
22215.61
22225.41
22234.43
22242.94
22251.71
22260.21
22268.46
22278.26
22287.80
22296.82
22305.33
22313.84
22322.86
22333.18
22341.17
22350.45
22359.21
22368.50
22377.78
22385.77
22394.28
22400.98
22408.20
22416.19
22428.05
22440.68
22463.89
22496.11
22510.29
22511.07
22521.12
22537.88
22557.99
22575.26
22587.12
22602.07
22613.68
22625.02
22641.00
22654.15
22666.53
22679.68
22694.11
22705.71
22730.72
22732.27
22748.25
22792.08
22837.97
22896.24
22944.19
22994.21
23033.91
23078.00
23111.77
23145.80
23178.29
23209.22
23224.18
23238.61
23252.79
23266.20
23272.90
23279.86
23285.79
23292.24
23297.91
23304.36
23310.80
23318.02
23325.50
23333.49
23357.72
23398.97
23427.59
23430.43
23433.26
23435.84
23438.42
23441.51
23443.57
23445.89
23448.73
23450.79
23454.14
23455.95
23458.79
23461.36
23463.68
23465.49
23468.07
23470.90
23472.71
23476.06
23477.86
23481.21
23486.11
23488.69
23491.27
23493.59
23495.14
23496.94
23501.84
23524.01
23566.20
23613.63
23667.77
23719.59
23770.12
23820.14
23873.72
23927.09
23935.34
24226.15
24993.92
25414.93
25849.86
26298.96
26478.14
7.86
64.53
114.87
162.31
214.02
264.29
310.18
359.94
411.32
458.50
506.96
555.95
603.64
650.31
699.55
751.29
800.54
846.17
895.67
945.43
989.77
1038.75
1086.96
1134.92
1180.81
1229.02
1277.75
1321.06
1378.04
1417.74
1451.75
1563.49
1824.80
2237.05
2656.99
3069.32
3549.94
3920.66
4357.31
4788.59
5198.16
5639.66
6079.05
6481.50
6896.14
7373.56
7786.57
8178.45
8610.13
9021.38
9438.00
9863.14
10358.44
10771.97
11197.62
11703.40
12047.32
12462.91
12885.78
13297.36
13689.49
14114.37
15154.38
15398.43
15803.20
16221.11
16662.14
17044.73
17458.00
17873.08
18280.94
18690.82
19109.74
19515.02
19921.85
20341.31
20742.59
21332.18
21736.43
22142.75
22560.92
22969.04
23375.86
23788.88
24196.35
24603.43
25006.91
25146.64
25439.08
25443.91
25444.17
25451.64
25451.90
25459.38
25459.64
25460.15
25467.37
25467.63
25467.89
25475.11
25475.36
25475.49
25482.71
25482.96
25483.22
25490.44
25490.70
25490.96
25498.18
25498.43
25498.69
25505.91
25506.17
25513.39
25513.64
25513.90
25514.16
25514.42
25514.93
25515.19
25515.71
25516.22
25548.71
25638.17
25655.41
25677.38
25699.81
25724.30
25746.47
25767.57
25788.97
25809.85
25856.77
25878.69
25919.16
26019.62
26097.48
26192.01
26281.73
26368.35
26457.50
26550.83
26632.56
26726.39
26823.33
26912.54
26997.87
27102.80
27186.85
27281.46
27383.82
27468.38
27554.18
27650.35
27745.22
27841.39
27903.11
27955.71
28008.53
28060.35
28108.05
28157.55
28209.62
28258.87
28309.91
28360.19
28411.75
28463.05
28515.65
28591.19
28655.90
28719.32
28808.16
28869.78
28949.70
29020.09
29090.98
29156.47
29217.31
29302.39
29369.68
29443.45
29526.46
29595.56
29660.01
29731.43
29767.52
29803.10
29840.22
29880.70
29918.60
29947.47
29987.95
30033.07
30077.67
30123.82
30169.19
30214.57
30260.35
30304.18
30346.20
30382.81
30404.72
30418.39
30431.54
30443.91
30456.29
30466.60
30478.46
30489.03
30499.86
30510.94
30526.67
30538.01
30549.10
30559.93
30571.53
30583.13
30594.47
30605.54
30616.88
30627.45
30638.28
30648.85
30664.32
30676.69
30694.48
30706.34
30718.20
30732.38
30743.72
30754.55
30766.93
30778.79
30792.96
30803.02
30813.33
30824.42
30833.96
30844.01
30855.10
30865.15
30875.46
30889.39
30899.44
30907.69
30915.43
30923.93
30932.96
30941.46
30949.71
30958.22
30966.47
30976.01
30984.52
30993.29
31001.54
31009.79
31019.84
31028.35
31036.86
31044.85
31052.63
31062.17
31070.94
31079.96
31088.21
31096.98
31106.00
31114.51
31123.27
31131.52
31140.03
31149.31
31159.37
31171.23
31181.02
31190.82
31200.62
31210.67
31220.73
31232.59
31242.38
31252.70
31261.72
31271.77
31281.05
31290.34
31300.13
31308.64
31318.18
31327.46
31336.23
31346.54
31356.59
31365.10
31374.12
31383.66
31393.98
31404.55
31413.57
31421.30
31430.59
31439.35
31447.09
31455.34
31463.59
31472.35
31482.41
31491.17
31499.16
31507.16
31516.95
31525.20
31533.71
31541.96
31549.95
31559.23
31573.41
31586.82
31623.43
31644.57
31665.97
31675.77
31677.05
31680.41
31696.91
31715.73
31731.97
31746.92
31759.30
31773.48
31787.14
31798.48
31810.60
31823.75
31838.96
31851.08
31865.00
31878.41
31885.88
31895.42
31902.12
31912.44
31921.72
31929.45
31950.08
31957.81
31959.62
31971.73
32002.67
32045.21
32086.72
32130.80
32175.66
32215.37
32253.01
32301.99
32348.14
32389.91
32429.35
32490.45
32546.91
32590.74
32624.26
32654.16
32687.68
32711.66
32728.16
32740.27
32756.77
32773.27
32786.94
32792.87
32800.34
32806.53
32812.72
32819.94
32826.64
32834.38
32840.05
32848.04
32853.20
32859.12
32864.80
32871.50
32879.75
32892.90
32934.15
32975.66
33008.66
33011.75
33013.55
33015.62
33018.45
33022.32
33025.16
33027.48
33030.05
33031.86
33033.92
33035.98
33039.34
33042.43
33045.52
33047.33
33049.91
33052.23
33054.03
33055.84
33058.67
33060.99
33063.31
33065.12
33067.18
33070.02
33072.59
33074.40
33076.72
33078.78
33081.36
33083.16
33084.97
33087.55
33090.12
33092.19
33096.31
33099.41
33101.21
33105.34
33106.62
33108.43
33112.55
33117.45
33159.48
33203.05
33245.33
33297.15
33348.97
33402.34
33456.22
33509.07
33563.21
33616.32
33670.20
33722.54
33755.54
34153.34
34998.71
35480.30
35912.14
36356.09
36803.40
37251.48
37341.45
9.39
63.49
114.09
160.50
208.51
258.01
306.73
354.69
402.04
449.73
498.20
546.93
592.30
637.42
685.38
734.53
783.77
832.24
877.88
923.25
971.46
1018.90
1066.34
1110.16
1157.09
1204.52
1251.19
1298.37
1342.20
1387.57
1472.39
1485.87
1532.54
1580.75
1628.18
1675.11
1718.93
1766.89
1814.84
1862.02
1900.18
1960.24
2096.66
2315.98
2719.62
3131.64
3572.89
3970.21
4380.52
4827.38
5238.65
5642.04
6097.71
6536.34
6917.20
7341.41
7795.69
8204.58
8607.02
9017.03
9433.82
9861.95
10275.23
10762.79
11182.76
11589.33
12000.03
12431.96
12827.70
13230.66
13645.40
14047.07
14458.28
15222.95
15351.04
15752.45
16164.69
16581.57
17006.71
17424.04
17837.05
18265.28
18673.91
19075.82
19491.67
19896.95
20295.53
20711.64
21107.83
21692.62
22093.00
22490.80
22913.62
23314.00
23714.12
24133.84
24532.16
24921.14
25340.09
25736.09
26132.09
26548.97
26902.17
27301.16
27718.05
28018.81
28432.86
28837.88
29237.75
29620.60
30023.56
30432.45
30857.58
31521.10
31933.34
32337.59
32738.75
32902.72
32987.54
33247.30
33247.67
33247.86
33248.12
33255.34
33255.59
33255.85
33263.07
33263.33
33263.59
33270.80
33271.06
33271.32
33278.54
33278.80
33279.05
33286.79
33287.05
33287.30
33294.27
33294.52
33294.78
33302.00
33302.26
33302.52
33309.73
33309.99
33310.25
33317.47
33317.73
33324.95
33325.20
33325.46
33332.68
33332.94
33333.20
33340.41
33340.67
33340.93
33348.15
33348.41
33355.88
33356.14
33363.62
33363.88
33371.09
33371.35
33371.61
33378.83
33379.09
33379.34
33386.56
33386.82
33387.08
33394.30
33394.55
33401.77
33402.03
33402.29
33409.51
33409.77
33410.02
33410.28
33410.54
33410.80
33411.31
33411.57
33412.09
33412.60
33445.09
33539.93
33564.73
33577.18
33600.12
33621.78
33648.16
33671.37
33691.99
33712.46
33762.22
33784.91
33808.04
33833.30
33857.92
33926.42
34009.18
34093.48
34174.43
34256.08
34352.76
34431.65
34517.52
34604.15
34683.30
34754.71
34827.41
34920.48
35009.95
35091.67
35184.74
35259.25
35328.91
35417.86
35498.30
35589.82
35678.25
35758.69
35837.13
35930.72
36019.41
36112.22
36199.62
36279.80
36366.68
36462.84
36541.22
36629.91
36724.27
36812.18
36890.81
36985.69
37072.31
37165.12
37259.48
37348.94
37436.85
37537.36
37604.65
37652.34
37700.30
37745.67
37796.46
37843.90
37892.62
37940.84
37985.70
38035.20
38081.86
38131.36
38182.15
38231.91
38285.79
38333.48
38389.17
38442.80
38491.01
38541.54
38593.62
38643.12
38691.59
38736.70
38792.91
38860.71
38926.71
38996.32
39065.93
39134.51
39201.80
39264.19
39297.96
39328.12
39361.38
39392.58
39426.09
39457.29
39486.68
39510.91
39542.62
39580.78
39598.57
39609.40
39619.45
39630.28
39643.43
39654.77
39665.34
39676.95
39687.52
39697.83
39707.88
39721.55
39732.38
39743.20
39753.26
39763.57
39774.14
39784.71
39796.05
39807.14
39819.52
39830.09
39840.14
39849.94
39862.83
39871.85
39882.16
39892.48
39902.02
39911.30
39921.87
39940.17
39952.80
39966.47
39982.20
39994.05
40006.69
40018.03
40029.38
40041.23
40052.58
40072.69
40088.16
40101.30
40112.65
40123.22
40134.82
40145.39
40157.25
40169.11
40180.97
40193.09
40210.88
40222.99
40235.88
40251.87
40265.27
40277.39
40289.51
40300.34
40311.68
40322.51
40337.98
40350.09
40361.70
40371.49
40381.55
40391.86
40402.69
40413.00
40423.57
40433.62
40444.97
40461.73
40474.10
40485.45
40500.66
40510.71
40522.57
40531.85
40540.62
40551.45
40559.70
40567.43
40575.94
40584.19
40594.24
40603.52
40612.29
40620.80
40628.79
40638.33
40647.35
40655.34
40664.37
40672.36
40681.12
40690.66
40699.95
40708.45
40716.96
40725.73
40733.98
40743.26
40752.02
40760.79
40769.81
40778.06
40785.80
40795.59
40804.10
40813.12
40821.63
40829.88
40840.45
40848.45
40857.21
40865.20
40873.71
40881.96
40892.02
40900.52
40909.80
40918.57
40927.59
40936.36
40946.13
40954.90
40963.15
40971.91
40981.20
40990.73
40999.24
41008.78
41018.58
41027.34
41036.88
41046.16
41055.96
41064.47
41074.27
41084.58
41094.63
41105.72
41115.00
41124.54
41134.08
41142.84
41150.84
41160.38
41168.37
41177.65
41186.93
41204.98
41211.42
41220.45
41243.39
41272.78
41299.85
41327.95
41349.61
41358.12
41359.66
41360.18
41365.08
41386.22
41403.75
41421.54
41438.55
41461.50
41477.48
41492.18
41506.88
41518.99
41532.91
41545.80
41556.63
41568.75
41581.38
41592.21
41606.65
41617.22
41629.85
41646.87
41661.05
41673.42
41686.83
41699.46
41709.00
41719.83
41729.62
41760.30
41762.37
41768.55
41792.79
41818.83
41868.59
41920.66
41977.38
42031.01
42086.18
42138.77
42192.91
42248.09
42303.52
42347.60
42396.84
42446.60
42488.88
42539.16
42578.86
42618.82
42652.35
42684.57
42712.16
42749.29
42767.59
42782.54
42798.79
42813.22
42824.31
42835.39
42853.18
42864.79
42870.71
42877.42
42883.86
42889.79
42895.72
42901.39
42906.81
42912.22
42918.15
42923.82
42929.24
42935.43
42942.13
42948.57
42955.28
42962.24
42971.00
42979.00
42985.70
42991.63
43006.84
43047.32
43087.02
43125.69
43149.67
43152.50
43155.08
43157.92
43160.50
43162.82
43166.17
43168.23
43171.58
43174.42
43176.48
43178.80
43181.64
43183.70
43186.54
43188.86
43190.92
43192.72
43195.56
43198.91
43201.23
43203.55
43205.87
43208.96
43210.51
43212.57
43214.38
43216.70
43218.76
43220.82
43224.69
43227.01
43229.07
43231.39
43233.46
43236.81
43239.13
43241.45
43244.80
43247.89
43249.70
43253.31
43255.11
43257.43
43260.79
43263.11
43265.68
43269.04
43272.39
43274.19
43276.25
43278.83
43280.64
43285.02
43288.63
43307.96
43350.25
43393.56
43439.45
43492.30
43544.89
43597.49
43650.08
43703.45
43756.56
43809.41
43862.00
43914.86
43966.68
44018.75
44071.61
44123.68
44176.79
44184.01
44436.15
45227.64
46014.74
46423.63
46839.48
47279.82
47703.67
48158.96
48599.31
48864.86
9.17
61.44
109.89
159.14
206.84
251.70
297.08
344.77
392.89
441.10
488.02
534.43
578.77
622.34
669.01
715.67
763.62
811.31
859.01
904.90
951.82
995.91
1039.48
1085.11
1131.26
1177.41
1223.04
1269.45
1315.08
1358.65
1404.28
1478.53
1500.75
1546.12
1590.21
1633.78
1680.44
1726.85
1773.25
1817.60
1864.52
1908.61
1952.18
1996.00
2042.41
2088.30
2134.19
2179.05
2225.71
2269.29
2312.60
2355.65
2384.53
2461.39
2588.50
2715.68
2976.46
3371.53
3769.10
4192.28
4582.73
4980.22
5380.84
5764.29
6351.26
6574.03
6959.46
7378.18
7762.75
8212.98
8600.73
8963.73
9399.61
9753.46
10146.87
10547.51
11275.57
11415.84
11803.33
12195.72
12575.22
12975.32
13379.06
13765.52
14142.21
14545.95
14923.64
15931.27
16162.38
16556.57
16939.17
17342.90
17744.56
18119.68
18524.44
18912.19
19304.32
19701.22
20087.68
20487.55
20876.85
21262.28
21892.90
22225.41
22623.98
23005.80
23402.58
23795.23
24177.05
24569.70
24945.07
25316.46
25703.96
26035.50
26434.60
26809.46
27187.67
27579.03
27950.68
28321.41
28626.92
29016.99
29403.71
29747.38
30141.83
30517.98
30901.60
31290.38
31958.99
32336.94
32720.05
33108.57
33483.18
33875.31
34253.00
34638.18
35028.25
35405.43
35797.56
36178.86
36552.77
36955.21
37338.84
37719.62
38110.73
38485.59
38879.27
39259.80
39645.23
40039.94
40382.23
40452.09
40521.19
40770.84
40771.09
40771.35
40778.57
40778.83
40779.09
40779.60
40786.56
40786.82
40787.08
40794.30
40794.55
40794.81
40802.03
40802.29
40802.55
40806.93
40809.77
40810.02
40810.28
40810.54
40817.76
40818.02
40825.49
40825.75
40833.23
40833.48
40833.74
40834.00
40840.96
40841.22
40841.48
40848.70
40848.95
40849.21
40856.69
40856.95
40857.20
40864.42
40864.68
40864.94
40872.16
40872.41
40879.89
40880.15
40887.37
40887.62
40887.88
40895.10
40895.36
40895.62
40902.84
40903.09
40903.35
40910.57
40910.83
40911.09
40918.30
40918.56
40925.78
40926.04
40926.30
40933.52
40933.77
40934.03
40941.25
40941.51
40941.77
40948.98
40949.24
40949.50
40956.72
40956.98
40964.45
40964.71
40972.19
40972.45
40979.66
40979.92
40980.18
40987.40
40987.66
40987.89
40995.11
40995.37
40995.62
41002.84
41003.10
41003.36
41010.58
41010.84
41011.09
41018.31
41018.57
41018.83
41026.05
41026.30
41026.56
41033.78
41034.04
41041.52
41041.77
41049.25
41049.51
41056.98
41057.24
41057.50
41057.76
41058.02
41058.53
41058.79
41059.30
41059.82
41060.34
41115.51
41189.03
41215.29
41223.54
41244.45
41264.30
41286.47
41309.68
41332.36
41382.32
41406.81
41432.34
41457.09
41480.03
41502.98
41530.19
41563.19
41619.65
41702.18
41804.02
41888.32
41995.14
42080.59
42174.69
42267.25
42359.09
42452.68
42554.52
42639.59
42745.04
42833.37
42920.51
43024.15
43113.61
43209.52
43309.55
43372.88
43428.30
43478.32
43532.98
43592.27
43642.03
43693.08
43743.35
43795.43
43847.51
43897.78
43958.88
44036.08
44102.08
44179.42
44244.13
44316.58
44399.59
44478.74
44575.68
44656.63
44712.06
44797.23
44889.27
44979.25
45059.43
45128.78
45202.77
45281.92
45358.23
45427.32
45522.97
45606.50
45674.31
45742.11
45837.50
45916.10
46012.00
46101.46
46190.15
46270.59
46341.49
46420.89
46484.83
46574.55
46660.66
46740.58
46818.70
46921.31
47004.32
47071.61
47121.11
47169.32
47213.67
47262.14
47311.64
47361.65
47408.83
47458.59
47508.09
47558.88
47605.03
47656.07
47705.32
47753.79
47805.61
47854.59
47903.06
47953.33
48000.51
48051.82
48095.38
48147.97
48197.47
48242.33
48286.16
48336.43
48389.03
48439.56
48488.80
48539.85
48584.45
48622.61
48652.29
48663.64
48676.01
48688.39
48702.31
48719.84
48730.41
48742.01
48753.61
48765.47
48776.56
48787.90
48798.73
48810.07
48827.09
48837.66
48849.00
48863.18
48874.79
48886.64
48897.21
48908.82
48926.09
48941.30
48954.19
48965.79
48976.62
48988.74
48998.54
49007.56
49017.61
49026.89
49036.18
49045.20
49052.93
49063.50
49071.50
49080.26
49088.51
49097.54
49107.59
49117.64
49126.67
49134.92
49143.68
49152.45
49163.28
49172.56
49181.84
49190.86
49199.63
49209.17
49219.48
49230.05
49241.14
49252.22
49262.54
49274.14
49285.48
49295.28
49305.59
49315.13
49324.93
49335.24
49349.68
49361.79
49373.14
49382.93
49391.70
49401.88
49412.20
49426.63
49439.01
49451.38
49460.92
49471.49
49481.29
49492.38
49506.30
49518.16
49529.24
49539.55
49549.87
49559.66
49573.33
49582.61
49592.66
49602.46
49612.00
49621.80
49632.11
49642.42
49655.83
49667.17
49679.55
49690.63
49700.69
49709.97
49722.86
49734.72
49745.55
49755.60
49765.40
49775.20
49788.09
49802.78
49816.96
49827.02
49838.36
49848.67
49859.76
49870.33
49880.90
49891.98
49902.04
49919.31
49930.91
49943.29
49952.31
49961.08
49969.07
49978.61
49986.60
49994.85
50003.88
50011.87
50020.38
50028.62
50036.88
50045.38
50055.95
50065.57
50073.82
50083.36
50092.12
50101.40
50111.97
50121.25
50131.31
50140.85
50150.13
50158.89
50168.69
50177.20
50186.22
50194.47
50203.75
50212.52
50222.57
50232.11
50241.39
50250.68
50259.70
50268.98
50277.75
50287.80
50297.60
50306.62
50315.90
50325.44
50334.72
50343.75
50353.54
50362.57
50372.36
50381.64
50390.93
50399.95
50409.75
50418.77
50428.05
50436.82
50446.36
50455.64
50464.92
50473.68
50482.71
50492.50
50502.04
50511.07
50520.35
50529.11
50539.43
50548.45
50557.73
50567.01
50576.04
50584.29
50593.31
50602.33
50611.10
50620.12
50629.14
50639.71
50648.22
50658.02
50668.07
50690.76
50693.34
50700.04
50734.33
50751.86
50773.26
50794.92
50823.79
50841.58
50860.66
50861.69
50862.46
50863.75
50865.30
50881.03
50898.82
50913.51
50925.11
50938.52
50957.86
50973.84
50992.14
51009.42
51025.40
51042.16
51054.28
51068.46
51082.64
51096.82
51109.71
51121.82
51129.56
51152.25
51163.33
51174.68
51186.79
51196.07
51203.29
51214.12
51225.21
51239.90
51254.08
51267.49
51278.32
51286.57
51295.33
51320.60
51335.55
51339.16
51353.86
51381.44
51426.04
51477.09
51518.08
51567.58
51614.25
51663.75
51715.05
51769.19
51812.50
51865.61
51929.81
51988.07
52042.21
52100.22
52155.39
52206.96
52261.87
52317.56
52365.00
52408.31
52449.82
52491.58
52518.91
52544.18
52575.11
52602.18
52640.60
52657.61
52672.31
52684.94
52697.32
52712.01
52723.87
52735.21
52745.79
52767.70
52776.21
52782.39
52788.32
52793.48
52799.93
52806.11
52814.36
52820.04
52826.22
52831.12
52837.57
52843.75
52851.23
52858.96
52865.41
52870.82
52876.75
52883.71
52888.61
52895.32
52902.02
52909.75
52916.97
52924.96
52931.15
52938.11
52970.34
53011.33
53051.55
53089.71
53124.51
53127.09
53130.44
53133.28
53136.63
53139.46
53142.30
53145.65
53149.26
53151.84
53154.16
53157.00
53159.06
53161.89
53164.47
53166.28
53168.08
53170.14
53172.72
53174.53
53177.11
53179.68
53181.49
53183.55
53186.64
53189.48
53192.06
53194.64
53197.99
53200.05
53202.37
53203.92
53205.98
53208.04
53209.85
53211.39
53213.71
53216.29
53218.36
53220.68
53222.74
53225.06
53228.15
53230.73
53232.79
53235.89
53239.75
53241.56
53243.88
53245.94
53248.52
53251.87
53255.48
53258.32
53260.38
53263.73
53266.57
53268.63
53270.95
53273.27
53275.07
53277.91
53280.49
53282.29
53284.61
53286.93
53288.22
53291.32
53296.73
53302.14
53320.45
53360.41
53402.95
53445.23
53487.77
53538.82
53590.64
53643.23
53694.79
53747.13
53799.21
53850.77
53903.11
53955.70
54008.81
54061.40
54112.96
54165.88
54218.21
54271.32
54323.66
54376.51
54428.33
54456.43
54710.12
55483.30
56312.16
56886.57
57297.52
57725.23
58167.90
58591.23
59045.75
59488.67
59934.43
60285.05
7.22
58.84
107.61
155.04
203.38
251.59
297.74
343.12
390.97
435.83
480.43
526.06
572.47
618.36
664.25
710.40
757.93
804.60
852.04
896.64
943.30
989.45
1034.05
1078.14
1122.22
1166.31
1209.62
1255.00
1300.37
1345.23
1390.61
1435.98
1487.53
1531.87
1575.70
1620.82
1666.71
1712.60
1758.23
1804.38
1848.98
1893.84
1940.25
1984.85
2028.93
2072.76
2116.59
2160.42
2203.73
2247.56
2292.68
2337.28
2382.14
2427.00
2471.60
2516.97
2562.09
2605.14
2649.75
2693.57
2738.43
2784.07
2827.89
2872.50
2998.82
3119.65
3255.81
3396.06
3558.20
3977.66
4385.80
4847.01
5221.29
5660.01
6073.29
6486.94
6949.55
7359.00
7820.39
8215.25
8669.81
9094.17
9514.92
9894.68
10332.34
10744.68
11153.48
11659.72
12051.60
12471.32
12894.90
13304.31
13739.48
14160.49
14566.71
14991.84
15411.30
16484.57
16704.20
17135.52
17546.48
17953.05
18428.25
18800.53
19209.42
19642.03
20051.44
20462.51
20892.02
21298.59
21711.09
22135.86
22716.80
23138.58
23547.99
23971.83
24391.04
24797.35
25180.97
25591.15
25990.01
26425.45
26832.80
27241.43
27672.49
28079.06
28487.18
28909.71
29214.71
29634.17
30038.93
30410.96
30831.19
31233.89
31643.30
33566.58
33959.07
34351.74
34761.14
35171.84
35572.22
35989.62
36401.86
36800.44
37222.19
37622.57
38022.95
38446.54
38847.44
39248.34
39663.41
40062.25
40469.34
40884.41
41285.60
41701.00
42111.70
42507.70
42927.93
43332.18
43746.49
44162.86
44561.69
44968.26
45380.50
45779.34
46192.61
48829.26
49002.87
49257.33
49311.98
49410.21
49502.25
49512.89
49519.59
49526.30
49533.00
49539.45
49545.38
49545.63
49545.89
49546.15
49553.37
49553.62
49553.88
49561.10
49561.36
49561.62
49561.88
49568.84
49569.09
49569.35
49576.57
49576.83
49577.09
49584.30
49584.56
49584.82
49592.04
49592.30
49599.77
49600.03
49600.29
49607.51
49607.77
49608.28
49615.24
49615.50
49656.23
49656.49
49656.75
49657.01
49657.27
49657.52
49657.78
49658.04
49658.30
49658.55
49658.81
49659.07
49659.33
49659.84
49660.10
49660.62
49662.68
49662.94
49663.20
49670.41
49670.67
49678.15
49678.41
49678.66
49685.88
49686.14
49686.66
49693.62
49693.88
49694.13
49701.35
49701.61
49701.87
49709.09
49709.34
49709.60
49716.82
49717.08
49717.34
49717.85
49724.81
49725.07
49732.55
49732.80
49740.28
49740.54
49740.80
49748.02
49748.27
49748.53
49755.75
49756.01
49756.27
49763.74
49764.00
49764.26
49764.52
49771.48
49771.73
49771.99
49779.21
49779.47
49779.73
49786.95
49787.20
49794.42
49794.68
49794.94
49802.16
49802.41
49802.67
49809.89
49810.15
49817.37
49817.62
49817.88
49825.10
49825.36
49825.62
49832.84
49832.99
49833.25
49840.46
49840.72
49840.98
49848.20
49848.46
49848.71
49855.93
49856.19
49856.45
49863.67
49863.93
49871.14
49871.40
49871.66
49878.88
49879.14
49879.39
49886.61
49886.87
49887.13
49894.35
49894.61
49894.86
49902.08
49902.34
49909.82
49910.07
49910.33
49917.55
49917.81
49925.29
49925.54
49932.76
49933.02
49933.28
49940.50
49940.75
49941.01
49948.23
49948.49
49948.75
49955.96
49956.22
49956.48
49963.70
49963.96
49964.21
49971.43
49971.69
49971.95
49979.17
49979.43
49979.68
49986.90
49987.16
49987.42
49994.64
49994.89
50002.37
50002.63
50010.11
50010.36
50017.84
50018.10
50025.32
50025.57
50025.83
50033.05
50033.31
50033.57
50040.79
50041.04
50041.30
50041.56
50041.82
50042.07
50042.33
50042.85
50043.36
50043.62
50044.14
50084.36
50162.87
50187.45
50222.51
50226.89
50247.53
50268.93
50290.84
50310.43
50338.20
50365.53
50392.34
50418.12
50443.90
50472.78
50540.32
50565.59
50587.76
50610.45
50640.36
50700.68
50797.36
50881.38
50978.06
51069.84
51163.17
51263.26
51356.59
51451.98
51548.91
51637.60
51736.86
51832.51
51925.06
52027.67
52123.06
52214.93
52312.89
52410.09
52507.80
52606.29
52702.45
52794.75
52895.41
52995.70
53081.55
53185.96
53282.63
53374.67
53477.02
53574.73
53660.85
53760.62
53857.30
53956.30
54057.88
54142.70
54242.99
54316.21
54367.26
54415.98
54469.09
54527.62
54581.76
54638.73
54691.07
54744.18
54797.03
54852.72
54912.79
54967.70
55020.55
55074.95
55126.77
55179.62
55232.22
55282.23
55335.60
55387.42
55447.23
55498.80
55558.87
55625.38
55707.11
55787.29
55857.16
55938.11
56007.98
56085.32
56164.21
56227.38
56309.10
56369.95
56450.90
56530.84
56620.82
56695.84
56758.23
56839.45
56904.41
57000.84
57078.18
57158.62
57237.77
57306.86
57403.80
57469.02
57527.03
57599.22
57684.30
57766.28
57846.46
57918.13
57952.42
58003.73
58053.48
58096.02
58131.09
58161.77
58209.20
58254.84
58299.95
58341.20
58386.06
58435.82
58484.03
58534.30
58580.45
58631.50
58681.52
58729.47
58777.16
58824.34
58871.52
58922.83
58968.63
59018.64
59063.76
59103.98
59140.59
59164.57
59175.39
59185.96
59197.05
59208.91
59220.00
59230.57
59246.04
59258.15
59269.50
59280.32
59297.60
59308.17
59320.29
59330.34
59340.91
59353.54
59371.59
59384.48
59396.86
59408.20
59418.77
59429.34
59439.91
59450.74
59461.31
59471.88
59482.71
59496.89
59509.26
59520.61
59531.18
59543.04
59557.99
59568.82
59580.68
59591.50
59602.07
59618.32
59629.92
59641.26
59655.18
59670.14
59680.19
59691.28
59702.11
59713.45
59724.54
59735.62
59750.57
59762.69
59773.78
59784.86
59800.07
59811.68
59823.28
59834.36
59846.48
59857.82
59870.97
59882.57
59893.92
59904.49
59915.57
59926.40
59936.97
59947.54
59958.11
59968.94
59979.77
59990.60
60005.29
60016.12
60026.18
60037.00
60047.83
60061.24
60070.52
60080.06
60089.86
60099.14
60106.61
60114.61
60123.37
60132.65
60141.68
60150.96
60160.50
60169.78
60179.32
60188.34
60197.62
60207.93
60218.25
60227.27
60236.29
60245.06
60255.37
60264.39
60272.64
60282.70
60292.24
60301.52
60311.83
60321.11
60331.17
60340.45
60349.47
60359.53
60368.29
60377.57
60387.37
60396.39
60406.96
60415.21
60423.98
60432.49
60441.77
60450.79
60460.33
60468.84
60478.38
60487.66
60496.17
60505.96
60515.50
60525.04
60534.58
60543.61
60553.40
60563.46
60572.74
60582.02
60592.07
60600.84
60610.89
60621.46
60633.58
60644.41
60654.21
60664.26
60674.06
60683.34
60693.65
60706.03
60716.08
60726.14
60736.45
60747.28
60757.59
60768.16
60783.37
60794.20
60803.74
60813.02
60823.07
60833.13
60844.99
60855.82
60865.61
60875.41
60884.69
60893.71
60905.32
60914.34
60923.88
60934.19
60944.25
60954.82
60963.84
60974.93
60985.50
60996.07
61007.15
61017.72
61026.49
61035.00
61044.54
61053.30
61062.84
61073.41
61083.98
61094.29
61104.86
61114.40
61123.17
61131.93
61139.93
61148.43
61156.43
61165.19
61174.21
61182.46
61191.49
61201.80
61211.60
61220.36
61228.87
61237.38
61245.63
61254.14
61263.42
61271.41
61280.69
61289.20
61298.22
61306.99
61316.27
61324.52
61333.54
61342.57
61351.59
61360.36
61370.41
61379.43
61389.23
61398.25
61407.28
61417.07
61425.84
61434.86
61444.40
61453.43
61462.96
61472.25
61480.73
61490.52
61499.55
61508.83
61518.37
61527.65
61547.24
61564.26
61567.87
61572.77
61604.22
61641.86
61668.41
61685.95
61706.05
61727.71
61744.47
61749.11
61749.88
61750.66
61751.69
61752.46
61765.61
61785.20
61802.48
61820.52
61836.77
61852.49
61865.90
61877.76
61890.91
61903.28
61917.46
61936.28
61950.46
61964.38
61979.08
61992.23
62004.09
62013.11
62027.55
62041.47
62055.65
62063.38
62084.52
62097.16
62110.30
62121.39
62137.12
62145.62
62153.88
62162.64
62172.18
62179.66
62188.16
62194.61
62204.15
62214.46
62227.87
62237.15
62246.69
62255.71
62292.58
62297.48
62302.38
62312.95
62342.85
62383.84
62437.73
62483.88
62534.41
62574.37
62623.35
62667.95
62721.58
62762.57
62803.56
62843.78
62880.39
62921.64
62962.12
63011.07
63060.57
63112.39
63169.11
63225.57
63273.78
63324.31
63367.36
63408.10
63461.21
63522.05
63585.99
63615.89
63671.58
63714.38
63757.95
63791.98
63814.15
63834.52
63861.33
63890.72
63918.57
63961.60
63977.07
63988.16
64002.34
64014.97
64025.54
64037.66
64049.26
64063.18
64074.78
64085.35
64113.20
64116.55
64124.02
64131.24
64138.98
64145.42
64151.61
64158.31
64164.50
64170.69
64177.91
64184.35
64191.05
64195.70
64201.62
64206.78
64212.20
64218.38
64224.31
64229.98
64236.43
64243.65
64251.90
64257.83
64262.73
64269.95
64275.88
64283.61
64290.31
64301.91
64341.88
64382.61
64422.83
64462.27
64499.66
64515.90
64517.45
64520.80
64523.63
64526.73
64530.08
64532.66
64535.75
64539.10
64541.94
64545.55
64547.61
64550.70
64552.51
64554.57
64557.41
64559.47
64562.05
64564.11
64566.69
64568.75
64570.81
64573.65
64575.97
64578.03
64581.38
64583.70
64585.51
64587.05
64589.89
64591.44
64593.76
64595.82
64597.88
64600.20
64602.01
64604.33
64606.39
64608.71
64610.26
64612.58
64614.90
64617.22
64618.77
64620.31
64622.63
64624.18
64626.50
64629.34
64631.91
64634.49
64637.33
64640.68
64642.74
64644.80
64647.12
64649.96
64651.51
64653.83
64655.38
64657.18
64661.05
64664.40
64666.72
64669.30
64671.10
64672.91
64675.48
64676.77
64679.09
64682.19
64684.77
64687.60
64689.15
64691.21
64693.27
64695.34
64697.40
64698.69
64700.75
64703.84
64707.20
64711.32
64715.19
64750.51
64793.30
64836.10
64878.90
64929.17
64980.73
65033.07
65086.44
65139.55
65192.40
65244.48
65297.59
65350.70
65402.52
65454.59
65506.41
65559.78
65612.12
65664.71
65717.30
65769.90
65821.46
65872.77
65925.36
65978.47
66031.06
66084.69
66136.51
66178.79
66609.34
67403.14
68242.58
68938.67
69347.82
69787.91
70227.48
70668.08
71096.56
71560.88
72007.67
72467.35
72914.66
73211.66
8.32
58.70
106.30
151.21
197.79
243.94
289.31
334.43
380.57
426.20
471.57
516.18
560.78
605.38
649.98
693.81
738.99
784.11
828.71
873.82
918.43
963.03
1007.11
1051.46
1095.03
1139.11
1182.68
1226.25
1269.82
1313.39
1356.96
1400.79
1444.11
1498.28
1542.36
1586.71
1630.54
1674.62
1718.71
1762.54
1806.36
1850.19
1894.02
1937.59
1981.16
2024.73
2068.30
2111.87
2155.18
2198.75
2242.07
2285.38
2328.95
2372.00
2415.32
2457.86
2500.65
2543.96
2585.73
2629.04
2672.36
2714.12
2773.16
2799.71
2842.77
2885.57
3010.35
3025.47
3069.30
3112.61
3156.70
3200.27
3244.09
3287.41
3330.98
3374.03
3417.34
3460.66
3503.97
3527.17
3572.66
3707.63
3842.53
3983.81
4130.70
4263.54
4666.71
5073.79
5484.07
5899.09
6321.37
6724.14
7224.19
7597.76
8005.89
8431.07
8849.38
9309.82
9724.90
10132.50
10538.46
10946.32
11341.00
11765.62
12240.30
12671.88
13083.09
13489.66
13916.34
14330.16
14739.56
15157.54
15561.41
15982.42
16503.17
16887.82
17288.72
17679.31
18111.66
18522.87
18933.05
19365.15
19767.08
20180.09
20596.66
21000.38
21421.90
21829.76
22235.56
22977.04
23224.23
23645.23
24045.88
24438.78
24827.82
25232.33
25654.37
26058.62
26471.63
26884.87
27284.22
27707.04
28116.18
28516.57
28944.54
29346.83
29661.62
30071.54
30472.70
30861.99
31266.24
31683.12
32104.65
34031.28
34417.48
34830.36
35241.57
35635.51
36055.75
36451.23
36849.29
37266.43
37666.30
38068.97
38476.83
38871.54
39285.85
39683.14
40086.36
40502.72
40893.82
41304.26
41704.13
42093.24
42511.67
42907.67
43305.47
43720.81
44112.17
44523.89
44922.21
45322.86
45737.42
46125.17
46533.54
48256.50
48552.10
48946.29
49349.51
49755.05
50145.89
50562.78
50857.46
51280.53
51681.17
52075.11
52487.61
52878.19
53281.41
53687.98
54072.76
54489.12
54878.76
55281.72
55689.58
55913.11
56283.32
56683.19
57098.27
57271.78
57563.88
57632.20
57732.23
57768.58
58286.97
58287.18
58287.44
58294.91
58295.17
58302.65
58302.91
58310.12
58310.38
58310.64
58317.86
58318.12
58318.38
58318.63
58325.59
58325.85
58326.11
58333.33
58333.59
58333.84
58341.06
58341.32
58341.58
58348.80
58349.05
58349.31
58356.53
58356.79
58357.05
58364.27
58364.52
58364.78
58372.00
58372.26
58372.52
58379.73
58379.99
58380.25
58387.47
58387.73
58387.98
58395.20
58395.46
58402.94
58403.20
58410.41
58410.67
58410.93
58418.15
58418.41
58418.66
58425.88
58426.14
58426.40
58433.62
58433.88
58434.13
58441.35
58441.61
58441.87
58449.09
58449.34
58449.60
58456.82
58457.08
58457.34
58464.55
58464.81
58465.07
58472.29
58472.55
58472.80
58473.06
58473.32
58473.58
58474.09
58474.61
58474.87
58475.38
58476.16
58507.87
58589.08
58620.43
58644.41
58659.66
58669.20
58690.34
58712.25
58733.91
58754.80
58777.23
58803.29
58829.33
58856.14
58889.14
58957.72
58987.88
59017.02
59045.63
59072.70
59112.15
59141.28
59174.47
59235.06
59325.81
59418.11
59497.77
59583.79
59675.57
59755.49
59846.76
59939.05
60029.03
60117.46
60202.80
60299.22
60392.80
60480.98
60571.59
60653.83
60747.93
60840.75
60925.57
61018.38
61106.04
61190.49
61283.30
61383.34
61463.77
61559.16
61657.13
61737.57
61836.05
61937.38
62025.54
62132.27
62228.18
62319.19
62413.29
62512.80
62596.85
62695.34
62793.47
62882.41
62978.22
63072.32
63171.06
63277.28
63371.90
63460.59
63559.07
63652.14
63752.95
63852.46
63946.30
64049.17
64138.38
64237.89
64336.63
64417.84
64520.20
64599.60
64648.84
64700.15
64753.26
64809.98
64861.02
64920.58
64978.33
65033.50
65089.96
65141.27
65189.22
65242.59
65294.15
65350.87
65400.11
65455.54
65514.06
65572.33
65627.76
65681.38
65730.63
65786.32
65841.23
65901.30
65953.12
66008.04
66069.14
66124.57
66183.09
66238.78
66293.69
66347.83
66407.39
66465.65
66528.04
66581.93
66636.58
66715.99
66792.04
66875.57
66952.66
67018.92
67088.27
67164.32
67228.78
67314.11
67394.10
67465.00
67531.77
67606.80
67672.80
67744.47
67812.27
67876.73
67946.59
68012.08
68082.46
68129.12
68162.90
68194.09
68233.02
68261.64
68291.03
68329.19
68357.55
68393.12
68428.45
68461.19
68504.24
68551.94
68597.83
68631.09
68661.51
68697.86
68738.34
68780.62
68824.19
68863.89
68902.56
68935.05
68950.52
68961.86
68973.98
68985.32
68995.89
69006.46
69026.57
69037.66
69049.26
69060.60
69072.20
69085.61
69099.27
69110.62
69121.96
69132.79
69143.88
69155.48
69174.30
69187.70
69198.79
69209.88
69223.54
69237.72
69249.06
69261.44
69273.04
69287.48
69304.49
69317.38
69327.70
69338.52
69349.35
69362.24
69374.88
69386.73
69398.85
69410.45
69421.54
69439.07
69450.41
69462.27
69473.62
69484.70
69495.79
69509.45
69524.41
69535.23
69547.87
69559.47
69573.65
69589.12
69600.72
69611.80
69623.15
69637.33
69651.25
69662.59
69674.20
69684.77
69696.11
69713.64
69725.50
69735.81
69746.38
69761.08
69774.74
69784.80
69796.66
69806.71
69817.02
69833.52
69844.87
69855.44
69865.75
69876.32
69885.86
69896.43
69906.74
69917.05
69927.11
69938.45
69953.66
69964.23
69974.29
69985.38
69996.46
70008.84
70023.53
70034.36
70045.19
70056.27
70067.36
70080.77
70092.62
70102.90
70113.99
70124.04
70135.39
70148.79
70160.65
70171.74
70183.08
70193.65
70204.74
70223.82
70235.16
70245.99
70256.30
70269.71
70281.05
70292.14
70303.22
70317.40
70331.84
70342.67
70354.27
70365.10
70375.67
70386.75
70397.58
70406.61
70416.14
70425.94
70434.19
70443.99
70453.01
70462.81
70473.64
70482.92
70491.94
70502.25
70511.54
70520.30
70529.32
70538.35
70548.40
70557.43
70566.71
70575.73
70584.24
70592.75
70601.25
70610.02
70618.53
70627.55
70637.35
70646.37
70655.14
70664.16
70673.44
70682.72
70692.78
70701.80
70710.82
70719.85
70729.39
70738.15
70748.46
70759.04
70767.54
70776.31
70786.36
70795.39
70804.15
70814.46
70823.49
70832.77
70841.54
70850.82
70860.87
70870.41
70879.18
70888.97
70898.00
70908.05
70918.62
70927.64
70936.41
70945.43
70953.94
70963.74
70972.50
70981.01
70990.04
70998.80
71008.60
71018.91
71027.68
71036.96
71045.98
71055.52
71064.54
71074.86
71083.88
71092.64
71101.41
71109.92
71118.68
71129.00
71137.76
71146.79
71156.32
71164.83
71173.86
71183.91
71193.19
71202.47
71212.53
71222.58
71232.38
71241.92
71253.00
71262.54
71271.82
71281.11
71291.16
71302.25
71312.30
71323.13
71331.64
71339.89
71348.55
71358.09
71367.63
71377.17
71386.96
71396.25
71406.04
71415.07
71425.12
71434.92
71444.71
71453.22
71461.73
71471.27
71480.55
71489.32
71498.60
71508.39
71518.71
71528.76
71539.07
71549.13
71559.70
71569.24
71579.29
71589.09
71599.14
71607.91
71616.42
71623.89
71631.37
71639.88
71648.13
71657.15
71664.63
71672.36
71682.16
71691.18
71700.21
71709.49
71717.48
71725.99
71733.98
71742.23
71750.48
71758.73
71768.01
71776.26
71791.21
71815.45
71824.99
71828.08
71831.43
71850.25
71875.52
71912.64
71943.84
71979.16
72004.17
72024.54
72044.64
72062.69
72064.50
72065.79
72067.07
72067.33
72067.85
72068.36
72083.57
72108.52
72127.86
72152.35
72169.88
72185.61
72205.46
72220.41
72239.75
72258.05
72273.52
72286.93
72300.33
72312.71
72323.28
72337.46
72348.80
72359.89
72373.55
72385.93
72396.75
72408.87
72422.79
72434.14
72447.54
72455.79
72463.01
72485.44
72494.98
72506.07
72519.47
72540.61
72552.21
72564.85
72577.74
72591.14
72599.91
72609.96
72618.47
72628.53
72638.32
72647.09
72655.60
72665.91
72676.22
72685.25
72693.75
72704.58
72748.93
72753.57
72755.63
72784.25
72817.50
72864.17
72906.96
72956.72
73007.00
73054.18
73109.35
73153.95
73205.00
73261.20
73311.47
73359.68
73405.06
73458.43
73511.28
73563.10
73626.00
73686.59
73739.44
73785.07
73833.29
73883.30
73933.32
73987.46
74041.86
74085.94
74144.72
74160.96
74202.47
74250.17
74300.18
74344.27
74385.52
74424.45
74484.52
74539.69
74600.28
74658.54
74681.75
74709.07
74738.98
74766.05
74794.67
74834.37
74857.57
74866.60
74882.58
74898.05
74912.23
74925.12
74936.46
74946.52
74956.57
74966.89
74979.78
74992.67
75006.85
75029.54
75034.18
75039.59
75046.81
75053.25
75061.25
75068.46
75074.91
75081.36
75087.29
75092.44
75098.11
75104.56
75111.52
75118.22
75124.67
75130.34
75136.53
75143.49
75150.19
75158.18
75164.37
75169.01
75175.46
75181.39
75187.06
75192.47
75198.14
75204.33
75210.52
75216.96
75223.67
75231.92
75237.33
75243.26
75248.93
75283.48
75323.96
75362.37
75400.53
75438.43
75476.32
75499.27
75502.36
75504.94
75508.04
75510.10
75513.19
75516.03
75519.12
75522.47
75525.31
75527.89
75530.98
75533.56
75536.39
75538.97
75541.29
75543.61
75546.71
75549.03
75551.09
75553.67
75555.47
75558.05
75560.89
75562.43
75563.98
75567.07
75570.43
75572.75
75575.32
75577.39
75579.45
75581.51
75584.09
75585.89
75587.44
75588.99
75591.05
75592.86
75594.66
75596.72
75599.82
75601.11
75602.91
75604.97
75606.78
75608.58
75611.68
75613.74
75616.32
75618.38
75620.18
75622.50
75624.82
75627.40
75629.46
75632.82
75635.14
75637.20
75640.04
75641.84
75644.93
75646.74
75649.57
75652.67
75655.50
75658.08
75659.89
75662.46
75665.30
75667.62
75670.71
75672.52
75674.84
75676.90
75678.96
75683.09
75685.41
75687.47
75690.57
75693.40
75695.98
75698.30
75700.62
75702.68
75705.26
75707.32
75708.61
75711.71
75713.25
75715.06
75717.64
75719.18
75720.99
75724.60
75728.72
75734.39
75741.61
75752.70
75790.08
75831.85
75874.39
75890.37
