8.34
9.68
9.24
9.61
9.17
67.38
118.02
170.61
220.97
273.31
321.78
373.63
423.39
474.70
523.94
574.47
617.82
894.53
1320.41
1739.70
2162.55
2581.09
3001.01
3429.82
3841.12
4260.23
4698.83
5145.64
5545.35
5950.04
6348.61
6802.33
7189.56
7585.87
7994.61
8408.55
8814.09
9220.91
9708.12
10112.89
10517.39
10946.05
11144.69
11156.99
11157.25
11157.50
11159.82
11160.08
11160.34
11167.82
11168.07
11168.33
11175.55
11175.81
11183.29
11183.54
11191.02
11191.28
11191.79
11198.75
11199.01
11199.27
11206.49
11206.75
11224.79
11225.31
11225.57
11226.08
11226.34
11226.60
11226.86
11227.11
11227.37
11228.40
11228.92
11229.43
11258.82
11326.89
11337.97
11394.95
11414.29
11432.85
11461.90
11512.69
11589.77
11695.33
11781.95
11862.39
11956.78
12031.80
12081.39
12126.25
12169.30
12226.80
12287.15
12360.88
12421.58
12511.30
12589.16
12660.55
12724.23
12802.61
12879.43
12953.17
13011.65
13046.71
13089.51
13136.43
13177.17
13217.39
13260.81
13302.84
13347.70
13388.43
13408.54
13420.14
13431.74
13442.83
13456.49
13468.09
13485.88
13498.77
13510.63
13522.75
13530.74
13540.80
13549.82
13558.84
13567.35
13576.63
13585.91
13597.00
13607.83
13618.66
13629.23
13640.83
13651.91
13662.83
13673.40
13683.97
13694.03
13707.69
13719.04
13729.86
13740.18
13749.20
13756.93
13764.67
13773.18
13783.23
13792.25
13800.76
13809.53
13818.04
13827.06
13836.08
13844.33
13852.84
13860.57
13868.57
13877.07
13885.82
13894.07
13902.32
13910.57
13927.84
13947.43
13960.07
13968.32
13984.56
14000.03
14015.24
14028.90
14039.73
14048.75
14059.32
14076.08
14076.86
14102.89
14147.24
14187.71
14242.63
14287.23
14318.94
14349.36
14366.12
14382.36
14388.55
14396.29
14402.73
14409.18
14416.65
14423.36
14463.57
14482.14
14485.49
14488.07
14490.39
14492.96
14496.57
14499.41
14501.73
14504.57
14506.89
14509.21
14511.27
14513.85
14515.91
14517.71
14521.32
14523.13
14525.71
14529.06
14533.44
14568.50
14615.94
14668.79
14718.04
14769.86
14771.40
15400.98
15811.16
16248.67
16324.46
8.89
67.32
115.37
167.45
218.93
267.91
319.22
367.86
418.39
469.18
516.87
566.63
613.81
663.57
729.57
765.31
813.78
864.05
911.23
961.51
1006.11
1088.70
1451.20
1874.20
2309.50
2720.16
3150.67
3570.17
4038.21
4408.14
4836.54
5275.87
5700.64
6118.48
6528.83
6977.22
7395.39
7832.99
8206.56
8624.07
9054.02
9466.77
9956.89
10382.54
10789.11
11243.15
11620.33
12022.77
12424.97
12830.87
13238.98
13640.66
14170.98
14506.68
14895.20
15310.02
15715.05
16155.05
16543.32
16952.47
17360.59
17758.91
17872.43
17914.26
17929.73
17929.98
17930.24
17931.79
17932.05
17939.27
17939.52
17939.78
17940.30
17947.26
17947.52
17954.73
17954.99
17955.25
17962.73
17962.98
17963.24
17970.20
17970.46
17970.72
17988.77
17989.02
17989.28
17989.54
17989.80
17990.05
17990.31
17990.57
17993.92
17994.18
17994.44
18001.66
18001.91
18002.17
18009.39
18009.65
18009.91
18010.16
18017.12
18017.38
18017.64
18024.86
18025.12
18025.38
18032.59
18032.85
18033.11
18040.33
18040.59
18040.84
18041.10
18048.06
18048.32
18048.58
18056.05
18056.31
18063.53
18090.60
18090.86
18091.12
18091.38
18091.63
18091.89
18092.15
18092.41
18092.66
18092.92
18093.18
18093.44
18095.24
18095.50
18096.02
18102.98
18103.23
18103.49
18110.71
18110.97
18111.48
18111.74
18112.00
18112.52
18113.03
18113.55
18113.80
18147.58
18204.75
18254.25
18277.45
18299.21
18319.58
18338.40
18358.77
18378.88
18413.68
18512.68
18587.71
18653.60
18701.46
18767.46
18847.64
18943.29
19019.86
19099.88
19207.13
19278.29
19366.97
19448.18
19532.84
19591.62
19674.90
19747.44
19835.81
19917.02
20003.91
20079.45
20166.84
20258.11
20339.84
20440.90
20521.59
20606.93
20656.95
20697.42
20744.34
20787.40
20830.45
20879.44
20925.84
20969.16
21017.11
21064.57
21114.84
21161.25
21205.59
21261.28
21327.79
21391.21
21445.10
21473.96
21502.57
21531.45
21565.22
21586.88
21597.96
21609.31
21624.78
21636.38
21645.66
21654.94
21664.74
21675.05
21685.88
21699.29
21709.60
21719.14
21729.19
21740.02
21753.94
21762.96
21771.99
21783.07
21793.90
21804.47
21819.43
21832.32
21842.63
21853.20
21863.25
21873.82
21883.11
21896.51
21905.79
21916.11
21927.96
21938.54
21950.91
21969.99
21984.43
22000.93
22011.24
22022.58
22033.15
22043.21
22054.04
22064.86
22077.24
22091.16
22102.29
22110.54
22118.27
22126.26
22135.03
22143.28
22152.30
22160.81
22169.32
22177.31
22185.82
22193.04
22201.03
22210.05
22218.56
22227.58
22237.38
22246.66
22254.91
22263.68
22271.93
22281.46
22290.75
22300.29
22309.05
22317.56
22326.84
22336.12
22344.37
22353.65
22362.93
22371.96
22380.98
22389.49
22397.74
22404.70
22411.66
22419.14
22431.00
22446.72
22470.70
22499.06
22511.43
22512.46
22512.72
22512.98
22520.20
22537.99
22558.36
22572.54
22584.65
22598.32
22609.14
22623.32
22636.47
22650.14
22665.09
22676.69
22698.86
22704.79
22737.54
22781.88
22836.54
22886.81
22937.86
22981.17
23018.29
23043.30
23075.79
23100.28
23133.28
23167.31
23181.23
23198.50
23212.94
23226.61
23233.82
23241.82
23249.04
23256.77
23263.99
23269.66
23276.62
23285.13
23292.09
23301.37
23331.79
23372.53
23394.96
23398.57
23402.18
23404.24
23407.59
23409.91
23412.49
23415.07
23417.64
23419.96
23423.06
23425.64
23427.70
23430.28
23432.34
23434.92
23436.98
23440.33
23443.43
23446.00
23449.36
23453.22
23455.03
23459.15
23461.21
23463.54
23465.86
23474.62
23503.24
23545.30
23588.61
23641.72
23694.31
23746.13
23798.47
23851.19
23892.96
24494.95
25102.87
25538.83
25980.46
26420.04
26432.67
