10.07
11.00
9.48
9.52
9.68
68.07
118.75
171.34
222.52
274.60
323.84
376.89
426.39
478.98
527.45
579.01
625.50
934.68
1361.44
1808.09
2224.18
2691.46
3057.11
3498.98
3917.46
4332.15
4778.04
5220.07
5644.65
6048.03
6454.09
6890.13
7316.98
7715.30
8126.03
8544.46
8970.11
9455.57
9873.99
10289.07
10417.71
10422.60
10429.56
10429.82
10430.08
10437.30
10437.55
10437.81
10445.03
10445.29
10457.66
10457.92
10458.18
10460.76
10461.02
10468.49
10468.75
10469.01
10476.23
10476.48
10483.96
10484.22
10484.48
10491.70
10491.95
10492.47
10499.43
10499.69
10499.95
10507.16
10525.21
10525.47
10525.98
10526.24
10526.76
10527.02
10527.27
10527.53
10527.79
10528.05
10529.08
10529.59
10530.11
10591.21
10630.14
10643.03
10701.81
10720.12
10740.74
10779.48
10844.70
10947.74
11048.54
11122.28
11181.06
11221.52
11275.15
11364.35
11429.52
11492.61
11571.50
11651.98
11729.07
11826.26
11895.87
11959.55
12041.02
12113.32
12192.72
12236.04
12273.68
12319.57
12360.56
12402.32
12450.02
12493.05
12556.70
12615.48
12642.29
12668.85
12696.95
12710.61
12724.54
12736.39
12748.25
12764.24
12775.84
12784.86
12792.86
12801.88
12811.42
12821.99
12832.04
12841.84
12851.12
12861.69
12875.10
12887.47
12897.53
12908.61
12919.18
12929.75
12939.81
12952.70
12962.75
12973.07
12982.35
12991.37
12999.88
13008.39
13016.64
13025.66
13035.20
13043.45
13051.51
13060.28
13070.85
13079.10
13087.86
13096.11
13103.85
13111.84
13120.86
13130.40
13138.65
13145.36
13152.32
13162.11
13183.00
13206.46
13217.29
13234.30
13247.45
13259.57
13273.75
13285.09
13295.92
13309.07
13322.73
13332.79
13371.97
13423.02
13477.16
13522.79
13558.89
13593.69
13619.73
13639.07
13646.03
13653.76
13660.21
13667.17
13673.87
13687.02
13729.30
13740.64
13742.45
13745.80
13747.86
13750.70
13754.31
13757.66
13759.72
13763.07
13765.14
13767.46
13769.26
13772.87
13774.93
13777.25
13780.35
13782.15
13783.96
13795.04
13836.55
13890.18
13896.62
14552.24
14969.89
15339.34
9.20
67.38
115.67
168.27
219.26
268.50
320.07
368.37
419.16
469.69
517.38
567.40
614.58
664.34
729.56
766.13
814.60
864.88
911.80
962.07
1006.41
1096.14
1468.53
1905.39
2321.27
2743.01
3171.94
3586.29
4113.18
4449.64
4866.78
5309.00
5742.88
6159.45
6558.62
7001.69
7421.41
7852.31
8269.97
8687.67
9107.50
9538.82
10026.61
10440.14
10850.83
11276.99
11681.24
12085.75
12494.17
12885.07
13253.46
13653.85
14069.96
14593.90
15003.82
15417.10
15832.43
16248.93
16582.28
16801.60
16804.21
16804.46
16811.68
16811.94
16812.20
16819.68
16819.93
16820.19
16847.52
16847.78
16848.29
16848.55
16849.07
16849.32
16849.84
16851.13
16851.39
16851.64
16858.86
16859.12
16859.38
16866.86
16867.11
16874.59
16874.85
16875.36
16875.62
16875.88
16876.14
16876.65
16877.17
16877.68
16882.32
16976.99
16984.98
17044.79
17069.81
17088.63
17107.97
17128.85
17149.48
17168.86
17254.93
17310.88
17402.91
17482.79
17572.77
17657.20
17738.41
17809.82
17899.51
17991.81
18085.14
18173.07
18239.59
18307.84
18397.30
18476.19
18573.12
18672.90
18755.66
18851.82
18943.38
19039.02
19135.51
19211.57
19256.68
19301.03
19351.82
19395.39
19439.99
19481.12
19523.01
19569.93
19617.89
19666.36
19727.97
19799.39
19866.42
19934.66
20000.14
20066.40
20119.51
20148.90
20179.58
20210.78
20240.68
20268.53
20297.92
20324.99
20346.66
20372.96
20384.05
20395.13
20406.22
20419.88
20430.97
20442.05
20452.88
20463.71
20474.80
20485.37
20498.77
20511.15
20523.52
20534.35
20544.92
20554.72
20564.77
20576.89
20586.69
20595.97
20605.77
20617.11
20628.71
20640.05
20659.13
20672.28
20687.75
20700.64
20711.98
20721.52
20731.32
20741.38
20751.17
20760.71
20772.83
20783.40
20792.94
20802.73
20812.27
20820.78
20828.52
20837.80
20846.30
20855.07
20863.62
20872.91
20882.45
20891.21
20899.46
20908.48
20916.99
20926.27
20935.30
20944.06
20953.34
20962.37
20971.39
20981.19
20990.98
21000.52
21009.03
21018.57
21027.08
21036.36
21045.90
21055.70
21064.72
21073.23
21080.96
21088.18
21095.91
21103.91
21110.61
21117.05
21124.79
21132.27
21139.48
21147.73
21160.88
21179.70
21204.97
21224.82
21234.88
21248.02
21267.62
21280.25
21292.62
21306.03
21316.60
21326.40
21342.12
21353.47
21367.13
21376.41
21386.47
21395.75
21417.15
21421.02
21446.02
21504.80
21553.79
21597.62
21639.64
21686.05
21735.55
21777.83
21812.38
21832.74
21863.94
21899.26
21918.08
21941.80
21957.52
21965.26
21972.48
21979.70
21985.88
21993.36
22000.58
22007.02
22013.47
22020.69
22026.36
22054.20
22096.74
22120.72
22124.07
22126.13
22128.20
22131.29
22134.12
22137.99
22140.83
22143.15
22145.98
22148.56
22150.37
22153.72
22155.52
22157.84
22160.42
22163.52
22165.84
22167.90
22169.70
22172.02
22174.86
22176.92
22180.02
22182.59
22184.91
22187.23
22189.55
22194.71
22212.24
22254.52
22296.99
22347.27
22379.23
22466.63
23287.25
23727.08
24154.79
24594.62
24718.37
