7.29
22.74
25.35
38.13
50.84
63.45
76.02
88.91
101.03
112.97
125.61
137.98
150.61
162.99
175.11
187.48
198.01
210.64
223.27
235.91
248.28
260.66
273.03
285.41
297.78
310.16
322.27
333.36
345.73
358.11
370.48
385.70
391.57
404.20
416.57
425.86
437.97
450.61
462.98
473.81
484.09
494.15
506.49
551.27
595.42
636.15
677.32
716.01
763.66
797.44
836.96
878.70
924.75
963.68
998.57
1043.64
1082.31
1133.88
1156.82
1195.71
1198.55
1199.32
1205.51
1212.98
1223.81
1227.16
1228.45
1231.55
1234.64
1237.73
1238.51
1239.54
1242.12
1248.30
