7.74
7.33
9.50
9.57
8.43
67.58
117.82
170.67
220.65
273.25
321.46
372.73
422.49
473.79
522.78
573.05
615.67
881.17
1305.18
1731.71
2154.45
2573.55
2995.01
3412.18
3823.71
4237.48
4683.75
5141.82
5528.04
5934.61
6337.57
6766.72
7163.24
7579.21
7993.00
8405.31
8817.81
9232.63
9722.24
10131.90
10362.13
10407.70
10412.59
10419.81
10420.07
10420.58
10427.54
10427.80
10428.06
10435.28
10435.54
10447.91
10448.17
10448.43
10448.68
10451.00
10451.26
10458.74
10459.00
10466.21
10466.47
10466.73
10467.25
10474.21
10474.46
10481.68
10481.94
10482.20
10489.68
10489.93
10497.41
10515.46
10515.71
10516.23
10516.49
10517.00
10517.26
10517.52
10517.78
10518.04
10518.29
10519.58
10520.10
10520.36
10611.88
10622.71
10636.37
10696.18
10714.75
10734.08
10779.91
10851.33
10954.56
11045.05
11121.88
11172.16
11214.66
11282.73
11360.07
11423.05
11481.52
11562.47
11643.30
11721.16
11814.49
11879.97
11941.33
12024.86
12096.20
12174.83
12218.14
12252.95
12297.29
12338.54
12381.08
12425.68
12466.14
12527.96
12585.45
12618.45
12643.97
12670.79
12685.48
12700.43
12712.81
12724.93
12738.07
12753.03
12762.31
12771.07
12779.84
12789.12
12799.43
12811.04
12820.06
12829.34
12839.14
12849.19
12863.37
12873.43
12884.51
12894.31
12905.14
12915.71
12926.02
12939.43
12949.74
12959.54
12969.59
12978.87
12986.86
12995.37
13003.36
13012.90
13021.41
13029.92
13038.43
13046.61
13055.11
13065.43
13073.16
13082.70
13090.18
13097.65
13106.16
13114.93
13124.72
13131.68
13138.13
13145.09
13164.68
13185.57
13198.71
13211.09
13227.59
13241.51
13251.82
13266.00
13276.83
13291.53
13310.86
13311.64
13333.81
13375.83
13433.07
13475.86
13517.37
13552.69
13590.33
13610.96
13628.75
13635.96
13643.70
13649.37
13655.04
13662.78
13669.74
13710.73
13729.04
13731.36
13733.93
13738.06
13741.93
13744.50
13747.08
13749.92
13752.50
13754.30
13756.11
13758.94
13761.26
13763.32
13765.90
13768.22
13771.32
13774.67
13783.18
13824.68
13877.02
13887.85
14464.83
14879.14
15300.40
15329.54
9.05
67.35
115.94
168.28
219.00
268.25
319.29
367.98
418.51
469.55
516.99
567.27
614.19
664.20
729.69
766.26
814.47
865.00
911.93
962.20
1007.32
1088.67
1443.29
1864.71
2298.08
2711.57
3140.70
3546.59
3981.61
4402.43
4817.25
5257.66
5694.05
6103.12
6500.51
7111.01
7356.82
7817.66
8198.19
8612.33
9039.61
9459.07
9945.62
10356.31
10774.48
11225.38
11590.96
11992.12
12407.06
12809.33
13148.41
13566.06
13965.93
14481.10
14889.99
15305.59
15711.38
16138.21
16504.30
16615.68
16646.88
16648.99
16654.92
16674.52
16674.77
16675.03
16677.87
16678.12
16678.38
16685.34
16685.60
16685.86
16686.38
16693.34
16693.59
16693.85
16700.81
16701.07
16701.33
16708.55
16708.80
16709.06
16709.32
16716.28
16716.54
16734.59
16734.84
16735.10
16735.36
16735.62
16735.88
16736.13
16736.39
16736.65
16740.00
16740.26
16740.52
16747.73
16747.99
16748.25
16755.47
16755.73
16755.98
16756.24
16763.20
16763.46
16763.72
16770.94
16771.20
16771.45
16778.67
16778.93
16779.19
16786.66
16786.92
16787.18
16794.40
16794.66
16802.13
16802.39
16829.98
16830.23
16830.49
16830.75
16831.01
16831.52
16831.78
16833.59
16833.84
16834.10
16841.32
16841.58
16841.84
16842.09
16849.05
16849.31
16849.57
16857.05
16857.30
16857.82
16858.08
16858.34
16858.59
16859.37
16859.62
16860.14
16889.02
16950.81
17000.83
17024.03
17045.57
17065.17
17084.50
17104.61
17125.50
17155.36
17246.89
17317.01
17403.12
17481.46
17566.28
17649.90
17732.14
17800.20
17891.48
17978.37
18074.53
18156.73
18222.98
18291.22
18380.17
18456.74
18558.57
18654.48
18735.43
18828.25
18919.71
19015.36
19109.82
19184.84
19230.21
19274.82
19320.96
19367.89
19411.97
19453.22
19491.60
19540.05
19585.94
19634.41
19687.78
19763.83
19829.06
19894.36
19960.88
20025.84
20090.04
20118.14
20148.82
20178.47
20211.21
20241.89
20270.51
20296.55
20318.54
20343.80
20359.79
20371.13
20381.96
20394.85
20406.20
20417.02
20427.59
20438.68
20449.25
20460.59
20471.68
20485.34
20498.23
20508.80
20519.63
20530.46
20540.00
20550.05
20562.43
20571.45
20580.73
20591.05
20602.13
20613.73
20624.56
20643.90
20656.27
20671.74
20683.60
20694.17
20703.97
20714.02
20723.56
20733.10
20743.41
20756.05
20765.59
20775.12
20785.18
20793.95
20802.20
20810.96
20820.50
20829.52
20838.55
20846.65
20856.45
20865.73
20874.23
20882.74
20890.73
20899.50
20909.81
20918.84
20927.60
20935.34
20944.10
20953.90
20962.66
20971.95
20980.97
20990.25
20998.76
21008.81
21017.84
21027.38
21036.66
21045.94
21053.67
21061.41
21068.62
21076.36
21083.58
21089.77
21096.21
21103.69
21111.16
21119.93
21129.98
21144.94
21169.17
21191.60
21209.39
21214.80
21233.88
21250.38
21264.30
21275.39
21286.99
21297.56
21311.23
21324.12
21335.98
21347.84
21356.60
21366.91
21376.71
21392.44
21404.04
21442.45
21492.98
21537.59
21580.38
21619.83
21673.97
21720.89
21763.17
21809.32
21840.52
21874.03
21893.62
21916.83
21932.30
21939.00
21945.96
21953.18
21959.11
21966.33
21973.03
21979.22
21985.15
21992.88
22000.88
22008.35
22050.38
22091.11
22099.62
22102.97
22104.52
22107.35
22109.41
22112.25
22114.05
22115.86
22118.44
22121.53
22124.62
22126.95
22129.27
22131.33
22133.65
22135.45
22137.77
22139.84
22142.41
22145.51
22147.31
22150.15
22152.98
22155.30
22158.14
22161.23
22164.07
22165.62
22171.03
22187.79
22228.52
22270.41
22322.75
22357.81
23136.66
23633.98
24045.45
24477.29
24694.37
10.29
65.46
115.63
163.84
216.25
265.23
312.15
371.45
413.59
459.48
508.98
558.74
605.15
652.84
702.86
752.86
802.36
849.28
899.55
948.02
993.65
1042.64
1092.39
1137.77
1185.72
1234.19
1281.63
1327.26
1378.05
1466.48
1578.76
1840.86
2250.75
2661.27
3056.55
3462.73
3874.48
4290.10
4690.18
5094.95
5521.80
5914.45
6318.33
6719.32
7116.09
7545.16
7946.32
8350.18
8747.98
9149.36
9554.64
9954.77
10430.74
10839.63
11236.14
11700.05
12044.75
12424.25
12818.21
13174.51
13581.13
13960.63
14352.50
14869.59
15259.15
15646.90
16046.25
16435.80
16831.56
17223.43
17622.79
18015.18
18409.67
18808.51
19201.35
19590.64
19980.97
20381.36
20764.57
21376.62
21732.44
22120.45
22508.97
22908.06
23142.41
23208.93
23255.96
23261.37
23272.71
23278.64
23278.90
23279.16
23297.46
23297.98
23298.24
23298.50
23298.75
23299.01
23299.27
23303.14
23303.39
23303.65
23310.87
23311.13
23318.61
23318.86
23319.12
23326.34
23326.60
23326.86
23334.07
23334.33
23334.59
23341.81
23342.07
23342.58
23349.54
23349.80
23350.06
23357.28
23357.54
23357.79
23365.01
23365.27
23365.53
23392.86
23393.11
23393.37
23393.63
23393.89
23394.14
23394.40
23394.66
23394.92
23396.72
23396.98
23397.24
23404.46
23404.71
23412.19
23412.45
23412.71
23419.93
23420.18
23420.44
23427.66
23427.92
23428.18
23435.39
23435.65
23435.91
23443.13
23443.39
23443.64
23450.86
23451.12
23451.38
23451.89
23458.86
23459.11
23459.37
23466.59
23466.85
23467.11
23474.32
23474.58
23474.84
23482.06
23482.32
23482.57
23489.79
23490.05
23490.31
23498.04
23498.30
23505.52
23505.78
23505.94
23513.16
23513.41
23513.67
23513.93
23520.89
23521.15
23521.41
23528.62
23528.88
23529.14
23536.36
23536.62
23543.84
23544.09
23544.35
23544.61
23544.87
23545.12
23545.64
23546.16
23546.41
23553.63
23662.95
23685.77
23705.71
23727.16
23751.14
23776.66
23797.02
23816.61
23838.27
23884.42
23908.14
23938.82
24016.68
24109.75
24203.17
24283.35
24370.75
24469.13
24563.49
24666.62
24749.89
24838.84
24945.05
25037.09
25139.01
25236.46
25322.57
25418.99
25483.45
25533.98
25580.64
25630.14
25680.93
25725.27
25774.77
25822.98
25898.68
25965.45
26031.45
26109.57
26174.80
26256.78
26338.51
26412.50
26481.08
26565.64
26636.80
26716.98
26800.77
26870.12
26931.99
27019.65
27092.09
27176.66
27242.14
27315.10
27382.65
27453.03
27511.58
27545.35
27582.99
27617.80
27660.59
27704.68
27739.23
27785.63
27827.14
27871.48
27915.57
27956.56
27999.88
28042.16
28082.89
28129.93
28172.73
28239.50
28296.48
28324.72
28352.82
28391.23
28408.51
28421.40
28433.77
28445.12
28458.78
28472.96
28488.17
28500.80
28513.44
28524.27
28535.87
28546.95
28558.55
28571.96
28586.40
28601.35
28615.53
28628.16
28640.54
28651.88
28662.20
28671.99
28681.53
28690.30
28698.80
28707.83
28716.59
28726.91
28735.67
28744.44
28753.20
28761.71
28770.99
28779.50
28788.52
28796.77
28805.80
28816.37
28826.16
28835.19
28846.02
28855.30
28864.06
28874.12
28885.72
28895.52
28905.31
28914.59
28924.39
28934.96
28947.34
28958.68
28968.99
28979.05
28988.84
28999.16
29009.47
29025.20
29034.99
29044.27
29053.04
29061.80
29070.05
29079.08
29088.10
29097.90
29108.21
29117.75
29127.03
29136.83
29145.34
29153.59
29162.35
29171.63
29180.66
29189.68
29197.93
29205.41
29214.17
29221.91
29230.41
29238.66
29246.40
29254.39
29264.19
29272.70
29280.95
29288.68
29297.45
29306.98
29316.01
29324.00
29331.73
29339.98
29348.23
29357.77
29365.51
29373.76
29383.55
29392.32
29401.97
29410.48
29419.50
29428.78
29437.80
29446.83
29456.11
29463.84
29471.58
29480.34
29489.62
29503.29
29515.15
29546.60
29563.61
29580.88
29602.80
29609.24
29609.76
29610.02
29616.46
29634.51
29644.05
29656.16
29670.34
29681.43
29689.94
29700.51
29714.43
29726.55
29737.12
29747.69
29756.97
29767.28
29779.66
29789.45
29815.49
29818.33
29838.18
29865.51
29905.12
29959.00
30010.82
30059.55
30118.07
30133.54
30180.72
30228.93
30269.66
30313.75
30357.06
30387.23
30419.97
30451.94
30484.68
30525.16
30540.88
30566.66
30592.70
30611.27
30618.48
30626.48
30634.47
30642.20
30649.94
30657.41
30663.34
30670.05
30676.75
30683.20
30689.90
30697.12
30703.82
30711.04
30736.82
30778.84
30819.32
30837.11
30839.95
30842.78
30845.88
30849.48
30852.06
30854.90
30858.25
30861.60
30865.21
30867.79
30870.37
30873.46
30877.07
30879.91
30881.71
30883.77
30885.84
30888.16
30890.73
30893.31
30896.41
30898.47
30900.53
30902.85
30904.91
30907.23
30909.55
30911.10
30913.42
30915.74
30918.32
30920.90
30922.70
30926.05
30928.38
30931.47
30934.30
30936.11
30937.91
30941.27
30945.13
30970.40
31012.68
31056.51
31102.40
31156.28
31198.56
31663.40
32492.01
32932.35
33356.45
33786.23
34221.41
34457.57
10.78
63.93
114.21
160.88
209.38
258.62
307.61
355.04
402.72
450.93
500.43
548.64
593.50
639.39
687.61
736.96
785.69
834.93
879.53
926.20
974.15
1022.10
1068.25
1112.08
1160.03
1207.47
1254.39
1300.54
1343.85
1391.03
1472.24
1488.00
1536.46
1584.68
1632.63
1677.23
1722.86
1770.30
1817.74
1865.18
1900.24
1973.41
2102.18
2349.51
2768.48
3199.17
3629.02
4093.33
4498.44
4903.45
5333.57
5743.80
6200.91
6629.38
7053.48
7467.39
7922.71
8333.92
8804.20
9192.98
9618.40
10041.55
10461.27
10964.87
11384.07
11782.39
12234.07
12639.09
13052.36
13468.89
13841.98
14255.25
14670.59
15727.62
16049.14
16470.15
16888.06
17322.95
17747.31
18168.83
18586.49
19005.91
19421.24
19829.68
20239.35
20656.49
21072.60
21475.70
22069.02
22471.98
22878.29
23289.50
23719.02
24124.82
24488.33
24896.50
25313.13
25626.37
26036.55
26458.07
26833.19
27239.97
27658.14
28075.80
28484.95
28895.64
29310.20
29488.09
29575.75
29624.74
29624.99
29626.02
29627.31
29627.83
29636.59
29643.30
29654.90
29665.21
29665.47
29665.73
29665.98
29666.24
29666.50
29670.62
29670.88
29671.14
29678.36
29678.62
29678.88
29686.09
29686.35
29686.61
29686.87
29693.83
29694.09
29694.34
29701.56
29701.82
29729.15
29729.41
29729.66
29729.92
29730.18
29730.44
29730.70
29730.95
29731.21
29731.47
29733.27
29733.53
29733.79
29741.01
29741.27
29748.74
29749.00
29749.26
29756.48
29756.73
29757.25
29764.21
29764.47
29764.73
29771.95
29772.20
29779.68
29779.94
29787.41
29787.67
29788.19
29795.15
29795.41
29795.66
29802.88
29803.14
29803.40
29810.62
29810.88
29811.13
29811.39
29818.35
29818.61
29818.87
29826.34
29826.60
29834.08
29834.34
29841.72
29841.98
29842.24
29842.50
29849.46
29849.71
29849.97
29857.45
29857.71
29865.18
29865.44
29872.92
29873.18
29873.43
29880.91
29881.17
29881.43
29888.64
29888.90
29896.12
29896.38
29896.64
29896.89
29903.86
29904.11
29904.37
29911.59
29911.85
29912.11
29919.32
29919.58
29926.80
29927.06
29927.32
29934.54
29934.79
29935.05
29942.27
29942.53
29942.79
29950.00
29950.26
29957.74
29958.00
29965.21
29965.47
29965.73
29972.95
29973.21
29973.46
29980.68
29980.94
29981.20
29988.42
29988.68
29988.93
29996.15
29996.41
29996.67
30003.89
30004.14
30004.40
30004.66
30004.92
30005.18
30005.69
30006.21
30006.46
30008.79
30120.80
30158.46
30169.81
30191.59
30214.28
30236.57
30258.74
30279.88
30300.50
30349.23
30373.98
30399.50
30424.51
30446.17
30494.58
30569.86
30646.69
30748.53
30824.38
30915.39
31008.20
31090.19
31184.29
31264.98
31357.54
31449.89
31529.81
31619.27
31726.48
31807.43
31901.02
31993.57
32079.68
32176.10
32263.24
32371.78
32470.27
32557.41
32645.06
32747.11
32836.05
32942.27
33030.70
33118.88
33213.23
33299.34
33395.51
33497.34
33589.64
33648.42
33698.44
33747.42
33796.92
33843.07
33891.10
33939.31
33989.84
34039.08
34087.81
34135.76
34185.32
34234.82
34283.80
34334.85
34386.16
34445.20
34522.02
34602.46
34681.87
34755.09
34831.40
34903.33
34975.26
35048.22
35127.44
35197.57
35267.18
35338.07
35404.85
35476.52
35545.10
35580.42
35613.16
35647.45
35678.64
35712.68
35747.74
35780.74
35818.12
35845.71
35878.19
35909.39
35937.23
35966.12
35995.25
36031.09
36078.27
36106.37
36133.70
36171.34
36189.12
36199.70
36213.10
36224.19
36235.79
36249.97
36263.38
36274.46
36286.06
36296.38
36307.46
36318.03
36331.70
36343.81
36356.45
36377.33
36388.16
36399.76
36410.84
36421.93
36433.02
36443.84
36454.67
36465.50
36476.33
36486.90
36496.95
36507.78
36526.60
36536.91
36553.16
36567.59
36583.58
36594.15
36602.66
36611.94
36621.73
36631.53
36641.33
36656.28
36665.05
36674.84
36684.90
36695.47
36706.81
36717.38
36728.73
36739.55
36752.45
36767.40
36779.00
36796.53
36808.13
36820.25
36831.85
36842.42
36855.57
36872.84
36885.22
36894.76
36903.27
36911.77
36920.80
36930.59
36939.62
36948.38
36957.15
36965.91
36975.20
36983.70
36991.70
37001.23
37010.00
37020.57
37029.85
37038.62
37046.61
37055.63
37065.17
37074.71
37083.48
37091.98
37100.49
37108.48
37117.77
37127.05
37135.30
37144.06
37152.57
37162.11
37170.88
37179.38
37187.38
37196.40
37206.45
37217.02
37226.56
37236.10
37244.61
37253.38
37261.62
37270.91
37280.19
37289.73
37299.01
37307.77
37317.31
37327.11
37336.91
37346.70
37355.47
37365.27
37374.80
37383.31
37393.88
37402.91
37413.22
37423.02
37433.33
37443.38
37452.66
37462.72
37473.03
37484.63
37493.91
37502.42
37511.45
37519.95
37528.20
37537.74
37546.51
37555.53
37564.55
37573.58
37580.80
37589.05
37597.30
37605.03
37613.28
37621.27
37630.55
37639.58
37647.57
37654.79
37663.81
37673.09
37683.41
37703.26
37711.77
37736.52
37765.91
37789.37
37808.45
37825.20
37835.77
37840.93
37863.62
37882.95
37895.07
37910.80
37925.23
37936.32
37946.12
37958.49
37970.87
37981.70
37990.46
38000.52
38011.86
38027.07
38039.70
38054.40
38066.00
38078.12
38088.69
38098.23
38109.57
38120.66
38129.68
38141.02
38150.56
38178.92
38182.53
38212.44
38243.12
38275.34
38312.47
38366.87
38419.98
38470.51
38523.34
38570.00
38623.11
38680.60
38740.41
38801.26
38848.18
38889.17
38941.25
38989.98
38991.27
39025.04
39065.52
39093.62
39124.30
39154.72
39189.01
39208.42
39229.05
39253.54
39286.80
39291.95
39299.17
39306.39
39313.35
39320.57
39327.53
39334.49
39341.45
39348.16
39354.34
39361.82
39369.04
39375.48
39383.48
39389.41
39395.59
39402.04
39408.23
39415.19
39422.15
39458.24
39500.52
39541.26
39575.80
39578.12
39580.70
39582.77
39585.34
39588.18
39591.02
39593.34
39596.43
39598.75
39601.59
39604.42
39606.23
39608.29
39611.38
39613.45
39616.28
39618.86
39621.18
39622.98
39624.79
39626.85
39629.95
39632.52
39634.84
39638.20
39641.03
39642.84
39644.90
39646.96
39649.54
39652.63
39654.70
39657.27
39659.34
39661.66
39664.23
39666.81
39669.13
39671.97
39675.06
39678.41
39680.73
39683.05
39685.89
39687.70
39690.02
39692.08
39693.62
39695.69
39697.23
39699.30
39701.88
39706.26
39711.67
39750.09
39792.88
39836.97
39883.63
39938.29
39992.17
40044.77
40054.30
40655.52
41467.38
42049.77
42451.96
42883.02
43300.42
43743.09
44168.48
44272.12
8.89
61.96
110.45
160.46
208.16
253.27
299.68
347.12
395.70
443.40
491.35
536.98
581.07
626.45
673.11
738.85
768.24
815.93
863.11
910.55
954.89
998.72
1043.58
1089.99
1136.14
1182.03
1228.43
1274.58
1318.67
1371.26
1407.87
1458.99
1505.65
1549.74
1593.57
1640.49
1686.89
1733.30
1779.96
1826.11
1870.20
1913.77
1959.14
2005.55
2051.18
2096.56
2143.48
2188.08
2231.65
2274.96
2319.82
2365.71
2384.79
2486.11
2619.81
2744.92
3064.39
3514.07
3946.64
4326.66
4738.13
5180.87
5646.02
5995.49
6442.55
6861.54
7290.91
7702.43
8118.80
8556.79
8971.35
9402.56
9825.05
10241.81
10656.63
11242.38
11552.13
11970.05
12343.62
12786.65
13149.65
13555.71
13979.96
14342.61
14734.74
15148.79
16220.51
16513.36
16942.11
17353.06
17771.48
18188.62
18619.43
19035.28
19445.16
19859.20
20288.33
20703.15
21118.23
21532.28
21957.34
22532.28
22952.26
23367.34
23732.14
24140.52
24556.88
24960.10
25356.19
25703.21
26082.19
26488.76
26898.43
27276.89
27685.53
28090.84
28517.00
28933.45
29340.79
29749.17
30170.43
30579.32
30987.18
31392.21
31814.76
32480.69
32894.22
33299.24
33705.30
34121.41
34527.49
34933.80
35340.11
35762.93
36168.72
36524.12
36620.03
36711.29
37046.95
37052.34
37052.60
37052.86
37060.07
37060.33
37060.59
37067.81
37068.07
37068.32
37075.54
37075.80
37076.06
37083.28
37083.54
37090.75
37091.01
37091.27
37098.49
37098.75
37099.00
37106.22
37106.48
37106.74
37113.96
37114.21
37121.43
37121.69
37121.95
37124.53
37129.17
37129.43
37129.68
37136.90
37137.16
37137.42
37144.64
37144.89
37145.15
37152.37
37152.63
37152.89
37160.11
37160.36
37167.84
37168.10
37175.32
37175.57
37175.70
37175.95
37183.17
37183.43
37183.68
37190.90
37191.16
37191.42
37198.64
37198.89
37206.37
37206.63
37213.85
37214.11
37214.36
37221.58
37221.84
37222.10
37229.32
37229.57
37229.83
37230.09
37237.05
37237.31
37237.57
37244.79
37245.04
37245.30
37245.56
37245.82
37246.33
37246.85
37247.11
37247.62
37248.14
37299.18
37373.34
37401.07
37409.32
37430.15
37451.59
37474.27
37501.09
37528.16
37548.89
37579.05
37609.99
37642.99
37676.50
37710.95
37746.02
37818.46
37914.05
38014.86
38110.25
38201.83
38289.75
38390.29
38484.39
38542.92
38591.37
38643.45
38706.61
38786.79
38860.79
38942.77
39020.11
39095.40
39167.33
39265.55
39347.02
39443.96
39537.08
39599.98
39678.10
39772.98
39863.73
39963.76
40059.66
40129.79
40206.88
40307.94
40389.87
40472.89
40557.45
40634.28
40719.10
40811.43
40889.80
40973.33
41064.60
41145.29
41237.85
41331.69
41431.72
41517.32
41604.71
41676.90
41758.89
41840.61
41918.21
42017.47
42104.87
42186.34
42290.75
42376.52
42474.23
42568.33
42652.12
42746.73
42820.21
42865.84
42910.70
42957.62
43003.26
43047.60
43090.91
43136.80
43181.08
43226.97
43268.99
43312.05
43356.13
43404.34
43450.75
43499.22
43545.11
43592.29
43640.76
43689.48
43735.12
43784.10
43835.92
43907.59
43976.95
44045.27
44115.91
44186.29
44254.87
44321.12
44389.96
44460.86
44506.56
44536.21
44566.89
44595.76
44625.41
44656.35
44686.25
44716.16
44746.07
44776.23
44804.59
44834.75
44869.82
44906.94
44921.64
44933.24
44943.55
44954.38
44965.72
44981.45
44993.57
45005.17
45021.41
45031.72
45040.75
45050.54
45060.60
45068.85
45076.58
45084.83
45094.37
45104.94
45114.74
45124.28
45134.59
45144.64
45154.44
45164.24
45174.81
45185.38
45194.92
45204.97
45214.77
45224.05
45233.85
45243.39
45253.70
45262.72
45272.78
45282.83
45292.11
45301.91
45311.45
45324.34
45334.65
45344.19
45354.50
45364.82
45375.13
45385.96
45400.39
45410.71
45420.76
45431.59
45441.90
45451.96
45463.04
45475.16
45488.31
45498.88
45508.68
45519.25
45528.79
45539.36
45550.44
45562.66
45573.23
45585.35
45595.66
45607.00
45617.32
45630.46
45641.55
45652.12
45661.92
45671.20
45680.22
45689.50
45699.30
45710.13
45721.21
45731.79
45742.36
45752.93
45763.75
45774.58
45785.41
45795.98
45807.84
45818.41
45833.62
45845.48
45855.79
45867.65
45881.57
45890.86
45901.17
45910.45
45920.50
45928.75
45937.78
45947.06
45955.05
45962.79
45971.29
45979.54
45988.57
45997.33
46006.10
46015.12
46023.37
46031.36
46040.90
46050.18
46058.43
46067.46
46076.48
46086.02
46095.04
46105.10
46113.86
46123.14
46131.91
46142.22
46152.79
46160.79
46170.58
46179.86
46188.37
46199.46
46208.48
46217.76
46226.27
46234.78
46243.29
46252.82
46262.88
46271.92
46280.95
46290.23
46298.99
46308.53
46317.30
46327.09
46335.60
46344.88
46354.68
46364.48
46375.30
46385.36
46394.64
46403.66
46412.17
46422.23
46432.02
46441.82
46450.59
46460.12
46470.18
46479.46
46488.23
46497.51
46507.05
46516.59
46525.61
46535.41
46545.72
46555.00
46565.31
46575.37
46585.42
46595.99
46605.27
46614.81
46621.77
46630.28
46637.50
46646.27
46655.03
46664.05
46671.79
46682.10
46690.87
46699.38
46707.11
46722.84
46738.30
46744.23
46765.12
46782.65
46802.76
46825.45
46847.36
46866.18
46885.26
46892.22
46894.54
46894.80
46895.05
46907.95
46919.80
46936.82
46953.84
46964.15
46978.07
46987.87
46998.70
47008.23
47017.52
47026.80
47035.82
47044.33
47060.05
47071.66
47079.91
47095.12
47105.43
47116.26
47126.31
47135.34
47144.36
47152.61
47163.70
47172.46
47191.02
47212.16
47216.80
47227.63
47254.45
47284.61
47331.02
47389.28
47455.80
47513.80
47571.30
47626.73
47679.32
47732.95
47789.66
47836.33
47887.38
47937.65
47986.63
48034.59
48082.38
48126.72
48173.12
48226.75
48269.29
48316.21
48368.80
48376.54
48388.40
48410.31
48440.48
48469.61
48498.48
48533.03
48547.98
48571.19
48593.10
48615.79
48645.70
48650.08
48657.04
48662.45
48669.93
48677.66
48684.11
48692.10
48699.32
48704.48
48710.41
48717.11
48725.10
48732.32
48739.28
48746.24
48753.72
48759.91
48768.67
48776.15
48784.14
48791.88
48801.41
48808.38
48816.37
48822.55
48861.23
48902.48
48941.41
48981.62
49007.92
49011.53
49015.14
49018.23
49021.33
49023.65
49025.97
49028.80
49031.38
49033.96
49036.28
49039.38
49042.21
49045.30
49047.62
49050.20
49052.01
49054.33
49057.68
49060.26
49062.06
49065.41
49067.48
49069.54
49073.15
49075.21
49078.05
49080.37
49082.69
49085.01
49087.33
49090.94
49094.03
49096.35
49098.93
49101.25
49103.31
49107.44
49109.50
49111.05
49112.59
49114.66
49117.75
49120.07
49122.91
49126.00
49128.06
49130.90
49134.51
49137.60
49141.21
49143.53
49145.85
49148.69
49151.01
49153.84
49156.42
49158.23
49160.80
49162.87
49164.41
49165.96
49167.77
49172.15
49177.05
49182.72
49207.73
49250.27
49291.77
49334.57
49377.11
49426.09
49478.17
49532.30
49586.70
49591.86
49793.21
50564.59
51384.95
51966.83
52364.89
52773.78
53182.41
53605.23
54029.59
54457.55
54790.65
9.65
59.20
107.50
155.20
202.50
249.68
296.60
341.71
389.28
433.88
478.22
522.31
566.65
612.29
657.66
703.55
750.17
796.32
842.46
888.10
933.73
978.33
1024.22
1069.34
1113.68
1158.54
1202.63
1247.23
1290.80
1334.11
1380.00
1423.32
1472.84
1518.99
1564.11
1608.96
1653.05
1696.88
1740.71
1784.28
1827.33
1872.19
1917.05
1961.91
2006.51
2051.11
2095.46
2140.57
2184.14
2228.49
2272.57
2317.18
2361.00
2405.61
2448.40
2491.71
2536.32
2579.63
2622.68
2665.74
2708.79
2772.99
2799.29
2842.60
2885.91
2998.83
3020.55
3153.61
3292.60
3428.72
3659.84
4077.34
4492.89
4917.92
5369.96
5770.82
6173.79
6607.75
7067.00
7480.29
7908.98
8332.11
8802.90
9190.91
9613.20
10082.20
10467.37
10864.14
11286.95
11787.79
12205.44
12623.87
13058.54
13508.22
13900.61
14317.50
14699.12
15095.29
15515.52
15944.78
16472.89
16886.16
17315.16
17735.91
18150.99
18569.59
19002.45
19422.17
19838.80
20254.52
20683.61
21097.66
21511.45
21926.01
22322.48
23699.20
23731.48
24147.07
24562.15
24995.53
25407.52
25835.03
26146.48
26562.08
26976.64
27363.10
27793.39
28212.34
28628.93
29044.00
29464.50
29871.84
30277.38
30696.58
31108.82
31516.68
31925.57
32348.13
33014.42
33433.88
33839.42
34245.73
34668.54
35081.41
35489.53
35895.58
36317.36
36724.71
37129.66
37537.52
37957.50
38361.75
38766.25
39182.88
39591.77
39997.31
40398.46
40819.99
41223.73
41626.69
42035.32
42445.82
42849.82
43184.20
43432.47
43492.80
43590.00
43633.11
43661.58
43664.47
43664.73
43665.76
43667.05
43668.59
43669.62
43670.91
43672.20
43673.49
43674.52
43676.07
43677.36
43678.39
43679.68
43680.97
43685.87
43686.12
43686.64
43695.92
43702.62
43709.33
43716.03
43724.54
43730.73
43730.98
43731.24
43731.50
43731.76
43738.98
43739.23
43739.49
43746.71
43746.97
43747.23
43754.45
43754.70
43762.18
43762.44
43762.70
43769.91
43770.17
43777.65
43777.91
43778.42
43785.38
43785.64
43785.90
43793.12
43793.38
43800.85
43841.59
43841.84
43842.10
43842.36
43842.62
43842.88
43843.13
43843.39
43843.65
43843.91
43844.16
43844.42
43844.68
43844.94
43845.20
43845.45
43845.71
43848.29
43848.55
43848.80
43856.02
43856.28
43856.80
43863.76
43864.02
43864.27
43871.49
43871.75
43872.01
43879.23
43879.48
43879.74
43886.96
43887.22
43887.48
43887.99
43894.95
43895.21
43902.69
43902.95
43910.42
43910.68
43918.16
43918.41
43918.67
43918.93
43925.89
43926.15
43926.41
43933.62
43933.88
43934.14
43941.36
43941.62
43941.88
43942.13
43949.35
43949.61
43949.87
43957.09
43957.34
43957.60
43964.82
43965.08
43972.30
43972.55
43972.81
43973.07
43980.03
43980.29
43980.55
43987.77
43988.02
43988.28
43995.50
43995.76
44003.23
44003.49
44010.71
44010.97
44011.23
44018.60
44018.86
44019.11
44026.07
44026.33
44026.59
44033.81
44034.07
44034.32
44041.54
44041.80
44042.06
44049.28
44049.54
44057.01
44057.27
44064.49
44064.75
44065.00
44065.26
44072.22
44072.48
44072.74
44079.96
44080.21
44080.47
44087.69
44087.95
44088.21
44095.43
44095.68
44095.94
44103.16
44103.42
44110.89
44111.15
44118.63
44118.89
44126.11
44126.36
44126.62
44133.84
44134.10
44134.36
44141.57
44141.83
44142.09
44149.31
44149.57
44149.82
44157.04
44157.30
44157.56
44164.78
44165.04
44172.51
44172.77
44179.99
44180.25
44180.50
44187.72
44187.98
44188.24
44195.46
44195.71
44195.97
44203.19
44203.45
44203.71
44210.93
44211.18
44211.44
44218.66
44218.92
44219.18
44226.39
44226.65
44226.91
44227.17
44227.43
44227.68
44228.20
44228.71
44228.97
44229.49
44243.93
44311.47
44356.98
44380.95
44391.01
44407.89
44430.06
44451.20
44472.60
44498.26
44554.20
44581.53
44608.60
44633.87
44660.16
44683.60
44707.06
44740.55
44775.54
44814.21
44872.22
44967.87
45062.62
45164.45
45252.62
45347.50
45448.86
45536.78
45635.00
45740.45
45830.68
45929.25
46031.60
46124.41
46226.25
46328.09
46430.60
46531.14
46621.89
46720.12
46819.64
46914.77
47019.70
47123.22
47219.54
47321.38
47412.90
47463.95
47516.80
47571.20
47624.82
47682.57
47733.11
47783.64
47834.17
47885.00
47931.41
47985.29
48049.75
48132.76
48212.43
48286.16
48368.14
48452.71
48524.89
48605.07
48682.16
48753.57
48829.63
48920.64
48990.76
49073.78
49149.27
49213.98
49287.20
49356.80
49428.73
49510.98
49588.06
49661.80
49731.66
49823.19
49915.74
50012.42
50080.72
50152.91
50221.75
50307.08
50396.54
50489.36
50570.31
50647.14
50715.71
50792.80
50871.46
50962.46
51037.23
51113.80
51187.79
51267.46
51351.25
51422.03
51481.59
51513.04
51560.22
51608.43
51656.12
51690.93
51722.12
51762.86
51807.98
51859.02
51909.04
51959.57
52005.98
52058.31
52105.88
52154.09
52199.98
52244.32
52289.44
52341.00
52385.35
52431.24
52477.64
52526.63
52573.55
52620.73
52669.46
52717.93
52765.62
52834.71
52905.87
52974.96
53043.54
53096.65
53126.56
53157.24
53184.88
53214.01
53243.14
53280.27
53317.65
53340.34
53351.16
53367.15
53380.04
53391.90
53404.02
53415.36
53426.70
53438.56
53449.13
53461.25
53475.95
53488.06
53499.66
53511.01
53526.73
53538.08
53549.94
53561.54
53572.62
53588.35
53601.50
53615.94
53627.80
53639.14
53650.48
53661.05
53672.14
53685.55
53697.92
53709.52
53722.93
53737.37
53748.45
53758.77
53767.79
53777.33
53785.84
53795.12
53804.14
53812.91
53822.70
53831.21
53840.23
53849.77
53858.80
53869.11
53878.39
53887.16
53896.44
53905.46
53915.52
53924.54
53933.56
53941.81
53950.32
53960.38
53969.14
53977.39
53986.41
53995.44
54005.23
54016.06
54025.60
54034.88
54044.16
54054.22
54063.24
54071.75
54082.32
54092.63
54102.17
54111.45
54120.73
54130.53
54140.07
54152.19
54161.73
54172.04
54182.61
54193.44
54204.27
54214.84
54227.21
54237.78
54247.84
54257.38
54267.95
54277.48
54287.80
54299.66
54309.97
54320.54
54331.88
54342.45
54353.02
54362.56
54373.13
54383.19
54393.76
54403.30
54413.87
54423.92
54434.23
54448.93
54460.02
54469.81
54479.61
54489.41
54500.23
54509.77
54521.63
54531.69
54542.00
54551.54
54560.82
54572.42
54583.25
54594.08
54603.62
54612.64
54620.89
54630.43
54639.20
54647.96
54657.24
54668.07
54677.87
54687.92
54697.20
54708.29
54718.09
54727.37
54736.65
54744.90
54753.92
54761.91
54772.23
54780.48
54790.02
54798.52
54808.06
54816.31
54824.82
54832.81
54841.06
54849.83
54858.34
54867.36
54875.35
54884.12
54893.66
54902.68
54912.22
54921.76
54930.27
54939.80
54948.05
54957.34
54966.10
54975.38
54984.66
54993.69
55002.97
55012.25
55020.76
55029.52
55039.32
55048.09
55057.88
55067.68
55076.96
55085.98
55095.27
55105.06
55113.31
55122.59
55132.13
55141.67
55151.21
55159.98
55169.77
55179.83
55189.11
55198.13
55207.67
55216.70
55225.20
55234.23
55244.54
55253.56
55263.10
55272.64
55282.70
55291.98
55301.00
55310.28
55319.82
55328.84
55338.38
55347.66
55356.95
55366.48
55376.80
55386.08
55395.36
55404.90
55414.44
55423.98
55433.26
55443.31
55451.30
55458.01
55465.48
55472.96
55480.70
55488.43
55496.16
55503.38
55519.11
55540.51
55543.34
55563.20
55591.04
55606.51
55620.95
55636.67
55657.04
55675.60
55695.45
55711.70
55714.53
55715.56
55715.82
55728.20
55743.15
55758.62
55769.45
55778.98
55792.91
55805.80
55821.27
55830.03
55839.31
55850.40
55860.71
55871.02
55881.34
55888.81
55898.87
55916.91
55930.06
55941.15
55949.66
55956.62
55963.84
55975.18
55985.23
55995.55
56004.83
56017.20
56025.45
56033.45
56040.92
56048.14
56086.04
56088.62
56090.68
56110.02
56140.44
56167.77
56200.51
56239.95
56296.16
56353.13
56418.62
56475.08
56534.63
56589.55
56639.82
56700.66
56766.15
56781.88
56796.05
56850.45
56899.44
56947.39
56998.77
57050.84
57105.24
57151.65
57162.48
57188.77
57227.70
57269.73
57319.23
57367.18
57414.10
57463.60
57511.04
57515.42
57538.62
57566.98
57597.41
57625.25
57657.22
57687.38
57701.56
57723.73
57746.16
57765.24
57788.70
57821.70
57824.80
57833.30
57840.52
57848.00
57855.99
57864.24
57870.95
57877.65
57884.35
57892.60
57899.30
57906.01
57912.71
57919.41
57926.67
57933.12
57939.30
57946.52
57952.45
57960.96
57967.15
57974.37
57981.84
57990.35
57997.83
58004.53
58014.33
58020.26
58026.45
58059.96
58100.70
58140.91
58180.88
58218.26
58245.84
58248.68
58251.26
58254.35
58256.93
58258.99
58261.83
58265.44
58268.79
58271.37
58273.95
58276.52
58278.84
58282.45
58284.26
58286.84
58289.16
58291.22
58293.54
58296.12
58298.18
58300.24
58303.34
58305.40
58309.01
58311.33
58314.16
58317.26
58319.84
58322.16
58324.22
58327.05
58329.38
58331.95
58333.76
58335.82
58338.14
58340.20
58343.04
58345.36
58347.68
58350.77
58352.84
58355.41
58357.22
58360.31
58362.12
58365.21
58368.30
58370.37
58372.95
58375.01
58377.59
58379.39
58381.71
58384.03
58388.16
58391.25
58394.34
58396.15
58398.73
58401.56
58404.14
58406.98
58408.52
58410.07
58412.91
58414.71
58416.52
58418.84
58420.38
58421.93
58423.73
58425.80
58427.34
58429.15
58430.95
58434.56
58440.23
58445.39
58460.34
58500.30
58543.36
58585.90
58628.44
58672.78
58726.15
58779.26
58832.62
58886.25
58939.10
58942.20
59584.15
60367.64
61206.30
61771.43
62177.74
62587.15
63013.05
63421.95
63864.35
64289.48
64724.16
65137.69
65159.60
8.68
58.92
105.30
151.70
198.32
244.21
289.33
334.19
380.88
426.25
471.11
515.97
560.57
604.92
649.00
693.61
739.01
784.12
828.73
873.59
918.45
962.79
1006.88
1050.70
1094.79
1138.62
1182.45
1226.02
1269.33
1312.90
1356.47
1400.30
1443.87
1498.84
1542.66
1586.75
1630.84
1674.66
1718.75
1762.58
1806.41
1850.23
1893.80
1937.38
1981.20
2024.77
2068.34
2111.66
2155.23
2198.54
2241.85
2285.16
2328.73
2372.30
2414.59
2457.38
2500.70
2542.98
2586.03
2628.31
2671.11
2714.16
2773.20
2799.76
2842.81
2886.12
3010.39
3028.04
3071.87
3115.70
3159.78
3203.61
3247.44
3290.75
3334.58
3377.89
3421.20
3464.52
3507.83
3527.94
3592.66
3725.52
3872.26
4011.35
4168.24
4355.45
4767.03
5183.65
5599.16
6103.16
6457.88
6863.00
7344.45
7762.66
8175.04
8608.91
9036.88
9499.21
9885.67
10320.34
10774.52
11142.42
11567.86
11998.15
12485.66
12904.35
13340.05
13756.16
14220.23
14598.70
15025.38
15390.01
15788.33
16222.75
16751.25
17169.17
17603.07
18021.24
18439.67
18861.19
19298.34
19715.22
20128.75
20548.21
20970.16
21384.46
21753.39
22189.87
22604.69
23012.75
23609.25
24023.56
24435.54
24869.70
25283.49
25697.79
26113.13
26546.51
26848.46
27264.57
27657.48
28072.82
28488.93
28914.06
29339.19
29755.30
30170.38
30602.47
31021.68
31434.43
31849.00
32280.57
32696.68
34633.63
34637.44
35050.97
35454.93
35861.76
36281.99
36688.82
37092.55
37506.09
37918.36
38324.41
38728.40
39151.21
39555.46
39958.68
40376.60
40799.67
41202.37
41603.01
42020.68
42424.67
42828.66
43235.49
43651.08
44055.07
44370.12
44783.39
45185.07
45586.48
46008.52
46412.00
46815.21
47230.04
47641.50
50311.93
50713.13
51047.26
51321.31
51386.02
51483.22
51548.70
52038.25
52043.39
52043.65
52050.87
52051.13
52051.39
52058.61
52058.86
52059.12
52066.34
52066.60
52066.86
52074.07
52074.33
52074.59
52081.81
52082.07
52082.32
52089.54
52089.80
52090.06
52097.28
52097.54
52097.79
52105.01
52105.27
52105.53
52112.75
52113.00
52113.26
52120.48
52120.74
52128.21
52128.47
52135.95
52136.21
52143.68
52143.94
52151.16
52151.42
52151.68
52158.89
52159.15
52159.41
52166.63
52166.89
52167.14
52174.36
52174.62
52174.88
52182.10
52182.36
52182.61
52189.83
52190.09
52190.35
52197.57
52197.82
52198.08
52205.30
52205.56
52205.82
52213.04
52213.29
52220.77
52221.03
52228.50
52228.76
52229.02
52236.24
52236.50
52243.71
52243.97
52244.23
52251.45
52251.71
52251.96
52259.18
52259.44
52259.70
52266.92
52267.18
52267.43
52267.69
52267.95
52268.21
52268.72
52269.24
52269.50
52270.01
52270.53
52299.40
52377.38
52423.14
52461.55
52483.68
52495.54
52517.20
52539.37
52561.82
52582.96
52605.21
52632.54
52659.61
52688.75
52715.05
52742.38
52771.77
52806.84
52846.02
52878.77
52908.93
52947.16
52990.47
53090.25
53184.86
53284.38
53384.00
53475.00
53576.58
53669.65
53772.52
53863.53
53965.36
54063.07
54158.21
54257.72
54359.97
54460.52
54556.69
54644.09
54745.66
54851.11
54938.77
55035.45
55132.73
55229.41
55324.54
55425.09
55529.25
55616.13
55714.36
55816.86
55921.53
56014.34
56120.82
56220.08
56319.85
56413.70
56513.21
56615.05
56713.79
56808.92
56909.21
57012.34
57119.18
57214.57
57317.95
57396.07
57446.09
57499.20
57553.08
57607.73
57665.74
57720.66
57774.54
57826.62
57881.27
57933.61
57985.80
58037.11
58093.05
58147.70
58193.59
58245.15
58295.42
58345.95
58400.35
58467.64
58550.14
58634.96
58715.66
58783.46
58869.83
58951.81
59022.97
59103.92
59191.32
59265.05
59347.04
59423.61
59491.93
59572.37
59651.77
59726.80
59812.13
59891.28
59956.48
60026.35
60100.34
60170.72
60251.68
60328.25
60402.75
60473.39
60546.36
60618.03
60687.89
60756.99
60817.06
60889.50
60952.15
61011.19
61086.21
61156.08
61204.04
61239.61
61279.57
61317.47
61353.05
61401.00
61438.64
61473.96
61517.79
61554.92
61601.84
61637.42
61675.06
61726.36
61780.76
61825.62
61862.23
61896.52
61930.81
61975.15
62021.56
62070.29
62119.01
62164.90
62215.18
62264.16
62315.98
62359.55
62406.21
62451.85
62500.32
62551.62
62596.74
62643.66
62687.75
62729.25
62765.61
62792.93
62804.54
62815.36
62830.32
62841.14
62852.49
62862.80
62873.89
62889.61
62901.99
62914.11
62925.45
62936.54
62947.11
62958.71
62970.05
62981.14
62991.96
63007.95
63019.04
63030.12
63040.18
63051.26
63066.47
63077.30
63088.13
63099.47
63110.56
63127.57
63139.69
63151.81
63166.25
63179.39
63190.74
63202.86
63215.23
63226.83
63243.33
63254.42
63266.02
63276.59
63290.51
63303.66
63314.75
63325.83
63338.46
63354.19
63367.08
63379.97
63392.61
63405.50
63416.58
63427.15
63437.98
63448.81
63460.15
63473.52
63485.38
63496.98
63508.32
63523.79
63535.91
63547.25
63558.86
63575.10
63584.89
63593.92
63602.43
63611.19
63619.70
63629.50
63638.52
63647.03
63656.31
63665.33
63674.10
63684.15
63692.92
63700.91
63709.16
63717.67
63727.46
63736.23
63745.25
63754.79
63763.82
63772.58
63781.61
63791.14
63799.65
63808.42
63817.18
63826.46
63836.00
63844.51
63853.02
63862.56
63871.32
63880.61
63890.40
63899.43
63908.45
63916.70
63925.21
63935.78
63944.54
63953.31
63962.85
63971.87
63981.93
63990.43
63999.97
64010.03
64020.34
64031.17
64041.22
64052.31
64063.14
64073.19
64084.02
64094.07
64104.13
64114.70
64125.79
64136.36
64147.18
64157.50
64167.81
64178.64
64189.98
64201.84
64212.41
64222.46
64233.29
64243.61
64253.66
64264.23
64275.58
64285.38
64295.69
64305.74
64315.28
64325.59
64336.16
64345.45
64355.76
64364.52
64374.58
64383.86
64393.14
64402.68
64411.70
64420.73
64429.49
64438.77
64448.31
64456.82
64466.88
64476.16
64485.44
64494.20
64504.77
64515.34
64525.14
64534.68
64544.99
64553.50
64563.04
64573.61
64583.92
64594.49
64603.77
64613.05
64623.37
64633.42
64641.93
64651.98
64660.75
64670.03
64679.05
64688.34
64697.62
64706.90
64717.21
64727.78
64737.32
64746.60
64755.62
64764.91
64775.22
64786.56
64796.62
64806.93
64817.50
64826.52
64836.06
64844.05
64853.08
64861.84
64871.12
64880.92
64888.40
64897.68
64906.70
64915.73
64925.78
64933.52
64942.28
64950.79
64959.04
64967.80
64977.34
64987.66
64996.68
65005.45
65014.73
65023.75
65032.52
65040.77
65049.27
65057.78
65066.80
65076.09
65084.59
65092.59
65102.12
65110.38
65119.91
65129.20
65137.96
65146.47
65156.01
65165.03
65173.80
65182.56
65192.62
65201.38
65210.15
65219.69
65228.20
65236.19
65244.70
65253.98
65263.00
65271.51
65281.05
65289.55
65298.84
65307.34
65316.62
65325.39
65334.16
65342.92
65352.46
65360.97
65369.99
65379.79
65388.55
65411.50
65431.87
65435.22
65442.70
65477.50
65509.21
65531.90
65548.14
65563.61
65577.79
65595.32
65612.08
65631.16
65635.28
65637.86
65650.49
65665.70
65683.75
65699.48
65714.69
65729.38
65741.24
65751.30
65760.06
65770.38
65780.95
65791.52
65803.38
65812.91
65824.52
65835.86
65846.95
65857.26
65867.31
65876.85
65885.36
65900.05
65915.01
65926.35
65942.59
65957.55
65966.05
65980.23
65990.55
65998.54
66006.27
66016.33
66024.84
66031.61
66038.57
66046.56
66057.39
66066.16
66074.66
66081.11
66088.59
66098.12
66107.66
66129.32
66157.42
66159.74
66163.35
66174.44
66205.63
66237.09
66267.25
66303.60
66332.99
66361.35
66396.16
66443.85
66489.48
66543.37
66599.57
66658.35
66716.88
66780.55
66837.02
66893.48
66951.23
67014.13
67074.46
67136.85
67187.64
67242.81
67312.94
67374.81
67433.85
67496.50
67557.34
67615.09
67678.00
67738.33
67800.72
67865.95
67923.95
67979.12
68030.17
68079.16
68080.70
68111.64
68134.07
68162.17
68189.50
68217.60
68246.22
68293.40
68303.71
68322.27
68341.61
68362.23
68384.92
68406.32
68429.01
68460.20
68462.78
68469.23
68475.93
68483.15
68488.82
68494.49
68500.42
68507.12
68514.60
68521.05
68528.01
68534.45
68541.67
68547.34
68553.53
68560.23
68566.42
68572.35
68578.28
68583.44
68589.88
68597.62
68603.80
68609.99
68615.92
68620.30
68626.75
68632.16
68638.87
68646.86
68654.34
68662.07
68668.77
68703.84
68744.83
68785.82
68827.33
68867.29
68904.67
68918.59
68921.43
68924.27
68927.88
68929.68
68931.48
68935.35
68937.67
68940.51
68943.34
68946.70
68948.50
68950.82
68953.14
68955.98
68958.81
68960.88
68963.20
68965.77
68967.32
68970.16
68971.96
68974.28
68976.09
68977.89
68980.73
68983.05
68985.62
68987.17
68989.23
68991.55
68993.10
68995.42
68997.74
69000.06
69002.38
69005.48
69009.34
69011.66
69013.21
69015.53
69018.88
69020.69
69022.49
69024.04
69026.10
69028.68
69031.77
69034.09
69036.93
69038.99
69040.54
69042.86
69044.66
69046.47
69048.53
69051.11
69052.66
69054.20
69055.49
69058.84
69060.91
69063.74
69066.84
69070.19
69073.02
69076.12
69078.18
69080.24
69082.82
69087.72
69090.81
69093.13
69095.20
69097.00
69098.55
69101.38
69103.70
69105.25
69106.80
69108.34
69110.66
69111.95
69113.76
69115.30
69116.59
69118.14
69121.75
69125.36
69128.71
69131.80
69143.92
69181.82
69225.13
69268.96
69312.02
69365.90
69420.04
69473.92
69527.80
69580.91
69634.28
69687.65
69741.02
69746.43
70033.12
70798.56
71597.27
72432.58
73019.36
73421.29
73834.30
74250.93
74687.66
75098.88
75531.48
75970.54
76409.34
76829.05
77017.52
8.69
58.46
100.57
146.32
196.59
238.85
283.45
328.05
376.16
420.76
465.36
509.70
553.53
596.84
639.64
681.92
746.89
770.52
813.83
857.14
900.71
945.57
989.66
1033.49
1077.57
1121.14
1164.71
1208.29
1251.08
1292.85
1335.13
1378.18
1420.46
1498.07
1514.77
1558.60
1602.17
1644.96
1687.50
1729.79
1772.58
1815.12
1857.40
1899.43
1941.45
1983.73
2025.24
2068.04
2112.12
2155.43
2198.75
2242.32
2285.63
2327.91
2369.68
2411.70
2452.18
2494.71
2535.71
2576.96
2617.95
2659.46
2703.29
2768.51
2792.75
2834.77
2875.76
2918.04
3020.91
3057.08
3099.11
3141.39
3183.41
3225.18
3269.52
3313.35
3356.92
3400.23
3443.54
3486.60
3528.88
3570.64
3612.15
3654.43
3695.94
3737.45
3778.70
3820.21
3862.23
3906.32
3949.37
3992.43
4035.22
4078.28
4119.01
4121.33
4203.87
4344.24
4505.98
4633.96
4792.18
4949.81
5093.16
5527.43
5889.36
6327.93
6747.37
7166.08
7580.13
8050.99
8468.62
8887.56
9332.68
9795.08
10187.19
10593.76
11013.73
11430.81
11863.88
12297.33
12787.55
13210.88
13646.58
14062.17
14474.16
14957.18
15334.36
15734.04
16117.49
16531.54
17114.19
17484.85
17911.53
18328.67
18745.81
19175.07
19599.43
20022.99
20442.71
20881.51
21255.08
21670.83
22101.89
22528.31
22942.88
23348.64
23944.79
24356.00
24785.51
25203.94
25617.21
26031.52
26465.93
26878.95
27196.06
27621.22
27998.14
28413.22
28839.64
29264.00
29679.85
30091.91
30525.29
30943.98
31359.06
31780.84
32210.87
32626.72
33041.54
34262.29
34574.39
34991.27
35407.12
35819.30
36250.36
36665.96
37082.07
37505.91
37929.75
38342.25
38752.62
39187.04
39602.89
40016.16
40435.11
40856.89
41260.62
41665.39
42084.33
42489.87
42887.79
43215.47
43617.91
44023.96
44438.01
44851.03
45252.70
45659.01
46080.54
46487.36
46896.51
47315.97
47723.83
48031.14
49607.67
50002.12
50209.92
50619.32
51040.07
51443.29
51851.93
52281.70
52609.64
53016.21
53437.99
53849.46
54260.93
54670.07
55093.66
55496.46
55892.38
56315.45
56725.63
57132.20
57544.96
57964.16
58164.74
58494.48
58576.98
58677.53
58759.51
58900.61
58901.14
58949.36
58952.45
58952.71
58952.96
58953.22
58953.48
58953.74
58954.00
58954.25
58954.51
58954.77
58955.03
58955.29
58955.54
58960.44
58960.70
58960.96
58961.21
58966.37
58966.63
58966.89
58974.11
58974.36
58981.84
58982.10
58982.36
58989.57
58989.83
58997.31
58997.57
59005.04
59005.30
59005.82
59012.78
59013.04
59013.29
59020.51
59020.77
59028.25
59028.50
59028.76
59035.98
59036.24
59036.75
59043.71
59043.97
59044.23
59051.45
59051.71
59051.96
59059.18
59059.44
59059.70
59059.96
59066.92
59067.18
59067.43
59074.65
59074.91
59075.17
59082.39
59082.64
59082.90
59090.12
59090.41
59090.66
59090.92
59097.88
59098.14
59098.39
59105.87
59106.13
59113.61
59113.86
59121.08
59121.34
59121.60
59121.86
59129.07
59129.33
59129.59
59136.81
59137.07
59137.32
59137.84
59144.80
59145.06
59145.32
59152.54
59152.79
59153.05
59160.27
59160.53
59167.75
59168.00
59168.26
59175.48
59175.74
59176.00
59176.25
59183.21
59183.47
59183.73
59190.95
59191.21
59198.43
59198.68
59198.94
59206.16
59206.42
59206.68
59213.89
59214.15
59214.41
59221.63
59221.89
59222.14
59229.36
59229.62
59236.84
59237.10
59237.36
59244.57
59244.83
59245.09
59252.31
59252.57
59252.82
59260.04
59260.30
59260.56
59267.78
59268.04
59275.25
59275.51
59275.77
59276.03
59282.99
59283.25
59283.50
59290.72
59290.98
59291.24
59298.46
59298.71
59298.97
59306.19
59306.45
59306.71
59313.93
59314.18
59314.44
59321.66
59321.92
59322.18
59329.39
59329.65
59337.13
59337.39
59344.86
59345.12
59345.38
59352.60
59352.86
59360.07
59360.33
59360.59
59367.81
59368.07
59368.32
59375.54
59375.80
59376.06
59383.28
59383.54
59383.79
59391.01
59391.27
59391.53
59398.75
59399.00
59399.26
59406.48
59406.74
59414.21
59414.47
59414.73
59421.95
59422.21
59422.46
59429.68
59429.94
59437.42
59437.68
59445.15
59445.41
59452.69
59452.95
59453.21
59460.43
59460.68
59460.94
59468.16
59468.42
59468.68
59475.89
59476.15
59476.41
59483.63
59483.89
59484.14
59491.36
59491.62
59491.88
59499.10
59499.36
59499.61
59506.83
59507.09
59514.57
59514.82
59522.30
59522.56
59530.04
59530.29
59537.51
59537.77
59538.03
59545.25
59545.50
59545.76
59552.98
59553.24
59553.50
59560.71
59560.97
59561.23
59568.45
59568.71
59568.96
59576.18
59576.44
59576.70
59576.96
59577.21
59577.47
59577.99
59578.50
59579.02
59579.28
59579.79
59605.06
59681.36
59731.63
59788.25
59807.07
59817.38
59829.86
59851.51
59873.68
59896.11
59917.25
59940.20
59960.57
59988.25
60014.29
60041.83
60070.45
60098.55
60126.91
60163.26
60205.28
60245.42
60292.34
60323.54
60358.08
60394.69
60492.40
60586.34
60671.42
60765.26
60851.37
60943.95
61038.82
61132.15
61216.97
61313.65
61409.82
61494.14
61592.11
61689.57
61785.21
61873.39
61975.48
62070.87
62157.24
62245.11
62340.25
62437.70
62527.93
62623.07
62720.26
62816.43
62904.08
62997.12
63101.28
63201.57
63293.86
63391.06
63496.50
63585.96
63687.54
63792.47
63880.39
63979.13
64078.13
64172.01
64267.40
64356.60
64459.98
64560.79
64654.89
64764.21
64866.30
64956.02
65061.72
65159.43
65253.49
65359.71
65454.59
65555.39
65664.70
65752.88
65857.03
65961.96
66058.38
66162.28
66273.14
66376.52
66470.11
66541.52
66592.83
66643.88
66696.47
66752.16
66797.02
66849.87
66901.95
66956.86
67011.52
67062.26
67112.79
67163.32
67213.60
67269.03
67320.07
67373.96
67430.68
67484.56
67535.61
67585.62
67634.61
67689.00
67744.69
67797.54
67847.82
67899.12
67951.20
68016.43
68082.17
68163.12
68223.45
68292.54
68359.83
68437.02
68506.89
68586.29
68666.99
68751.55
68820.39
68902.89
68976.88
69043.91
69125.89
69197.82
69267.95
69352.51
69420.83
69490.44
69571.91
69646.42
69719.12
69792.34
69867.88
69940.32
70018.18
70088.57
70158.95
70231.65
70267.75
70299.10
70331.58
70366.90
70404.80
70440.38
70476.21
70510.76
70546.34
70581.66
70616.72
70662.36
70693.04
70725.26
70768.32
70799.51
70829.16
70865.00
70895.93
70927.90
70965.54
70995.45
71026.39
71077.43
71125.90
71174.63
71209.18
71240.63
71272.60
71302.76
71352.78
71393.25
71433.99
71472.66
71503.08
71517.26
71527.83
71538.66
71549.23
71560.06
71570.89
71590.22
71601.57
71613.94
71625.80
71636.63
71647.71
71659.06
71672.98
71684.84
71695.93
71707.01
71719.39
71730.47
71742.33
71759.61
71772.24
71783.58
71794.67
71806.53
71818.64
71829.21
71840.56
71851.90
71862.21
71872.79
71884.39
71894.70
71905.53
71920.22
71932.60
71944.20
71955.80
71966.11
71976.43
71986.74
71997.57
72010.97
72025.41
72035.46
72046.81
72057.89
72067.95
72078.26
72095.79
72108.43
72119.25
72129.82
72140.14
72150.96
72162.57
72176.23
72188.09
72198.92
72209.75
72221.61
72231.66
72243.78
72254.09
72264.66
72275.23
72284.77
72294.82
72309.52
72319.06
72329.11
72339.68
72349.74
72363.66
72372.68
72383.51
72392.79
72402.59
72412.64
72423.73
72435.59
72446.16
72457.25
72468.33
72479.93
72494.37
72505.97
72516.54
72528.14
72542.32
72554.44
72565.79
72576.61
72590.28
72601.11
72612.45
72623.54
72634.11
72649.83
72661.95
72673.29
72684.64
72701.39
72713.25
72724.86
72736.20
72748.57
72762.75
72774.10
72785.44
72796.53
72810.96
72822.31
72832.88
72843.71
72852.73
72862.01
72870.00
72880.06
72889.08
72897.33
72906.36
72914.86
72925.18
72934.20
72942.71
72951.47
72960.24
72968.75
72979.06
72988.60
72997.62
73006.39
73014.89
73024.43
73033.20
73041.96
73050.73
73060.27
73070.58
73080.89
73090.43
73099.97
73110.54
73121.03
73131.86
73141.91
73150.68
73160.22
73170.02
73180.07
73190.12
73200.44
73209.72
73220.80
73230.09
73239.62
73250.20
73259.73
73268.76
73278.30
73287.06
73295.83
73306.14
73315.68
73324.96
73334.50
73344.55
73353.84
73363.63
73371.88
73381.68
73391.48
73401.02
73412.10
73421.38
73430.41
73439.43
73449.23
73459.28
73469.34
73479.65
73489.45
73499.50
73509.81
73519.35
73529.15
73540.75
73552.61
73562.41
73572.20
73582.00
73591.80
73601.08
73610.36
73619.12
73628.15
73638.20
73648.00
73656.51
73665.27
73674.81
73684.09
73692.60
73701.62
73709.88
73719.41
73729.98
73739.52
73749.58
73759.63
73767.37
73776.39
73787.22
73798.05
73807.84
73817.64
73827.95
73839.55
73850.64
73861.47
73871.78
73882.35
73893.44
73902.46
73911.48
73921.80
73932.11
73941.39
73949.90
73960.21
73969.49
73978.26
73988.05
73997.59
74006.88
74016.67
74027.24
74037.30
74045.80
74058.44
74068.23
74079.06
74089.12
74100.46
74109.23
74119.28
74128.82
74137.59
74146.09
74154.86
74162.59
74170.84
74178.58
74186.83
74194.56
74202.04
74211.06
74219.83
74227.82
74235.04
74243.03
74251.54
74258.76
74266.49
74274.48
74281.96
74289.95
74297.43
74305.94
74313.93
74321.66
74330.17
74339.45
74347.96
74357.24
74366.52
74374.26
74381.73
74390.50
74398.49
74407.00
74415.51
74423.76
74432.78
74441.80
74451.60
74460.62
74470.16
74479.19
74487.95
74497.49
74506.00
74528.95
74552.15
74561.17
74564.27
74576.12
74601.13
74624.59
74658.62
74690.59
74711.48
74728.23
74746.02
74764.07
74780.57
74797.33
74812.54
74814.86
74817.95
74835.48
74849.41
74867.20
74884.21
74897.62
74912.05
74929.07
74944.02
74960.27
74972.12
74981.15
74992.23
75003.06
75014.92
75024.98
75036.32
75046.63
75056.69
75068.55
75078.09
75088.40
75097.42
75105.41
75114.70
75120.37
75145.38
75155.43
75168.06
75179.41
75196.94
75211.63
75224.27
75240.25
75247.73
75257.27
75267.84
75276.60
75283.56
75293.62
75301.87
75311.92
75323.01
75334.87
75343.63
75352.40
75362.20
75369.16
75376.38
75400.09
75433.09
75438.25
75440.05
75469.96
75501.16
75536.22
75568.96
75602.22
75632.90
75668.73
75719.01
75777.02
75831.41
75889.68
75947.43
76006.47
76059.32
76114.75
76176.11
76241.85
76304.50
76358.90
76421.80
76488.06
76551.48
76609.49
76672.14
76736.08
76808.27
76882.77
76955.48
77023.54
77089.28
77140.33
77185.70
77233.91
77286.25
77353.02
77417.48
77477.55
77534.78
77585.57
77633.27
77689.47
77733.55
