6.94
153.59
8.59
77.22
375.02
424.26
9.77
75.77
136.56
462.25
692.40
694.20
769.48
858.46
9.23
73.50
132.21
189.96
447.45
814.45
1139.71
1202.88
1295.47
1333.37
9.20
72.29
130.41
186.87
243.49
384.75
761.34
1116.04
1485.56
1672.34
1691.16
1759.73
1849.38
1894.24
1953.78
2012.93
9.80
71.43
127.88
183.31
238.89
293.29
342.79
602.70
968.66
1362.56
1701.21
2060.34
2227.43
2230.27
2276.93
2364.07
2436.98
2520.77
2584.79
2627.33
2677.34
2914.79
9.89
68.91
123.03
176.14
229.64
281.72
333.54
386.36
433.54
634.36
986.77
1327.89
1684.02
2025.06
2366.71
2724.61
2895.64
2899.51
2903.89
2979.69
3052.91
3127.52
3230.72
3299.55
3339.36
3398.39
3473.42
3494.41
3811.78
8.59
67.67
121.17
173.51
226.33
277.89
330.74
381.37
432.93
484.49
527.80
698.73
1053.41
1393.93
1747.89
2103.04
2430.95
2816.34
3108.87
3467.77
3762.20
3764.52
3788.00
3823.32
3910.20
3978.52
4079.46
4158.10
4245.84
4283.22
4333.39
4390.89
4449.67
4473.39
4880.73
8.12
66.75
119.04
170.34
222.30
272.83
323.62
373.89
426.01
476.28
526.55
576.31
626.33
718.27
1000.70
1383.57
1736.10
2091.68
2460.45
2813.39
3173.82
3548.82
3933.39
4268.70
4490.72
4534.89
4539.27
4545.72
4549.07
4608.11
4691.52
4746.95
4782.75
4931.00
5033.31
5126.55
5190.23
5228.13
5281.50
5328.93
5387.59
5443.62
5502.14
5517.87
5975.23
9.46
65.94
117.09
166.85
217.08
267.10
315.82
364.55
415.36
463.83
512.55
561.54
609.75
657.45
706.43
768.05
848.65
1086.38
1435.66
1796.42
2164.93
2558.69
2881.21
3242.44
3621.61
3971.46
4313.48
4842.42
5065.47
5383.45
5545.79
5572.85
5591.15
5688.09
5785.87
5817.17
5863.84
5983.44
6105.38
6194.07
6301.68
6365.65
6400.97
6439.90
6495.33
6555.20
6611.41
6670.19
6728.97
6763.00
6947.08
7393.87
9.77
65.53
115.96
164.43
214.16
263.40
311.36
359.57
408.98
456.94
504.38
551.81
598.99
646.69
693.87
741.56
791.48
839.17
881.71
994.20
1170.98
1535.84
1887.21
2251.26
2630.69
2971.24
3329.33
3707.96
4054.46
4410.58
4864.80
5154.33
5507.41
5899.40
6234.66
6455.03
6541.53
6543.59
6550.30
6558.29
6568.60
6569.38
6571.95
6621.97
6706.81
6774.10
6869.75
6890.89
6997.35
7140.95
7260.50
7374.97
7427.82
7532.24
7567.04
7602.11
7656.78
7713.18
7769.64
7826.87
7880.50
7934.18
7989.09
8004.82
8255.41
8763.56
8.97
64.96
114.40
162.87
212.00
259.96
307.65
355.35
404.32
452.27
500.22
547.92
595.10
641.25
689.46
736.64
785.68
833.12
880.56
928.00
974.14
1013.85
1126.11
1274.88
1595.56
1963.29
2333.76
2741.38
3039.41
3446.29
3777.38
4125.16
4549.68
4831.46
5220.57
5575.57
5931.36
6304.62
6658.25
7071.03
7415.21
7627.90
7736.44
7765.82
7768.91
7774.84
7782.58
7788.51
7789.80
7796.76
7872.30
7940.62
7990.25
8060.12
8101.46
8154.57
8274.97
8425.42
8553.81
8626.25
8727.83
8773.46
8858.04
8917.60
8951.11
9005.77
9060.73
9118.48
9172.62
9226.77
9286.32
9339.69
9392.54
9447.20
9454.93
9837.52
10352.12
9.63
64.02
111.76
158.68
206.92
253.33
299.22
346.40
393.71
440.38
486.52
533.70
579.34
624.45
673.18
717.78
765.41
811.30
857.97
903.86
949.23
995.64
1041.02
1086.39
1132.02
1165.04
1303.92
1455.44
1736.39
2106.99
2453.70
2815.77
3165.40
3513.57
3895.98
4249.18
4581.16
4937.14
5331.18
5683.72
6003.41
6372.45
6726.95
7135.46
7475.00
7833.11
8190.18
8509.96
8799.89
8928.29
8978.08
8984.00
8991.48
8999.21
9006.69
9014.43
9025.77
9027.83
9031.70
9128.12
9184.92
9204.00
9293.17
9343.75
9416.20
9457.61
9501.70
9647.10
9755.38
9903.62
10028.66
10106.10
10198.31
10277.98
10323.09
10371.30
10396.31
10436.27
10502.53
10560.61
10616.30
10676.37
10732.31
10788.52
10842.66
10896.54
10952.74
11007.39
11008.16
11069.78
11632.33
12064.16
9.01
62.11
109.44
155.59
202.95
248.59
294.22
340.37
387.36
432.99
478.37
523.48
568.60
613.20
657.55
703.70
768.92
796.38
841.50
886.62
931.48
976.08
1020.94
1065.28
1109.11
1153.71
1197.80
1242.40
1286.74
1318.08
1453.78
1600.32
1765.27
2110.96
2449.27
2786.31
3173.91
3473.72
3903.62
4178.49
4499.98
4895.35
5214.42
5554.15
5894.68
6233.44
6588.76
6927.53
7322.60
7661.88
7990.08
8330.91
8637.64
8959.23
9304.21
9651.48
9990.22
10269.68
10378.48
10419.38
10421.18
10427.88
10435.62
10443.35
10450.83
10458.56
10466.30
10478.16
10484.34
10535.39
10617.87
10643.68
10697.82
10747.23
10795.70
10881.15
10947.41
10984.79
11087.66
11215.27
11329.23
11435.45
11565.61
11690.91
11775.98
11844.05
11921.65
11974.50
12008.53
12031.73
12063.78
12117.66
12180.31
12241.41
12300.20
12355.40
12410.31
12468.32
12527.73
12584.97
12640.40
12694.54
12759.77
12763.12
13266.37
13800.30
13982.83
8.46
62.21
108.74
153.34
200.49
246.12
290.73
335.59
382.25
427.37
471.97
516.31
560.91
604.48
649.09
693.17
737.77
785.20
829.02
873.88
918.48
962.05
1006.66
1049.45
1093.54
1137.37
1180.94
1224.51
1267.82
1311.13
1353.93
1398.79
1442.62
1476.13
1585.66
1738.57
1901.11
2134.56
2486.75
2863.67
3210.80
3570.45
3939.36
4298.12
4636.01
4983.45
5395.05
5737.72
6095.59
6450.60
6823.34
7472.26
7589.99
7949.64
8293.56
8653.21
8943.98
9316.34
9681.14
10045.18
10494.75
10856.98
11217.66
11548.17
11690.74
11757.77
11785.34
11787.14
11794.11
11801.84
11809.32
11817.05
11824.53
11833.29
11840.00
11847.73
11855.98
11858.30
11862.94
11926.62
12009.12
12078.37
12085.07
12130.21
12169.39
12259.11
12310.16
12379.36
12445.62
12594.89
12701.12
12819.71
12926.96
13029.23
13127.71
13249.14
13360.52
13460.68
13513.28
13561.75
13601.45
13631.88
13669.76
13708.69
13762.83
13821.36
13878.07
13936.86
13996.04
14053.54
14112.83
14168.26
14222.66
14278.09
14331.97
14386.11
14439.48
14455.21
14692.39
15256.23
15795.32
15852.55
9.94
62.13
107.69
152.29
198.27
242.36
286.96
330.79
374.87
420.81
465.67
509.24
552.55
597.15
640.21
684.29
727.09
774.11
817.43
862.03
905.34
948.91
992.74
1035.79
1078.59
1122.42
1165.73
1208.79
1250.81
1294.64
1337.43
1381.52
1424.06
1466.86
1551.93
1558.70
1601.50
1646.10
1671.62
1790.84
1949.27
2110.73
2276.13
2595.35
2949.86
3316.43
3693.61
4141.90
4434.73
4730.66
5084.72
5556.26
5831.47
6179.83
6534.32
6887.16
7258.37
7674.59
8025.21
8370.68
8723.63
9044.98
9429.50
9739.65
10103.68
10551.26
10913.23
11274.42
11634.33
11992.95
12353.62
12712.76
13112.86
13181.44
13259.55
13319.82
13324.20
13331.93
13339.41
13346.88
13354.62
13362.09
13369.83
13377.30
13389.42
13392.77
13397.16
13481.20
13545.41
13609.67
13674.83
13680.76
13726.19
13791.93
13837.56
13897.12
13976.27
14054.20
14170.73
14313.55
14389.09
14516.45
14623.45
14735.59
14811.91
14870.95
14967.88
15078.48
15195.69
15307.32
15359.66
15392.40
15414.83
15464.85
15518.73
15573.90
15627.79
15681.15
15736.58
15792.01
15847.18
15903.90
15952.37
16005.74
16059.11
16114.28
16169.45
16224.62
16281.34
16334.45
16369.25
16791.29
17320.58
17858.89
17959.18
8.40
60.11
105.91
150.51
195.25
239.07
282.39
325.96
369.53
414.71
457.77
501.34
544.14
586.42
628.96
671.50
715.07
771.53
802.64
845.95
889.00
931.54
973.82
1017.65
1058.64
1100.67
1142.95
1184.97
1226.74
1268.50
1310.01
1351.52
1395.09
1437.11
1479.14
1554.16
1568.25
1610.79
1653.07
1695.09
1737.37
1779.65
1821.93
1854.42
1938.77
2098.78
2250.79
2414.23
2566.34
2866.64
3201.66
3565.96
3922.80
4240.66
4561.70
4886.11
5219.20
5590.66
5934.61
6251.65
6587.84
6922.92
7292.36
7664.66
7997.25
8333.18
8668.33
8989.43
9294.43
9595.86
9946.07
10288.96
10718.48
11060.86
11401.95
11740.97
12079.73
12416.95
12754.95
13092.94
13443.05
13779.07
14113.97
14449.64
14635.09
14779.46
14829.48
14881.14
14881.66
14888.36
14895.84
14903.31
14911.05
14919.30
14926.26
14933.73
14941.47
14949.20
14956.68
14964.41
14969.57
14973.44
15040.73
15124.18
15193.02
15250.51
15354.97
15393.95
15442.41
15492.17
15534.19
15596.09
15647.91
15710.30
15844.75
15991.96
16140.21
16242.82
16301.08
16391.32
16509.14
16614.59
16690.38
16791.19
16839.40
16885.03
16971.91
17040.23
17129.44
17180.23
17209.36
17237.20
17289.39
17330.12
17385.29
17438.14
17495.89
17553.64
17608.30
17664.76
17716.84
17770.21
17827.70
17880.55
17931.34
17983.10
18033.11
18083.64
18133.66
18184.45
18236.01
18289.38
18297.37
18753.18
19279.64
19809.18
20091.75
9.70
60.18
104.36
147.68
190.21
234.21
276.49
318.77
361.83
405.88
448.16
490.70
532.72
574.74
616.51
657.76
700.81
742.84
787.13
829.41
870.92
913.20
954.97
996.99
1037.47
1078.72
1120.48
1162.51
1202.73
1243.98
1286.00
1326.73
1367.47
1410.52
1450.23
1492.25
1538.46
1580.48
1621.99
1663.24
1704.49
1746.26
1787.77
1829.02
1870.01
1911.77
1953.02
1994.02
2034.75
2050.95
2191.35
2363.21
2508.39
2676.61
2852.23
3107.32
3475.32
3821.65
4195.22
4542.95
4885.32
5223.14
5611.75
5962.38
6323.30
6660.90
7012.83
7363.20
7790.39
8143.08
8495.17
8850.18
9172.29
9505.13
9826.36
10194.39
10642.86
11001.45
11362.64
11721.78
12080.65
12440.04
12796.86
13152.89
13615.61
13875.05
14230.05
14587.38
15073.17
15430.24
15753.54
16111.12
16441.64
16549.15
16699.97
16743.54
16784.86
16791.30
16798.78
16806.25
16813.99
16821.46
16828.94
16836.42
16844.15
16851.63
16859.11
16866.84
16874.32
16881.79
16886.18
16889.01
16920.72
17014.57
17080.88
17121.07
17223.17
17295.45
17307.57
17323.04
17393.16
17469.27
17535.27
17577.55
17618.76
17672.12
17718.79
17854.91
18003.41
18150.62
18300.13
18427.18
18466.62
18564.59
18651.99
18773.68
18884.28
18958.27
19043.61
19124.30
19169.94
19216.34
19282.09
19342.61
19399.33
19418.41
19438.52
19501.94
19567.16
19630.59
19681.89
19735.00
19792.27
19852.86
19905.71
19961.14
20015.96
20068.30
20122.95
20177.61
20232.52
20285.38
20340.80
20391.85
20441.87
20493.17
20545.25
20596.81
20647.09
20655.08
20823.69
21432.12
21953.42
22484.52
22669.88
9.31
59.64
104.50
145.38
188.43
231.16
274.22
315.73
357.75
402.05
443.56
485.84
527.61
568.86
610.62
651.62
694.16
734.89
779.87
822.41
863.40
905.42
947.19
987.66
1029.69
1070.16
1111.93
1153.18
1193.66
1234.91
1275.64
1316.89
1357.11
1399.65
1440.90
1481.89
1558.98
1569.43
1611.71
1652.19
1693.95
1735.46
1776.20
1817.96
1858.18
1899.95
1941.20
1982.45
2023.70
2063.66
2105.16
2145.38
2186.38
2226.34
2250.05
2345.47
2497.05
2661.52
2831.14
2986.08
3160.64
3389.48
3772.82
4099.81
4467.62
4817.19
5140.48
5498.30
5886.09
6236.20
6594.04
6930.15
7281.95
7808.92
8059.28
8414.80
8766.10
9117.50
9435.22
9775.02
10130.28
10459.49
10907.79
11264.65
11622.23
11981.62
12339.46
12696.02
13052.06
13411.96
13764.20
14131.15
14488.22
14843.23
15330.44
15682.93
16022.47
16362.01
16716.50
17071.77
17426.77
17700.31
18008.91
18271.11
18335.30
18489.22
18538.20
18579.64
18583.25
18589.70
18597.17
18604.65
18612.38
18619.86
18627.59
18635.07
18642.55
18650.28
18657.76
18665.23
18672.97
18680.45
18691.79
18692.05
18696.69
18699.27
18719.12
18842.09
18878.63
18914.46
18998.25
19062.96
19147.01
19208.21
19261.07
19349.75
19424.46
19491.75
19538.16
19575.54
19601.84
19703.67
19839.96
19981.68
20126.66
20274.13
20419.54
20427.27
20554.89
20672.50
20764.79
20854.77
20976.97
21079.07
21144.14
21219.68
21317.13
21353.48
21394.73
21440.08
21463.54
21505.05
21531.34
21547.59
21607.14
21671.08
21734.76
21798.70
21861.86
21918.32
21959.31
21985.86
22040.78
22100.07
22160.40
22211.96
22265.59
22323.60
22380.06
22437.55
22492.72
22540.93
22595.07
22647.67
22701.81
22753.37
22805.19
22856.50
22886.14
23177.21
23774.31
24294.57
24826.44
25135.04
9.04
59.05
101.08
144.50
186.01
229.59
271.36
312.61
354.89
397.80
439.05
481.33
522.07
563.32
603.79
644.79
689.90
726.77
771.68
811.89
853.40
894.14
934.61
975.86
1015.57
1056.82
1096.78
1136.74
1177.73
1217.69
1256.88
1297.87
1338.09
1377.28
1419.56
1460.04
1500.25
1547.29
1586.99
1628.24
1667.68
1708.93
1749.41
1789.11
1830.11
1869.81
1909.77
1950.76
1990.46
2030.43
2071.16
2110.61
2150.57
2191.30
2230.75
2270.45
2310.93
2350.37
2389.82
2430.04
2463.04
2517.07
2672.84
2832.44
2998.52
3161.46
3340.39
3497.16
3717.89
4060.96
4432.85
4788.95
5143.44
5470.01
6031.21
6223.49
6575.27
6938.91
7277.20
7570.59
7984.98
8379.45
8711.25
9064.15
9420.48
9742.74
10085.25
10444.90
11237.86
11590.23
11954.43
12316.65
12676.56
13037.50
13395.86
13753.96
14112.70
14482.36
14841.75
15333.43
15691.79
16046.98
16403.80
16729.93
17091.64
17451.29
17809.39
18089.38
18375.29
18739.06
19103.09
19467.64
19837.06
20136.38
20225.84
20364.55
20413.79
20444.73
20451.69
20459.17
20466.64
20474.12
20481.60
20489.33
20496.81
20504.29
20512.02
20519.50
20527.23
20534.71
20542.70
20549.66
20557.14
20564.87
20572.35
20585.75
20589.62
20592.20
20596.58
20652.53
20739.46
20805.83
20855.81
20948.05
21016.89
21081.93
21152.31
21230.69
21246.83
21338.35
21432.45
21488.73
21549.32
21583.30
21636.15
21784.14
21925.66
22067.20
22207.97
22341.00
22484.34
22520.95
22623.05
22765.10
22849.15
22974.33
23097.05
23174.13
23261.33
23354.14
23409.57
23504.71
23555.75
23617.63
23657.59
23693.68
23719.46
23746.54
23761.23
23809.18
23859.46
23923.91
23986.82
24046.25
24106.57
24163.81
24224.39
24283.43
24338.09
24357.17
24390.17
24438.38
24494.84
24553.36
24612.92
24669.38
24728.16
24785.91
24839.54
24896.00
24952.20
25007.63
25061.26
25115.83
25171.52
25223.86
25253.76
25345.03
26014.57
26546.95
27089.39
27623.06
27751.19
9.72
58.82
101.10
142.46
183.45
227.11
268.36
308.32
349.57
392.72
434.23
475.22
515.44
555.14
596.39
636.36
676.32
717.31
777.89
801.86
842.08
882.30
923.81
963.77
1003.73
1043.18
1082.88
1123.61
1163.32
1202.50
1242.21
1281.65
1321.10
1361.06
1401.54
1441.75
1480.94
1565.50
1567.46
1607.16
1646.61
1686.05
1727.04
1766.75
1806.19
1846.15
1885.34
1925.04
1965.52
2004.96
2044.15
2084.37
2123.30
2162.49
2202.71
2241.89
2281.86
2320.53
2359.46
2398.90
2437.83
2477.79
2516.98
2555.91
2594.58
2633.77
2672.18
2687.14
2800.84
2954.47
3120.12
3294.34
3435.88
3619.80
3779.75
3968.08
4221.11
4574.54
4958.37
5339.54
5637.14
6029.30
6379.02
6730.36
7170.95
7455.75
7791.94
8205.00
8561.81
8935.92
9294.19
9633.36
9967.53
10320.48
10668.01
11117.23
11451.16
11813.90
12176.30
12540.07
12901.79
13264.53
13623.92
13983.42
14340.92
14738.54
15070.34
15559.61
15917.71
16273.72
16633.89
16982.71
17320.70
17679.57
18041.54
18335.45
18608.73
18972.50
19338.60
19701.11
20071.35
20436.15
20800.44
21165.76
21526.21
22936.45
22954.96
23016.61
23103.29
23163.62
23254.55
23311.61
23380.96
23449.69
23510.79
23570.27
23673.91
23710.78
23741.46
23836.08
23925.16
23998.64
24042.46
24085.78
24232.64
24382.69
24520.62
24664.73
24797.51
24926.41
25061.25
25179.07
25307.46
25369.08
25388.67
25524.70
25616.48
25734.04
25861.91
25998.81
26054.24
26127.46
26186.24
26238.58
26290.14
26352.27
26384.50
26411.57
26438.12
26455.40
26486.08
26538.84
26591.69
26648.15
26702.04
26763.39
26820.89
26880.44
26937.16
26996.97
27055.50
27115.05
27173.83
27227.71
27283.14
27339.35
27386.01
27441.96
27480.11
27531.07
27589.07
27645.28
27700.45
27756.14
27811.31
27867.00
27920.62
27976.05
28031.74
28088.71
28125.07
28637.86
29237.79
29782.80
30334.26
30877.99
30887.01
9.73
56.74
99.20
141.13
181.61
223.40
263.88
304.10
343.54
386.41
427.40
467.11
507.07
547.03
586.73
625.66
664.85
705.84
745.54
788.80
829.02
868.72
908.16
947.87
987.57
1027.27
1066.72
1105.91
1144.84
1183.77
1222.95
1261.88
1301.07
1340.00
1378.93
1419.41
1458.34
1497.27
1569.71
1582.11
1621.30
1660.75
1700.19
1739.38
1778.82
1818.27
1857.46
1896.64
1935.57
1974.76
2013.43
2052.36
2091.04
2129.96
2168.38
2207.57
2246.50
2285.43
2324.10
2362.77
2401.18
2439.60
2478.27
2517.20
2556.13
2594.54
2632.70
2670.86
2709.79
2748.46
2786.61
2835.60
2867.05
2905.72
2934.60
2983.26
3127.36
3299.59
3454.77
3617.19
3795.26
3961.68
4144.50
4315.18
4483.90
4823.41
5153.44
5486.59
5818.54
6180.55
6536.15
6846.08
7179.17
7581.78
7859.22
8242.91
8579.35
8916.57
9271.76
9606.93
9908.24
10247.68
10585.16
10910.00
11340.46
11660.00
12001.09
12343.98
12687.26
13028.86
13371.50
13713.87
14054.44
14390.50
14730.04
15121.98
16119.71
16241.18
16578.00
16917.02
17256.30
17566.45
17906.51
18245.79
18515.20
18804.98
19126.73
19471.43
19814.92
20159.10
20510.52
20854.45
21198.62
21542.29
21885.63
22438.19
22781.86
23123.98
23468.93
23812.08
24153.94
24447.84
24537.05
24691.22
24754.38
24858.02
24860.59
24867.55
24875.03
24882.51
24889.98
24897.72
24904.94
24912.93
24920.41
24927.88
24935.36
24942.84
24950.31
24957.79
24965.52
24973.00
24980.48
24988.21
24996.98
25004.71
25009.61
25011.93
25014.25
25018.38
25081.02
25156.80
25227.57
25311.16
25369.17
25411.98
25436.55
25490.69
25540.45
25607.33
25659.93
25719.22
25779.29
25845.04
25916.13
25992.70
26061.28
26146.05
26195.03
26323.68
26460.06
26603.92
26664.51
26807.59
26938.56
27014.10
27157.45
27292.78
27391.27
27438.70
27558.07
27658.10
27751.43
27882.91
27968.51
28076.02
28195.12
28319.91
28428.96
28494.19
28550.39
28595.25
28639.85
28668.89
28693.39
28720.20
28740.31
28787.23
28841.63
28898.61
28953.26
28998.12
29016.94
29068.25
29122.64
29175.75
29229.89
29291.77
29349.52
29403.40
29459.09
29516.58
29570.46
29625.64
29679.46
29734.12
29788.52
29842.40
29896.29
29953.00
30008.18
30062.57
30113.36
30165.18
30217.52
30272.18
30324.51
30378.91
30432.54
30484.61
30536.69
30589.80
30602.69
31068.82
31698.65
32243.41
32793.32
33343.24
33629.67
9.79
56.77
97.73
138.98
178.94
220.38
260.09
299.27
339.23
378.16
419.38
459.86
498.79
537.97
577.16
616.09
654.25
697.30
732.62
773.89
813.59
852.52
892.74
931.16
970.86
1009.02
1048.46
1086.36
1125.29
1163.45
1202.89
1241.30
1279.20
1317.88
1355.00
1393.67
1434.41
1473.08
1510.20
1556.44
1594.85
1634.04
1672.97
1711.38
1749.02
1788.21
1827.14
1865.55
1904.48
1943.16
1981.31
2018.95
2057.37
2096.30
2135.23
2172.87
2211.02
2249.18
2287.08
2325.49
2363.91
2402.06
2438.67
2477.09
2515.50
2553.66
2591.55
2628.16
2666.06
2704.22
2742.12
2779.76
2816.88
2858.39
2895.77
2933.93
2971.57
3009.73
3047.37
3085.01
3137.26
3174.64
3213.05
3226.46
3312.78
3472.05
3625.78
3797.79
3966.74
4147.23
4311.55
4501.71
4667.74
4837.38
5085.52
5415.16
5757.37
6083.64
6480.08
6815.50
7172.71
7524.89
7877.14
8380.18
8633.04
8989.59
9342.54
9713.68
10064.28
10380.92
10731.80
11084.49
11511.14
11866.66
12191.46
12549.56
12908.85
13267.98
13625.82
13983.93
14340.46
14695.98
15051.77
15444.19
15905.48
16261.52
16616.27
16970.51
17327.32
17682.84
18036.56
18362.44
18718.99
18997.69
19327.43
19630.62
19990.89
20352.86
20713.54
21079.61
21440.55
21798.46
22876.38
23074.33
23433.50
23794.43
24155.37
24514.76
24872.09
25230.71
25589.58
25947.17
26303.98
26608.71
26714.68
26836.11
26936.14
26971.71
27027.36
27034.83
27042.05
27049.52
27057.26
27064.48
27072.21
27079.69
27087.68
27094.38
27101.86
27109.59
27117.07
27124.55
27132.02
27139.50
27146.98
27154.45
27161.93
27169.41
27176.88
27184.36
27192.09
27199.31
27206.79
27219.42
27224.58
27226.64
27228.96
27233.86
27255.00
27350.91
27389.58
27467.17
27554.05
27611.52
27678.56
27693.52
27722.65
27791.41
27883.45
27921.61
28015.45
28058.77
28112.13
28188.19
28242.84
28307.42
28392.24
28461.59
28522.43
28634.32
28781.02
28912.25
28983.14
29118.75
29227.81
29366.48
29509.31
29652.66
29759.91
29873.60
30011.02
30081.66
30083.46
30156.16
30223.97
30316.27
30400.57
30470.44
30576.40
30690.35
30808.43
30913.84
31047.65
31129.12
31208.01
31251.06
31287.41
31310.10
31336.91
31355.73
31401.08
31455.48
31511.68
31565.82
31621.77
31677.97
31734.60
31791.32
31843.91
31900.89
31956.83
32010.97
32065.84
32119.73
32173.87
32230.07
32288.34
32339.38
32391.72
32441.73
32491.75
32539.19
32590.75
32640.25
32690.27
32709.60
32733.32
32783.59
32832.32
32882.85
32933.64
32987.27
33037.02
33086.27
33139.38
33191.71
33238.12
33287.62
33337.89
33370.12
33761.99
34420.96
34946.12
35481.09
36021.98
36555.39
36690.74
9.68
56.65
97.00
137.47
176.40
216.95
255.88
295.07
332.71
372.41
413.97
451.61
490.29
529.21
567.89
605.01
643.94
682.10
719.74
758.67
800.22
838.89
877.05
914.95
952.59
991.52
1029.67
1067.31
1105.21
1143.11
1179.72
1218.65
1256.03
1292.90
1331.31
1368.70
1410.20
1445.78
1482.65
1519.52
1564.85
1602.23
1640.65
1678.80
1716.45
1753.57
1791.73
1829.88
1866.75
1904.65
1942.80
1979.93
2017.57
2055.47
2092.08
2129.98
2167.62
2204.23
2242.12
2279.77
2316.38
2354.02
2391.91
2428.27
2465.39
2502.77
2539.12
2577.54
2613.63
2650.76
2687.88
2723.72
2761.62
2799.00
2854.95
2875.05
2913.21
2950.59
2987.20
3024.84
3062.48
3187.27
3187.28
3224.92
3263.33
3300.20
3338.10
3376.25
3412.86
3450.50
3482.99
3628.38
3797.90
3946.36
4121.29
4306.79
4477.20
4667.29
4834.61
5004.51
5170.80
5375.12
5632.10
5962.30
6292.65
6721.16
7028.85
7423.01
7727.43
8079.35
8583.09
8850.44
9187.96
9542.20
9891.61
10262.86
10596.99
10933.70
11490.05
11728.03
12068.08
12423.61
12751.26
13108.07
13467.33
13826.46
14185.34
14540.23
14899.36
15255.66
15611.18
16098.75
16466.16
16821.43
17178.50
17534.38
17888.87
18243.62
18565.89
18923.47
19201.65
19559.75
19832.00
20193.10
20553.27
20913.43
21321.32
21641.27
21997.95
23370.80
23631.87
23992.29
24352.20
24713.13
25071.23
25428.82
25784.09
26140.90
26499.00
26856.59
27214.17
27570.73
27927.54
28284.09
28640.39
28890.21
28942.80
29091.89
29170.01
29202.75
29264.81
29266.09
29273.57
29281.05
29288.52
29295.74
29303.22
29310.95
29318.43
29326.42
29333.12
29340.60
29348.34
29355.81
29363.29
29370.77
29378.24
29385.72
29393.20
29400.67
29408.15
29415.62
29423.10
29430.58
29438.05
29445.53
29453.01
29460.74
29475.18
29475.95
29481.37
29483.43
29485.75
29487.81
29498.12
29614.40
29652.58
29687.93
29768.09
29805.81
29915.46
29980.43
30053.21
30057.34
30078.48
30147.06
30254.50
30343.96
30370.00
30442.70
30500.82
30544.14
30624.32
30658.09
30719.71
30796.28
30867.95
30914.10
31062.08
31208.46
31354.39
31499.28
31645.46
31791.64
31923.38
32036.82
32158.50
32298.75
32391.57
32486.44
32604.78
32688.05
32798.65
32923.69
33007.48
33076.60
33150.85
33277.70
33289.04
33304.77
33376.70
33461.52
33543.86
33652.91
33720.71
33783.36
33801.67
33829.25
33862.00
33885.46
33935.99
33987.81
34040.92
34097.38
34152.29
34209.79
34265.47
34323.48
34380.61
34435.26
34488.89
34545.61
34601.04
34657.24
34713.18
34767.07
34820.18
34874.06
34928.97
34980.28
35032.36
35084.69
35135.22
35186.53
35237.06
35286.04
35337.35
35384.79
35434.03
35482.24
35532.77
35584.07
35634.86
35684.88
35735.41
35786.20
35838.02
35889.32
35942.69
35995.54
36046.59
36099.18
36152.29
36163.12
36518.39
37200.30
37732.43
38268.42
38813.95
39349.68
39769.66
11.09
56.39
96.43
134.71
173.90
212.47
251.92
290.59
327.20
366.64
405.87
445.31
482.70
520.85
558.75
594.84
633.00
669.35
708.02
744.89
786.16
824.32
861.70
898.57
935.95
972.82
1010.71
1047.32
1084.19
1120.80
1158.18
1195.05
1231.92
1268.79
1305.14
1342.00
1377.84
1416.00
1453.12
1489.99
1526.60
1571.47
1608.59
1645.72
1682.33
1719.71
1755.29
1792.67
1829.28
1866.92
1902.76
1940.40
1975.72
2013.10
2049.45
2086.06
2122.67
2159.54
2195.89
2232.50
2269.11
2305.46
2342.07
2378.42
2414.77
2451.12
2487.48
2523.83
2560.18
2596.02
2632.11
2668.20
2704.55
2740.65
2776.74
2812.84
2862.34
2888.89
2925.76
2961.85
2998.72
3035.07
3071.42
3191.56
3196.26
3233.64
3270.51
3307.64
3344.25
3381.37
3418.24
3454.07
3491.46
3526.52
3563.90
3599.48
3636.61
3672.96
3710.08
3746.18
3747.21
3866.73
4019.67
4183.25
4353.96
4543.68
4711.00
4908.74
5071.16
5238.74
5408.12
5611.48
5779.06
5965.36
6266.92
6694.20
7006.41
7366.20
7704.70
8067.58
8422.33
8834.32
9196.20
9537.33
9894.66
10248.73
10587.09
10944.68
11300.09
11747.12
12105.48
12460.49
12805.70
13137.08
13502.14
13862.38
14225.12
14583.43
14946.68
15307.88
15665.21
16155.53
16515.70
16885.66
17245.05
17607.02
17965.45
18324.33
18683.20
19041.56
19292.67
19656.45
20018.41
20331.45
20660.68
21024.97
21390.03
21794.34
22118.81
23496.82
23771.70
24136.45
24501.00
24865.03
25229.32
25590.00
25951.97
26312.91
26674.88
27034.27
27396.49
27759.23
28119.66
28477.76
28838.95
29201.44
29563.92
29917.95
30279.41
30639.57
31000.25
31233.83
31275.34
31426.93
31510.98
31541.66
31830.77
31833.54
31842.56
31846.94
31848.75
31850.81
31853.13
31856.48
31868.60
31986.42
32021.63
32057.25
32139.61
32184.21
32288.73
32335.11
32373.00
32441.58
32506.55
32555.84
32664.12
32772.66
32866.83
32892.09
32977.69
33033.63
33070.76
33109.17
33149.39
33222.87
33254.06
33316.45
33386.16
33463.25
33609.69
33754.35
33901.30
34045.68
34192.37
34341.64
34491.43
34639.68
34773.48
34888.72
35006.80
35137.00
35263.07
35278.54
35420.33
35528.10
35614.21
35652.88
35770.70
35841.78
35913.97
35974.04
36023.80
36072.52
36110.42
36210.97
36253.77
36318.99
36403.55
36489.15
36543.80
36573.97
36601.55
36615.22
36648.99
36715.25
36783.05
36828.17
36877.93
36926.91
36978.22
37031.33
37088.05
37143.48
37200.71
37255.62
37311.83
37367.00
37425.01
37484.30
37541.28
37598.26
37651.11
37703.45
37757.59
37813.79
37866.38
37916.66
37969.77
38023.39
38073.92
38127.80
38180.14
38231.96
38238.66
38265.73
38315.23
38364.48
38412.17
38459.35
38507.82
38555.84
38603.54
38652.27
38699.96
38746.62
38793.80
38841.50
38888.42
38934.31
38981.49
39028.41
39071.98
39376.98
40076.42
40651.86
41200.48
41743.70
42308.56
42845.59
42998.47
8.73
55.08
93.16
132.64
169.51
209.55
246.16
284.32
320.93
358.05
397.63
434.50
472.14
508.75
547.16
583.77
620.38
656.73
692.31
730.98
786.15
808.42
846.32
882.67
919.02
955.63
991.72
1029.62
1065.20
1102.84
1139.19
1175.29
1211.64
1247.73
1284.34
1319.92
1356.79
1392.62
1430.78
1467.13
1502.96
1583.92
1584.04
1619.36
1657.26
1693.36
1729.45
1766.57
1802.67
1839.02
1874.86
1911.98
1947.82
1983.14
2020.52
2055.84
2092.96
2128.54
2163.61
2200.99
2236.05
2272.92
2308.50
2344.07
2380.43
2416.26
2451.84
2488.19
2523.00
2559.61
2594.67
2630.25
2665.82
2701.92
2736.72
2773.33
2807.88
2844.23
2882.90
2920.03
2954.83
2991.96
3027.02
3062.60
3098.69
3200.01
3223.52
3259.36
3295.71
3332.06
3368.67
3404.50
3440.08
3477.46
3512.79
3550.17
3585.75
3620.81
3658.45
3693.51
3730.64
3766.47
3801.28
3838.66
3873.72
3910.85
3946.43
3981.49
4018.36
4026.61
4098.31
4239.02
4397.23
4559.83
4714.20
4895.69
5056.60
5247.02
5406.61
5569.29
5774.90
5934.82
6093.64
6252.45
6411.78
6866.92
7038.67
7367.77
7714.36
8035.42
8392.57
8763.55
9095.87
9528.53
9773.45
10090.38
10424.19
10727.89
11080.55
11416.74
11843.10
12179.55
12514.19
12849.60
13170.32
13518.33
13820.74
14162.60
14502.23
14838.17
15178.74
15518.80
15859.88
16337.71
16674.41
17014.21
17365.33
17704.61
18043.38
18377.64
18714.09
19050.79
19385.69
19653.55
19961.38
20302.47
20640.08
20908.46
21244.91
21587.03
21929.40
22283.25
23618.98
23847.66
24190.30
24532.90
24876.82
25216.88
25559.25
25900.08
26240.13
26579.93
26918.70
27257.46
27597.00
27936.02
28275.05
28613.04
28952.58
29291.55
29629.03
29967.02
30317.02
30638.77
30978.83
31318.11
31655.84
31996.16
33255.31
33333.14
33670.10
33946.04
34229.89
34349.25
34416.80
34575.10
34617.64
34658.11
34715.83
34716.60
34723.05
34730.27
34737.74
34745.22
34752.70
34760.17
34767.65
34775.12
34782.34
34789.82
34797.55
34804.77
34812.25
34819.73
34827.20
34834.68
34842.16
34849.63
34857.11
34864.59
34872.06
34879.28
34886.76
34894.49
34901.71
34909.19
34916.66
34924.14
34931.62
34939.09
34946.57
34953.79
34966.42
34971.32
34973.12
34975.19
34977.25
34979.05
34983.44
35067.23
35136.50
35194.52
35277.37
35322.49
35431.50
35479.19
35526.67
35561.22
35597.41
35650.33
35713.49
35765.05
35848.84
35955.42
36062.16
36161.67
36192.09
36249.07
36321.52
36376.95
36410.03
36443.29
36484.02
36547.96
36572.45
36617.57
36657.02
36742.05
36887.20
36983.11
37128.51
37271.08
37417.00
37562.15
37708.85
37856.57
38004.30
38019.00
38125.99
38268.04
38410.61
38483.83
38583.61
38653.57
38741.22
38853.63
38941.54
39071.22
39183.89
39251.43
39344.50
39438.61
39542.25
39590.20
39657.23
39713.95
39750.30
39794.90
39837.70
39879.72
39903.18
40002.70
40056.32
40115.88
40177.24
40205.34
40235.25
40263.35
40314.91
40382.11
40448.11
40514.63
40582.43
40645.86
40711.34
40764.45
40816.01
40866.54
40919.39
40974.57
41028.19
41087.23
41147.04
41205.05
41263.83
41318.75
41372.89
41429.35
41483.49
41538.66
41593.57
41645.14
41696.18
41752.90
41807.45
41862.37
41918.31
41971.42
42025.05
42076.09
42128.43
42182.31
42234.65
42285.70
42335.97
42385.98
42437.29
42489.37
42537.84
42586.30
42635.29
42683.50
42734.80
42784.05
42831.23
42877.89
42925.33
42947.76
43128.48
43813.49
44451.06
44979.32
45521.76
46069.35
46616.69
47137.21
47225.90
8.47
55.13
93.44
131.31
169.46
207.32
244.96
281.57
318.18
356.34
395.01
431.88
468.75
506.13
541.45
579.09
614.93
650.76
687.89
725.27
760.85
802.05
837.62
875.01
911.62
946.68
984.06
1020.41
1055.48
1092.34
1128.70
1164.53
1201.40
1235.95
1271.27
1307.36
1343.45
1379.29
1424.41
1451.73
1488.09
1523.92
1566.46
1603.59
1640.20
1675.26
1712.13
1748.48
1784.06
1820.93
1856.25
1892.08
1928.95
1964.27
1999.33
2035.68
2071.78
2107.61
2141.90
2178.51
2214.09
2249.41
2285.76
2321.34
2356.14
2390.69
2427.30
2462.11
2497.17
2533.00
2568.58
2603.90
2638.45
2674.03
2709.61
2744.67
2779.47
2815.05
2850.37
2889.82
2924.36
2959.43
2995.52
3031.36
3066.68
3101.74
3208.21
3223.98
3260.59
3296.69
3332.01
3366.55
3403.16
3439.00
3474.32
3510.67
3546.25
3580.80
3616.63
3652.73
3688.30
3723.62
3759.72
3794.78
3829.07
3864.91
3900.48
3936.06
3971.12
4006.70
4042.02
4077.34
4111.89
4148.24
4186.91
4217.59
4252.66
4288.49
4313.76
4440.02
4585.86
4740.29
4906.61
5088.58
5257.19
5501.43
5618.64
5784.16
5961.27
6160.77
6327.57
6491.02
6653.70
6818.96
7034.83
7325.27
7701.13
8023.59
8383.05
8806.89
9134.59
9486.30
9836.67
10206.19
10530.65
10883.74
11200.33
11572.11
12016.27
12366.66
12720.89
13075.90
13428.84
13768.90
14134.34
14455.58
14812.16
15171.99
15529.06
15886.90
16377.71
16735.30
17095.72
17451.50
17821.69
18178.76
18534.28
18891.57
19246.84
19603.39
19882.60
20241.22
20566.58
20921.33
21277.88
21553.48
21912.88
22271.35
23278.88
23552.87
23912.52
24273.71
24632.07
24992.49
25350.58
25713.06
26071.68
26431.59
26789.43
27148.05
27507.18
27864.25
28220.29
28578.65
28935.20
29290.50
29644.73
30001.55
30360.42
30717.75
31067.36
31422.36
31779.43
32134.18
33699.62
33864.66
34222.52
34513.85
34865.85
35221.37
35578.44
35933.45
36290.78
36638.57
36771.60
36956.71
36957.74
37059.83
37197.25
37225.35
37279.49
37337.81
37340.64
37347.86
37355.08
37362.56
37370.04
37377.51
37384.73
37392.21
37399.68
37407.16
37414.64
37422.11
37429.33
37436.81
37444.29
37451.76
37459.24
37466.71
37474.19
37481.41
37488.89
37496.36
37503.84
37511.32
37518.54
37526.01
37533.49
37540.96
37548.44
37555.92
37563.39
37570.61
37578.09
37589.69
37595.36
37599.49
37601.55
37603.36
37605.16
37607.22
37609.03
37613.15
37732.26
37771.39
37827.86
37910.96
37954.92
37999.34
38039.30
38074.11
38217.97
38219.52
38269.20
38326.95
38379.02
38446.23
38504.24
38580.04
38683.16
38748.65
38852.80
38956.88
39038.34
39115.95
39129.09
39195.09
39243.82
39271.01
39306.07
39327.21
39348.61
39382.64
39471.33
39538.36
39670.88
39811.90
39925.08
40028.98
40139.84
40285.50
40431.42
40577.86
40723.78
40803.96
40906.57
41049.06
41193.70
41339.10
41487.86
41632.49
41756.50
41789.76
41861.17
41967.39
42029.27
42123.37
42204.32
42331.42
42476.31
42569.38
42617.59
42703.96
42756.55
42817.91
42891.91
42962.55
43030.09
43080.11
43118.78
43159.60
43196.47
43234.37
43258.86
43283.61
43360.44
43384.67
43412.26
43440.36
43457.12
43475.16
43515.38
43577.52
43643.00
43707.97
43770.10
43836.62
43903.39
43966.04
44028.43
44092.11
44155.02
44209.60
44260.39
44307.82
44357.58
44414.04
44474.11
44535.99
44596.57
44654.58
44718.54
44776.29
44829.65
44883.79
44940.00
44997.23
45056.01
45110.93
45164.81
45219.46
45275.41
45329.29
45381.11
45431.13
45481.66
45534.00
45584.53
45637.38
45692.29
45746.18
45798.77
45848.27
45899.32
45949.59
46001.15
46052.46
46102.99
46149.39
46199.15
46247.62
46299.44
46310.01
46872.04
47570.97
48144.61
48678.02
49209.63
49755.93
50296.05
50819.67
50958.11
9.12
54.72
92.20
129.59
166.20
205.50
241.86
277.69
313.79
350.91
395.51
425.48
461.58
498.19
534.54
570.63
605.70
641.53
678.66
714.75
750.07
790.59
826.17
861.49
897.32
934.19
970.03
1005.61
1040.67
1076.25
1111.31
1146.63
1182.21
1216.75
1252.07
1287.65
1323.49
1357.78
1391.55
1428.93
1464.25
1499.83
1534.64
1578.23
1613.03
1648.35
1685.22
1720.80
1755.86
1790.66
1825.73
1862.59
1897.66
1932.46
1966.75
2001.55
2037.91
2072.71
2107.52
2143.09
2177.38
2212.45
2248.54
2283.09
2317.38
2351.92
2386.47
2421.02
2456.85
2491.40
2525.17
2560.75
2594.27
2628.04
2663.88
2698.68
2733.48
2767.26
2802.06
2836.09
2891.78
2909.83
2944.12
2978.92
3014.76
3049.05
3083.08
3118.66
3214.30
3240.25
3275.05
3310.12
3345.44
3381.27
3416.08
3451.14
3486.98
3521.01
3556.07
3592.16
3626.97
3661.52
3695.80
3731.12
3766.19
3800.99
3836.83
3871.38
3905.15
3939.95
3975.79
4010.08
4045.66
4079.95
4113.72
4148.78
4183.84
4218.91
4253.71
4288.00
4322.29
4357.35
4391.90
4427.73
4462.02
4496.05
4531.12
4564.89
4598.92
4614.65
4635.20
4773.79
4924.50
5063.14
5227.71
5402.41
5568.70
5755.93
5919.64
6081.29
6244.49
6449.16
6612.61
6773.23
6932.30
7092.14
7311.44
7471.80
7638.44
7949.54
8271.36
8588.18
9008.51
9315.05
9647.35
9981.46
10310.43
10666.75
10984.51
11297.49
11604.80
12033.80
12387.82
12724.52
13054.71
13388.06
13724.25
14059.41
14379.09
14723.89
15026.95
15366.45
15703.67
16041.40
16520.79
16857.23
17196.77
17535.54
17874.56
18290.53
18565.10
18900.26
19236.45
19573.16
19910.38
20174.12
20510.83
20849.92
21157.75
21499.35
21836.31
22096.70
22434.31
23479.74
23694.80
24010.73
24350.79
24692.13
25028.06
25370.43
25710.15
26051.50
26393.36
26732.64
27074.24
27413.00
27749.96
28088.73
28428.53
28768.84
29105.29
29443.09
29780.82
30117.79
30454.23
30793.00
31130.99
31462.15
31800.40
32140.46
32480.51
33138.25
33475.73
33810.89
34146.56
34482.75
34820.62
35091.73
35429.98
35769.52
36109.58
36449.89
36784.79
37123.81
37368.22
37631.19
37814.49
38157.90
38499.76
38841.36
39184.51
39459.59
39585.15
39638.26
39733.13
39873.12
39903.03
39939.12
40294.77
40302.18
40302.70
40309.66
40311.46
40313.27
40315.07
40316.88
40320.49
40330.29
40396.29
40427.64
40530.27
40584.60
40639.94
40692.88
40747.02
40799.09
40846.34
40854.85
40886.04
40929.36
40980.14
41021.39
41119.21
41182.63
41276.47
41381.66
41462.10
41531.19
41621.54
41729.05
41836.56
41931.41
41966.21
42021.64
42056.96
42094.86
42135.59
42166.02
42191.02
42209.59
42247.74
42345.45
42469.46
42613.84
42752.80
42880.41
42946.41
43043.61
43147.51
43277.45
43394.77
43512.18
43650.37
43787.53
43920.82
43964.39
44107.21
44253.14
44393.39
44532.61
44609.69
44692.45
44835.02
44949.49
45050.29
45090.00
45173.79
45256.80
45352.19
45413.04
45509.97
45649.45
45708.49
45782.74
45848.74
45930.21
45967.59
46021.73
46073.04
46134.65
46167.65
46201.17
46229.27
46251.70
46280.06
46296.04
46323.89
46352.25
46378.29
46419.79
46466.71
46520.60
46581.86
46642.96
46703.29
46764.13
46824.46
46884.79
46943.31
47005.18
47066.54
47124.55
47182.56
47238.25
47296.25
47355.29
47409.95
47463.83
47515.47
47562.14
47607.51
47659.59
47714.25
47771.22
47828.71
47885.18
47942.15
47998.36
48053.79
48111.28
48169.29
48226.26
48278.86
48334.29
48390.75
48447.72
48503.67
48559.87
48614.79
48668.67
48721.00
48775.92
48830.06
48881.88
48933.44
48985.00
49034.50
49081.43
49130.41
49180.43
49231.47
49281.23
49332.79
49382.04
49430.50
49478.71
49507.85
50150.57
50851.05
51432.68
51968.41
52512.91
53057.15
53605.78
54137.39
54482.08
8.92
53.55
91.35
128.72
164.30
202.04
237.36
273.19
309.54
345.12
380.96
419.18
455.01
490.59
525.14
560.71
595.78
631.61
667.19
701.74
737.83
791.71
813.08
847.62
883.20
917.49
953.07
987.10
1022.68
1060.58
1092.80
1128.38
1162.67
1197.99
1232.02
1267.09
1301.89
1335.41
1370.47
1404.50
1441.62
1476.43
1510.98
1546.30
1590.51
1625.32
1660.38
1695.18
1729.73
1764.79
1799.60
1835.43
1870.24
1904.79
1940.11
1974.14
2009.20
2043.23
2077.52
2112.32
2146.10
2181.68
2216.74
2251.54
2285.32
2320.38
2354.67
2388.70
2423.50
2457.79
2491.05
2525.34
2559.89
2593.66
2627.95
2662.75
2697.30
2731.85
2765.88
2799.39
2833.68
2867.97
2905.61
2940.42
2975.48
3009.51
3043.54
3078.35
3112.38
3221.43
3232.83
3267.38
3303.21
3338.27
3372.05
3407.11
3441.14
3475.95
3511.01
3544.52
3579.07
3614.13
3647.91
3683.23
3718.29
3752.58
3786.87
3821.67
3855.70
3889.99
3924.80
3958.83
3992.34
4026.89
4061.44
4094.95
4129.76
4164.30
4212.77
4233.14
4266.66
4301.20
4335.75
4369.78
4403.04
4437.59
4472.13
4506.16
4539.42
4573.71
4608.00
4642.29
4675.29
4709.84
4744.38
4778.93
4813.22
4847.25
4880.51
4914.54
4924.08
4956.09
5090.65
5240.42
5386.78
5557.41
5732.98
5906.75
6102.64
6276.14
6439.86
6646.66
6818.55
6985.87
7153.45
7320.77
7541.34
7709.95
7866.95
8033.65
8202.00
8467.32
8844.89
9221.64
9598.70
9918.90
10268.02
10616.93
10965.46
11331.87
11641.79
12438.94
12821.89
13140.62
13489.76
13843.48
14195.91
14549.62
14887.92
15249.04
15572.59
15929.97
16324.94
16776.50
17131.51
17490.90
17846.16
18201.17
18555.66
18928.67
19281.10
19635.59
19989.57
20334.01
20625.59
20984.47
21338.70
21664.32
22022.16
22378.98
22715.52
23776.86
23932.93
24330.01
24660.78
25023.78
25387.04
25744.11
26102.21
26457.64
26818.58
27174.36
27528.08
27884.12
28239.13
28597.75
28953.53
29307.25
29664.32
30020.87
30382.58
30738.62
31092.34
31448.12
31803.64
32156.30
32512.34
34381.74
34602.81
34959.88
35314.04
35664.95
35940.29
36176.19
36532.48
36888.52
37246.62
37602.66
37963.09
38116.48
38334.85
38693.47
39056.98
39418.18
39779.38
40141.86
40502.28
40864.25
41224.41
41586.12
41946.29
42229.11
42357.50
42396.69
42557.56
42660.43
42682.86
42746.28
43097.86
43107.59
43108.88
43116.09
43117.90
43119.70
43121.51
43123.31
43127.95
43136.98
43202.46
43233.80
43310.89
43350.67
43447.96
43504.09
43560.12
43615.29
43670.88
43688.67
43701.04
43758.02
43822.12
43883.23
43954.90
44040.23
44063.44
44145.42
44236.17
44305.06
44407.16
44471.09
44542.77
44648.73
44718.93
44823.60
44928.27
44963.85
45014.89
45048.93
45084.76
45114.15
45136.58
45162.11
45274.25
45386.66
45528.20
45642.41
45764.10
45909.76
46000.77
46116.79
46224.55
46328.19
46473.60
46576.72
46681.39
46819.32
46959.57
47097.25
47237.50
47258.12
47399.14
47507.17
47632.21
47740.75
47852.64
47980.00
48122.31
48264.36
48380.64
48416.47
48519.38
48619.66
48675.61
48734.91
48805.80
48866.39
48927.23
49020.56
49098.42
49146.12
49191.49
49235.06
49280.07
49326.22
49369.02
49401.76
49423.67
49442.49
49472.40
49487.87
49516.48
49548.71
49600.27
49651.06
49700.05
49747.48
49801.37
49860.41
49920.22
49975.91
50032.62
50092.95
50152.77
50211.29
50271.88
50328.85
50386.79
50441.45
50497.51
50558.61
50616.62
50673.86
50726.96
50781.62
50836.02
50886.55
50938.11
50990.45
51041.50
51093.06
51143.85
51199.79
51254.96
51309.11
51363.50
51416.10
51469.46
51525.93
51578.78
51636.01
51693.76
51749.96
51809.52
51867.27
51925.79
51978.39
52032.53
52089.76
52141.58
52194.43
52244.96
52296.01
52348.61
52399.65
52446.83
52497.36
52549.44
52602.55
52655.40
52706.71
52758.79
52809.57
52857.79
52905.22
52929.46
53385.27
54083.43
54751.68
55294.11
55843.77
56390.59
56959.84
57510.01
58048.58
58270.04
9.25
52.69
89.42
126.35
162.19
197.77
234.39
269.71
303.74
339.32
374.38
412.28
447.60
482.15
517.47
552.53
587.34
622.14
656.69
690.98
726.04
760.84
798.75
834.07
869.14
903.94
939.00
973.55
1008.36
1043.16
1077.45
1112.25
1146.29
1180.57
1214.86
1249.15
1283.44
1317.47
1351.25
1385.28
1419.05
1454.11
1488.40
1522.69
1599.00
1600.11
1634.65
1669.20
1703.49
1738.04
1772.32
1806.61
1840.64
1874.93
1909.22
1943.25
1977.29
2011.06
2044.83
2078.61
2118.57
2146.41
2180.18
2213.96
2247.73
2281.76
2315.79
2350.08
2384.11
2417.63
2451.40
2485.18
2518.69
2552.21
2586.24
2620.53
2654.30
2687.82
2721.07
2754.59
2787.85
2822.39
2856.17
2911.08
2926.55
2960.84
2994.61
3028.39
3062.42
3096.19
3129.71
3230.77
3249.41
3283.70
3317.99
3351.77
3385.80
3420.09
3454.12
3488.15
3521.92
3555.95
3589.98
3624.02
3658.05
3692.34
3726.62
3760.91
3794.95
3828.46
3862.49
3896.27
3929.78
3963.55
3997.07
4031.36
4065.65
4099.68
4133.71
4167.23
4200.74
4234.26
4267.77
4301.29
4335.58
4369.61
4403.12
4436.64
4470.16
4503.41
4537.19
4571.48
4604.99
4638.25
4671.77
4705.02
4738.28
4771.02
4805.05
4839.09
4872.34
4905.86
4939.12
4972.89
5006.92
5040.44
5073.95
5107.21
5140.21
5174.24
5207.76
5241.02
5250.04
5268.29
5409.77
5546.19
5693.11
5860.63
6031.97
6198.00
6395.23
6567.71
6735.03
6906.47
7123.85
7287.82
7455.14
7623.49
7851.93
8020.02
8185.28
8351.63
8519.73
8686.27
8890.46
9014.01
9393.42
9743.10
10110.71
10442.45
10812.83
11136.32
11486.95
11882.53
12260.07
12588.27
12940.18
13291.58
13664.06
14027.15
14365.40
14720.41
15071.12
15421.03
15800.85
16084.96
16443.83
16934.66
17290.70
17649.32
18004.07
18362.69
18720.02
19076.05
19515.92
19797.97
20150.91
20506.70
20782.04
21136.62
21490.86
21844.57
22200.87
22524.68
22877.97
23437.46
23799.43
24068.07
24429.01
24788.66
25152.50
25512.14
25870.25
26230.67
26588.51
26943.90
27301.75
27661.14
28019.24
28379.40
28737.50
29095.61
29452.16
29806.26
30161.27
30514.99
30869.48
31221.39
31574.08
31932.44
32287.71
32648.10
34536.84
34719.38
35074.64
35423.26
35778.01
36134.39
36498.94
36777.89
37134.70
37489.45
37848.07
38202.82
38405.98
38754.02
38924.44
39284.34
39644.51
40008.28
40367.16
40726.55
41084.13
41444.04
41804.98
42164.62
42524.27
42882.38
43239.45
43601.41
43959.26
44317.10
44676.49
44943.49
45225.28
45261.63
45351.87
45500.37
45554.25
45569.20
45649.64
45697.56
45701.68
45708.90
45716.12
45723.59
45731.07
45738.29
45745.77
45753.24
45760.72
45767.94
45775.67
45782.89
45790.37
45798.88
45805.06
45812.54
45819.76
45827.23
45834.71
45841.93
45849.41
45856.88
45864.36
45871.58
45879.05
45886.27
45894.01
45901.23
45908.70
45916.18
45923.66
45930.88
45938.35
45945.83
45953.30
45960.78
45968.00
45976.25
45982.95
45990.17
45997.65
46005.12
46018.02
46022.91
46023.69
46030.91
46032.45
46034.26
46036.06
46037.61
46039.41
46043.02
46053.59
46114.18
46179.84
46217.53
46262.86
46299.21
46403.12
46458.29
46514.16
46567.50
46620.36
46658.51
46693.79
46739.93
46799.75
46886.11
46933.81
46999.29
47045.18
47115.48
47181.22
47227.11
47301.62
47373.55
47467.94
47541.93
47612.32
47715.44
47817.28
47874.51
47962.43
48054.46
48098.04
48136.45
48162.23
48233.90
48377.25
48433.30
48553.70
48685.44
48811.77
48899.53
49018.90
49122.28
49262.02
49406.13
49533.75
49599.49
49683.28
49783.05
49899.07
49986.73
50126.20
50201.48
50279.09
50386.59
50494.62
50629.45
50707.05
50833.38
50967.96
51101.25
51236.09
51374.53
51434.34
51499.57
51621.26
51762.03
51907.43
52035.82
52137.43
52158.06
52249.32
52345.49
52400.14
52442.43
52492.96
52538.07
52595.82
52642.23
52711.58
52777.58
52817.80
52848.22
52887.41
52911.13
52937.43
52966.04
52994.92
52999.30
53032.30
53083.09
53136.46
53190.86
53244.48
53297.59
53352.50
53405.36
53457.43
53510.03
53567.26
53624.65
53679.56
53735.51
53794.55
53852.04
53910.05
53970.63
54027.35
54083.55
54139.24
54196.48
54250.62
54307.59
54363.02
54419.74
54475.43
54529.57
54585.00
54635.02
54688.38
54743.55
54794.86
54847.97
54899.27
54957.80
55014.26
55065.82
55122.02
55169.98
55216.38
55266.66
55322.60
55380.35
55434.75
55487.86
55542.00
55595.62
55648.73
55702.62
55757.27
55810.12
55861.67
55915.55
55967.11
56019.71
56075.91
56129.02
56185.74
56245.55
56300.21
56356.15
56410.04
56468.45
56520.01
56568.74
56622.11
56635.25
56642.47
57443.50
58146.81
58761.69
59301.04
59850.18
60391.84
60956.96
61502.50
62045.19
62388.60
9.10
52.45
88.36
124.52
159.32
194.12
231.54
266.60
301.15
335.44
370.50
407.64
442.71
477.77
512.06
545.83
579.61
612.86
647.67
681.18
717.02
750.79
789.33
823.36
856.88
891.17
925.46
959.23
993.26
1028.32
1062.10
1095.10
1130.42
1163.68
1196.93
1231.22
1264.22
1297.22
1331.51
1364.51
1398.54
1441.60
1468.41
1502.18
1535.96
1578.34
1612.62
1646.40
1679.66
1712.91
1747.72
1781.49
1815.01
1850.07
1883.59
1916.84
1951.39
1984.65
2018.68
2052.20
2084.68
2124.64
2151.97
2185.23
2219.52
2252.52
2287.06
2319.80
2353.58
2386.32
2418.55
2452.58
2485.32
2519.61
2552.35
2586.38
2618.87
2652.64
2684.87
2717.61
2750.87
2784.38
2817.64
2850.90
2884.16
2921.02
2954.80
2988.57
3021.31
3055.60
3088.09
3122.38
3236.84
3240.64
3274.16
3307.42
3340.16
3374.96
3408.22
3442.25
3476.54
3509.54
3544.09
3577.09
3610.86
3644.64
3677.38
3710.38
3744.67
3777.67
3812.47
3845.21
3878.99
3912.25
3945.76
3978.50
4010.73
4044.76
4077.25
4111.54
4144.02
4178.05
4210.54
4244.31
4276.54
4309.54
4342.79
4376.57
4409.31
4443.08
4475.31
4508.82
4540.79
4574.05
4606.79
4640.82
4673.05
4706.82
4739.05
4772.82
4804.54
4838.05
4870.28
4904.31
4936.54
4970.05
5003.05
5035.28
5067.50
5100.25
5134.28
5165.99
5199.50
5232.25
5264.99
5296.44
5330.21
5363.47
5395.70
5429.21
5461.18
5494.18
5525.64
5558.89
5578.49
5671.70
5817.46
5954.63
6115.46
6277.24
6454.48
6623.86
6823.04
7006.60
7168.25
7378.88
7553.52
7736.05
7923.23
8006.50
8231.93
8397.19
8572.84
8735.77
8908.25
9076.34
9244.18
9500.87
9668.19
9957.54
10306.29
10644.59
11002.29
11401.49
11694.06
12046.23
12484.34
12816.34
13160.62
13498.10
13851.56
14221.04
14576.30
14926.16
15276.98
15627.02
15979.20
16316.93
17360.62
17493.97
17852.07
18210.95
18569.82
18927.92
19285.51
19643.09
19996.55
20365.82
20721.09
21052.38
21353.16
21707.91
22066.02
22422.83
22775.36
23099.43
23661.80
24018.35
24374.13
24649.48
25009.12
25368.00
25734.86
26094.51
26452.61
26811.75
27172.94
27532.44
27892.09
28248.90
28609.06
28968.71
29328.88
29687.23
30043.79
30398.28
30755.87
31111.91
31470.52
31827.08
32183.38
32537.61
32892.10
33552.16
33912.99
34256.91
34610.89
34965.12
35314.90
35671.97
36027.75
36382.76
36737.19
37091.94
37379.40
37737.76
38094.05
38451.64
38792.98
38993.82
39351.15
39526.20
39887.66
40247.56
40609.27
40968.41
41329.60
41689.77
42049.93
42413.19
42773.61
43129.65
43489.81
43850.23
44210.66
44570.05
44929.95
45290.38
45647.83
46006.70
46367.64
46727.29
47086.94
47446.07
48701.88
48872.37
49083.26
49109.81
49206.75
49350.61
49406.30
49423.31
49489.05
49889.93
49892.15
49906.84
49907.10
49914.06
49915.61
49917.41
49918.96
49920.77
49922.31
49924.12
49925.66
49930.30
49991.66
50061.28
50095.54
50169.79
50226.14
50277.23
50326.12
50381.35
50434.32
50488.46
50542.09
50615.05
50664.03
50666.35
50733.64
50821.04
50865.12
50939.89
51025.23
51080.40
51123.71
51167.54
51234.31
51308.36
51326.14
51412.77
51478.51
51555.60
51653.05
51717.50
51788.92
51863.17
51930.71
52001.36
52081.37
52150.46
52193.26
52296.64
52407.24
52486.39
52627.67
52773.85
52847.33
52961.02
53107.72
53218.84
53367.85
53448.55
53534.40
53654.80
53748.38
53887.89
54032.26
54168.13
54283.63
54309.41
54392.17
54509.73
54619.04
54668.03
54805.96
54921.97
54973.28
55086.65
55219.94
55289.03
55394.99
55501.47
55610.27
55725.90
55865.64
56005.37
56098.44
56189.96
56311.39
56443.91
56581.07
56639.33
56697.34
56766.18
56818.25
56871.36
56930.40
56967.27
57010.58
57049.51
57085.35
57121.44
57154.18
57184.61
57209.61
57227.66
57254.47
57282.57
57311.45
57342.13
57395.50
57445.00
57494.50
57546.32
57598.91
57652.28
57704.14
57759.31
57812.42
57869.14
57920.44
57972.26
58024.86
58082.09
58138.29
58192.95
58247.09
58304.58
58361.56
58419.05
58474.22
58530.43
58588.18
58639.48
58693.11
58749.31
58807.83
58864.81
58922.30
58977.47
59028.52
59081.11
59133.96
59186.04
59242.76
59293.04
59343.31
59397.45
59452.62
59508.31
59562.71
59613.50
59661.96
59710.43
59756.32
59803.76
59855.07
59909.63
59964.03
60016.62
60069.73
60122.33
60174.41
60225.20
60275.98
60327.03
60378.34
60429.38
60479.66
60530.19
60580.20
60631.25
60682.81
60733.09
60785.16
60835.70
60882.62
60934.44
60983.68
61032.92
61082.94
61131.41
61182.97
61233.50
61256.96
61380.20
62134.04
62839.93
63474.41
64017.10
64565.21
65110.48
65663.23
66219.34
66766.67
67303.95
67414.55
8.96
51.37
88.11
122.97
157.77
191.29
226.98
260.24
294.27
329.07
362.85
399.57
432.31
466.09
499.60
534.41
568.18
601.18
635.21
666.92
700.70
735.76
769.53
806.66
840.70
873.95
907.98
941.50
973.98
1007.24
1040.50
1074.53
1108.30
1141.56
1174.30
1207.30
1240.56
1273.30
1306.82
1340.08
1371.53
1404.27
1447.59
1473.88
1505.08
1538.34
1605.11
1614.56
1647.30
1681.07
1714.85
1746.30
1780.33
1814.11
1847.36
1880.36
1913.62
1946.11
1978.85
2011.85
2045.36
2078.36
2109.82
2142.56
2175.30
2208.56
2241.30
2273.53
2306.27
2338.50
2371.50
2404.24
2436.46
2469.72
2501.95
2534.43
2566.66
2598.89
2632.14
2664.63
2697.11
2728.05
2760.79
2793.02
2825.25
2857.73
2889.70
2931.72
2958.28
2991.02
3024.54
3057.54
3090.28
3121.47
3154.47
3204.89
3237.64
3270.64
3304.15
3337.41
3368.61
3401.61
3435.38
3468.38
3501.38
3532.32
3565.32
3599.09
3632.35
3665.35
3696.29
3729.54
3762.80
3796.06
3828.54
3859.74
3892.48
3925.22
3957.96
3990.45
4022.42
4055.68
4087.90
4120.13
4151.84
4184.07
4217.32
4257.54
4282.29
4313.49
4346.23
4378.46
4410.68
4442.91
4474.88
4507.88
4540.36
4572.85
4604.04
4636.79
4669.01
4701.24
4731.92
4764.14
4797.14
4829.37
4861.60
4893.31
4926.05
4958.54
4990.50
5021.44
5054.18
5086.41
5118.64
5149.32
5181.54
5214.03
5246.25
5277.96
5309.93
5342.42
5374.90
5406.36
5437.81
5470.55
5502.52
5534.49
5565.68
5598.17
5630.14
5662.11
5693.30
5725.53
5757.50
5789.21
5820.40
5852.37
5884.34
5938.48
5952.40
5983.96
6114.48
6261.44
6391.68
6551.37
6720.41
6876.90
7038.00
7230.52
7400.93
7565.41
7771.37
7942.72
8105.91
8273.49
8439.52
8663.64
8829.67
9001.63
9159.15
9323.38
9484.77
9650.54
9905.92
10069.11
10235.40
10427.08
10693.14
11034.23
11336.38
11674.73
11996.74
12328.09
12753.72
13050.72
13414.77
13726.45
14043.81
14378.97
14711.03
15062.74
15395.54
15727.75
16059.56
16394.46
17016.56
17199.02
17530.64
17833.31
18170.71
18508.45
18849.27
19187.78
19526.03
19862.99
20200.21
20538.20
20911.04
21221.65
21482.82
21820.04
22155.06
22493.05
22831.04
23162.84
23713.75
24050.71
24357.25
24694.98
25033.75
25292.85
25632.90
25973.47
26340.21
26658.61
27000.21
27342.07
27685.99
28023.46
28361.73
28701.52
29043.12
29381.89
29720.40
30061.23
30400.51
30739.02
31077.78
31415.26
31755.05
32090.47
32425.62
32764.65
33437.54
33757.61
34091.22
34428.70
34757.88
35096.65
35429.32
35767.57
36106.08
36441.24
36774.85
37111.81
37445.96
37779.57
38082.76
38387.49
38726.26
39063.73
39236.73
39576.27
39913.23
40254.31
40413.90
40755.76
41096.07
41438.70
41779.79
42120.36
42459.90
42798.92
43141.30
43482.90
43821.15
44164.30
44503.58
44843.12
45183.95
45525.80
45866.12
46203.20
46541.45
46881.76
47222.59
47561.87
48633.34
48722.11
49061.91
49402.48
49740.73
50081.55
50421.87
50761.15
51099.14
51433.30
51772.84
52012.09
52146.92
52172.96
52267.84
52406.80
52473.05
52494.71
52532.35
52644.24
52645.82
52653.29
52660.51
52667.99
52675.21
52682.43
52689.90
52697.12
52704.86
52711.82
52719.29
52726.77
52733.99
52741.46
52748.94
52755.90
52763.38
52770.60
52778.07
52785.55
52793.03
52799.99
52807.46
52814.68
52822.16
52829.64
52837.11
52844.33
52851.55
52859.03
52866.50
52873.72
52881.20
52888.68
52895.89
52903.37
52910.59
52919.87
52925.29
52932.76
52940.24
52947.46
52954.68
52962.15
52969.63
52976.85
52984.32
52991.80
53007.79
53009.59
53009.85
53016.81
53018.36
53019.90
53021.45
53023.00
53024.80
53026.35
53027.89
53031.50
53033.82
53098.02
53165.85
53200.23
53267.26
53324.23
53381.37
53430.41
53475.53
53531.34
53586.00
53641.79
53700.57
53772.50
53852.16
53892.77
53974.50
54051.84
54130.21
54189.77
54249.32
54331.31
54386.12
54427.11
54475.32
54526.89
54580.25
54636.46
54674.10
54692.14
54766.39
54862.56
54922.37
55018.79
55064.43
55126.27
55199.93
55293.52
55351.78
55418.30
55462.38
55579.43
55726.75
55869.06
56012.15
56151.37
56263.26
56387.27
56495.03
56597.12
56713.66
56830.19
56971.21
57073.56
57190.87
57300.18
57371.08
57449.20
57568.82
57702.62
57841.07
57920.99
57983.90
58076.51
58133.23
58199.49
58283.28
58394.65
58432.29
58524.07
58657.11
58713.05
58755.33
58864.90
58961.07
59093.84
59185.88
59309.37
59444.21
59581.36
59697.64
59758.22
59875.01
59987.68
60089.77
60198.82
60333.40
60418.48
60499.43
60546.10
60602.82
60660.05
60696.14
60737.91
60771.68
60795.92
60821.18
60845.68
60871.46
60896.21
60925.08
60932.82
60950.86
61000.11
61052.18
61107.85
61159.15
61210.71
61266.14
61319.77
61373.65
61428.57
61485.29
61542.78
61597.69
61650.54
61704.68
61758.05
61809.61
61861.95
61915.57
61972.81
62024.37
62073.10
62126.72
62175.19
62229.85
62285.79
62340.96
62397.94
62455.18
62509.57
62566.29
62623.01
62677.93
62729.49
62780.54
62830.55
62882.72
62934.28
62983.78
63031.73
63083.30
63132.54
63182.30
63234.38
63284.39
63332.86
63381.59
63431.09
63482.91
63531.12
63582.42
63633.98
63681.68
63732.47
63781.20
63829.66
63881.74
63935.62
63988.99
64037.46
64086.96
64135.17
64182.35
64226.18
64271.55
64321.57
64371.07
64424.70
64477.80
64528.85
64579.90
64632.49
64682.51
64731.23
64781.51
64831.01
64876.38
64926.14
64972.03
65022.82
65071.03
65117.95
65743.41
66433.05
67136.88
67697.62
68233.62
68774.25
69316.17
69859.90
70411.36
70954.57
71491.59
71696.04
9.00
52.20
86.90
122.27
156.30
189.56
225.22
259.51
292.51
324.22
359.80
401.82
428.91
461.39
494.91
528.17
561.43
593.39
626.39
659.91
692.39
725.91
759.43
796.46
828.95
862.46
895.46
928.21
960.69
993.95
1026.95
1059.69
1091.66
1124.66
1157.14
1189.11
1221.08
1253.82
1286.31
1317.50
1351.02
1384.02
1415.73
1453.11
1482.50
1514.73
1546.18
1611.67
1620.82
1653.56
1685.79
1718.02
1751.02
1783.76
1815.98
1847.95
1880.95
1914.21
1945.41
1978.92
2011.41
2043.89
2075.34
2108.09
2140.57
2171.51
2203.48
2236.73
2269.22
2300.41
2332.90
2364.87
2396.32
2428.29
2461.29
2493.26
2524.20
2556.42
2588.13
2619.33
2652.59
2684.04
2715.23
2746.43
2779.43
2811.40
2842.34
2874.05
2906.27
2942.37
2973.82
3005.02
3038.53
3070.50
3102.21
3133.41
3257.67
3281.82
3313.28
3346.28
3378.50
3410.21
3442.18
3474.93
3507.67
3538.61
3572.38
3604.86
3636.83
3668.29
3700.77
3732.48
3764.19
3796.93
3829.93
3861.90
3893.10
3925.58
3957.29
3988.49
4021.49
4054.23
4085.94
4117.14
4149.36
4181.59
4212.53
4245.79
4277.24
4308.43
4339.89
4372.89
4404.86
4436.05
4468.28
4499.73
4530.67
4564.18
4595.64
4626.83
4658.03
4690.77
4723.00
4753.68
4785.64
4817.61
4848.81
4881.29
4912.75
4943.68
4975.91
5008.39
5039.85
5070.53
5102.50
5135.24
5165.66
5197.37
5229.34
5260.54
5292.50
5323.70
5354.12
5387.38
5418.57
5449.00
5481.22
5513.19
5543.61
5574.81
5607.55
5638.49
5668.91
5701.65
5733.11
5763.53
5794.98
5827.46
5857.89
5889.08
5961.01
5961.27
5992.21
6024.18
6056.40
6087.34
6119.31
6151.02
6181.96
6214.70
6246.15
6276.83
6309.83
6313.70
6430.01
6562.10
6701.84
6858.76
7015.27
7189.76
7351.92
7545.74
7720.28
7888.63
8100.62
8272.24
8448.32
8621.79
8792.46
9022.98
9193.39
9362.52
9531.90
9702.57
9874.02
10042.62
10301.52
10471.42
10638.74
10806.06
10982.92
11148.62
11427.78
11778.50
12155.42
12466.68
12896.82
13246.32
13560.85
13909.67
14277.07
14620.39
14953.23
15305.66
15672.03
16022.39
16370.27
16720.12
17205.98
17557.12
17908.78
18255.30
18574.48
18931.55
19287.59
19645.95
20001.21
20356.74
20711.23
21063.92
21418.93
21784.87
22059.44
22413.93
22769.12
23119.86
24101.87
24389.77
24742.20
25065.75
25422.30
25777.05
26049.30
26409.73
26765.77
27130.86
27488.19
27847.32
28206.97
28565.59
28924.02
29282.38
29638.93
29996.78
30356.04
30712.85
31070.95
31427.25
31781.48
32139.33
32496.91
32849.60
33320.88
33865.51
34219.23
34571.40
34926.67
35301.85
35622.93
35979.23
36333.72
36688.21
37044.25
37395.65
37752.46
38104.64
38455.21
38810.48
39098.97
39453.46
39636.00
39992.55
40349.11
40704.11
41048.29
41232.63
41590.73
41950.38
42307.71
42666.32
43025.46
43384.07
43741.14
44100.79
44459.15
44817.51
45177.42
45533.46
45895.17
46253.53
46611.11
46969.09
47328.48
47685.29
48966.88
49218.17
49575.24
49933.09
50292.73
50651.09
51008.94
51368.07
51725.14
52083.98
52440.53
52798.12
53153.12
53508.13
53864.17
54220.73
54575.99
54933.84
55179.79
55330.35
55355.88
55428.58
55562.55
55661.29
55687.33
55694.55
55787.36
56201.97
56209.34
56216.82
56224.04
56240.02
56246.21
56247.50
56249.05
56250.59
56252.14
56253.69
56255.23
56256.78
56258.33
56260.13
56265.29
56274.57
56368.67
56406.95
56468.71
56514.69
56570.65
56626.95
56681.87
56727.15
56768.64
56823.82
56877.47
56928.26
56994.60
57038.43
57069.56
57164.43
57268.85
57320.67
57410.13
57482.32
57579.76
57628.75
57676.96
57741.93
57837.83
57887.59
57920.59
57960.55
58003.61
58032.22
58059.81
58127.87
58174.54
58208.05
58275.23
58371.65
58438.68
58510.35
58578.67
58643.90
58711.96
58780.54
58834.68
58883.41
58974.93
59100.23
59225.27
59350.30
59493.65
59636.73
59780.85
59927.80
60072.44
60186.91
60281.52
60358.87
60463.54
60574.40
60722.90
60831.95
60940.75
61085.90
61233.41
61307.66
61386.30
61476.97
61529.05
61596.59
61730.40
61866.78
61941.29
62061.17
62117.63
62172.03
62219.47
62271.29
62308.93
62396.84
62441.19
62479.34
62545.86
62682.76
62713.18
62779.18
62861.16
62960.94
63051.17
63153.78
63295.06
63432.22
63506.47
63596.45
63726.38
63826.41
63939.85
64046.84
64152.03
64221.12
64275.78
64326.05
64360.60
64388.19
64420.41
64448.00
64481.82
64508.11
64512.50
64536.21
64577.21
64625.68
64679.04
64733.96
64786.29
64836.82
64890.96
64945.62
64999.25
65052.61
65105.21
65160.12
65217.10
65271.50
65322.80
65377.46
65433.66
65487.03
65540.14
65593.76
65647.39
65698.18
65755.41
65807.75
65857.76
65908.81
65958.82
66011.68
66059.63
66113.00
66165.07
66219.21
66272.84
66327.24
66380.86
66429.85
66481.15
66532.46
66583.25
66633.16
66684.21
66735.25
66784.24
66835.03
66884.01
66930.93
66978.89
67027.61
67072.99
67120.68
67166.83
67215.82
67264.80
67314.30
67363.80
67409.95
67459.96
67508.69
67558.45
67609.75
67660.80
67710.30
67758.77
67809.82
67860.86
67911.91
67962.96
68012.97
68064.02
68117.39
68173.33
68226.18
68278.78
68329.57
68382.42
68434.50
68485.80
68536.07
68585.57
68634.82
68681.74
68731.24
68780.22
68826.63
68871.75
68920.73
68969.46
69017.93
69066.91
69074.13
69909.18
70603.47
71312.20
71862.37
72399.65
72944.15
73488.14
74036.50
74591.32
75135.56
75678.00
76063.68
8.70
51.95
86.55
121.00
153.74
187.52
223.41
255.38
289.41
322.66
354.89
387.63
424.62
456.84
489.07
523.10
555.84
587.30
620.30
653.55
685.01
717.49
751.78
802.83
821.55
853.01
885.75
917.98
949.69
983.20
1015.69
1046.62
1080.14
1112.11
1143.30
1176.82
1208.79
1239.98
1272.98
1304.95
1335.38
1368.63
1400.34
1431.02
1466.86
1498.83
1529.25
1562.77
1604.48
1636.19
1667.64
1701.93
1733.90
1764.84
1798.10
1830.58
1861.52
1894.26
1926.75
1957.68
1990.68
2022.91
2053.85
2086.85
2118.56
2148.98
2182.75
2213.69
2245.14
2278.14
2308.82
2341.57
2373.28
2403.70
2436.70
2467.64
2499.35
2531.32
2563.80
2593.96
2625.93
2657.90
2688.07
2721.32
2751.49
2784.49
2815.17
2846.11
2878.33
2910.56
2949.75
2978.36
3008.79
3041.79
3072.98
3103.92
3136.92
3167.34
3219.48
3250.93
3283.15
3315.64
3347.09
3379.32
3412.06
3443.25
3475.48
3508.22
3539.16
3571.39
3604.39
3635.07
3666.78
3699.78
3730.46
3762.94
3795.43
3826.11
3859.11
3890.56
3921.24
3954.75
3985.69
4017.66
4050.14
4080.57
4113.31
4144.76
4175.70
4208.44
4240.15
4271.09
4302.54
4335.03
4365.19
4398.45
4429.13
4460.58
4492.81
4522.71
4555.71
4586.91
4617.59
4649.30
4681.53
4711.69
4744.69
4775.11
4807.34
4838.54
4868.96
4901.18
4933.41
4963.32
4995.54
5026.74
5057.68
5089.64
5119.55
5152.04
5183.75
5214.17
5245.88
5277.07
5308.01
5340.24
5369.89
5402.63
5434.34
5463.99
5496.47
5526.89
5558.35
5589.29
5620.22
5651.42
5683.13
5712.52
5745.00
5774.39
5807.14
5838.59
5868.24
5900.46
5930.37
5980.64
6002.30
6034.27
6064.18
6096.92
6127.08
6159.31
6189.99
6220.93
6252.64
6284.61
6314.77
6347.51
6377.68
6409.64
6616.41
6635.81
6668.81
6699.23
6731.98
6763.95
6778.90
6842.61
6985.34
7136.52
7259.29
7421.55
7599.69
7762.11
7950.46
8122.42
8299.77
8508.48
8679.86
8852.08
9022.75
9194.20
9422.49
9593.93
9762.24
9950.96
10106.16
10274.51
10443.89
10699.02
10869.70
11036.24
11204.59
11376.81
11561.66
11724.09
11891.46
12077.21
12375.77
13058.55
13185.68
13515.22
13888.64
14171.96
14525.68
14946.47
15244.43
15591.18
15924.31
16277.26
16650.36
17002.87
17492.30
17844.48
18199.23
18551.91
18952.87
19255.02
19576.26
19933.79
20292.41
20651.03
21007.07
21364.65
21723.01
22080.08
22447.66
22724.55
23081.62
23435.36
24798.11
25059.18
25411.61
25769.71
26094.56
26451.63
26811.28
27086.36
27447.56
27806.95
28173.60
28534.02
28893.41
29252.80
29611.16
29971.04
30330.82
30689.18
31050.12
31407.96
31766.06
32126.48
32484.07
32839.59
33195.89
34764.68
34924.56
35282.14
35638.18
35986.12
36336.23
36693.55
37050.37
37406.92
37762.45
38120.29
38473.75
38831.34
39187.07
39543.62
39851.45
40094.57
40376.61
40734.97
41093.59
41452.72
41813.14
41988.71
42349.39
42708.53
43070.75
43431.69
43789.59
44152.59
44512.49
44870.59
45231.27
45591.70
45950.83
46310.22
46670.12
47028.48
47389.94
47746.04
48105.69
50781.01
51076.77
51435.91
51795.55
52154.43
52513.82
52872.29
53231.68
53590.30
53945.57
54302.38
54658.93
55014.71
55370.75
55718.82
56072.54
56430.38
56785.39
57141.43
57499.01
57855.05
58209.80
58403.68
58682.37
58713.31
58744.93
58881.83
59018.47
59051.98
59069.52
59114.63
59181.92
59210.27
59211.04
59217.49
59224.71
59231.93
59239.40
59246.62
59254.10
59261.32
59268.79
59276.01
59283.49
59290.71
59298.18
59305.40
59312.62
59320.10
59327.32
59334.79
59342.01
59349.49
59356.71
59364.18
59371.40
59378.88
59386.10
59393.32
59403.11
59408.01
59415.23
59422.96
59430.18
59437.66
59444.88
59452.36
59459.57
59467.05
59474.53
59481.75
59489.22
59496.44
59503.92
59512.94
59518.61
59525.83
59533.31
59540.53
59548.00
59555.22
59562.70
59569.92
59577.39
59584.61
59592.09
59599.31
59606.79
59614.00
59621.48
59628.70
59636.69
59649.58
59655.25
59656.54
59657.83
59659.38
59660.93
59662.47
59664.02
59665.57
59667.11
59668.66
59670.21
59675.62
59685.16
59776.17
59815.71
59879.08
59919.53
59976.24
60032.49
60088.43
60145.87
60193.26
60235.03
60288.15
60340.49
60396.51
60470.22
60546.02
60657.13
60765.67
60853.59
60914.58
61018.99
61094.27
61201.52
61270.36
61308.26
61374.26
61468.88
61511.16
61559.62
61592.37
61623.17
61658.75
61704.12
61738.67
61805.96
61864.48
61878.14
61939.50
62012.72
62093.16
62152.53
62220.07
62297.68
62391.78
62424.00
62496.45
62643.92
62787.26
62934.47
63078.59
63224.00
63369.40
63515.58
63659.44
63806.65
63952.83
64066.53
64092.05
64225.60
64330.01
64406.93
64513.15
64578.61
64666.78
64784.60
64920.98
64976.16
65107.90
65245.57
65319.30
65465.48
65601.61
65655.49
65735.93
65790.33
65874.12
65928.26
66053.81
66183.75
66302.60
66342.05
66418.62
66461.16
66525.87
66560.93
66597.02
66643.17
66726.19
66774.91
66821.58
66946.62
67039.43
67058.77
67130.18
67197.73
67304.98
67365.56
67459.92
67573.62
67641.16
67750.73
67819.31
67916.76
68039.48
68114.25
68207.06
68231.04
68258.62
68287.50
68314.05
68346.28
68363.81
68365.87
68412.54
68465.39
68515.14
68565.42
68618.01
68671.64
68728.36
68783.01
68839.99
68895.16
68952.66
69007.06
69061.46
69116.63
69171.54
69228.78
69287.30
69347.89
69403.57
69460.04
69513.92
69569.09
69625.29
69679.43
69734.35
69790.55
69844.69
69898.06
69956.32
70011.75
70064.35
70116.94
70168.18
70222.06
70275.17
70328.28
70381.64
70435.27
70489.15
70541.75
70595.11
70649.77
70702.88
70756.50
70810.64
70864.01
70914.03
70965.07
71019.21
71075.42
71125.43
71174.42
71224.43
71272.39
71323.18
71370.61
71418.31
71467.55
71516.28
71563.97
71612.18
71664.26
71715.82
71767.13
71817.92
71867.42
71916.92
71967.71
72021.07
72072.12
72122.39
72172.93
72224.75
72274.76
72324.78
72374.28
72426.36
72450.59
72461.93
72509.63
72560.68
72608.11
72657.61
72705.05
72753.00
72798.64
72846.07
72893.77
72941.72
72993.29
73043.04
73091.51
73135.34
73183.81
73232.28
73237.69
73609.46
74292.40
74994.68
75703.93
76247.14
76794.73
77347.74
77893.79
78442.41
79015.79
79571.37
80117.16
80653.93
80682.54
8.43
50.77
85.43
118.43
151.68
185.46
217.96
252.25
283.96
316.96
349.19
381.68
417.57
449.02
482.02
514.25
546.48
578.70
611.45
641.87
675.38
705.55
739.06
771.29
808.18
839.89
872.12
903.83
935.54
967.25
999.74
1030.42
1062.90
1093.84
1125.81
1158.04
1188.71
1221.20
1252.14
1283.07
1315.30
1347.01
1377.69
1408.63
1440.86
1473.86
1506.60
1536.25
1568.73
1610.05
1642.53
1672.95
1705.95
1736.38
1768.60
1800.83
1831.25
1863.73
1894.67
1926.12
1958.09
1989.55
2020.23
2051.68
2084.16
2113.55
2146.04
2177.75
2207.40
2239.62
2270.05
2302.02
2331.92
2363.63
2395.09
2424.99
2456.19
2486.87
2519.09
2547.97
2579.94
2611.13
2642.07
2673.52
2702.40
2734.37
2764.79
2796.76
2825.63
2857.34
2888.54
2919.22
2960.21
2986.25
3015.90
3047.87
3079.32
3109.48
3140.42
3171.36
3272.42
3285.88
3316.56
3349.05
3378.44
3410.66
3442.38
3473.31
3503.99
3535.19
3567.67
3597.06
3629.29
3660.74
3691.16
3722.36
3753.30
3785.52
3815.17
3847.14
3878.59
3908.76
3939.95
3970.63
4002.60
4031.73
4063.70
4095.16
4126.61
4157.03
4187.45
4219.68
4249.33
4280.52
4311.20
4342.66
4373.59
4403.50
4434.70
4465.38
4497.09
4526.48
4557.67
4588.61
4619.80
4650.74
4680.65
4711.59
4742.27
4773.98
4803.62
4834.56
4864.98
4896.18
4927.38
4957.80
4988.48
5017.61
5049.32
5079.48
5111.20
5140.07
5171.01
5201.69
5232.62
5263.30
5293.98
5324.92
5353.80
5384.73
5414.90
5446.35
5475.74
5507.20
5536.07
5567.01
5597.43
5628.62
5659.05
5689.73
5720.41
5749.80
5780.22
5810.12
5841.32
5871.23
5902.42
5932.07
5998.33
6002.71
6033.13
6064.59
6093.72
6124.66
6155.08
6186.53
6217.47
6247.89
6278.57
6308.22
6339.67
6369.84
6401.55
6430.16
6633.58
6655.59
6686.27
6718.23
6749.43
6779.59
6810.53
6841.73
6873.44
6902.31
6934.54
6965.73
6996.93
7027.87
7057.52
7089.48
7120.16
7151.10
7159.87
7241.30
7372.97
7524.07
7667.64
7817.17
7995.54
8159.00
8349.96
8521.14
8699.05
8908.64
9080.92
9254.68
9430.77
9596.80
9821.53
9987.82
10155.15
10322.73
10498.04
10657.63
10829.07
11087.41
11256.80
11425.66
11589.89
11754.63
11924.27
12099.84
12266.70
12433.76
12601.86
12771.38
13108.19
13413.77
13766.16
14125.46
14430.71
14776.73
15130.21
15481.10
15847.63
16190.34
16527.81
16881.02
17556.93
17743.16
18095.34
18446.73
18798.65
19151.59
19503.25
19853.47
20202.81
20530.51
20890.42
21249.04
21605.33
21965.24
22322.82
22679.12
22960.14
23332.51
23684.11
24245.86
24603.44
24959.17
25317.02
25675.63
26030.90
26387.97
26729.83
27072.72
27429.27
27717.77
28062.46
28419.53
28786.61
29147.54
29507.71
29869.16
30230.10
30584.67
30945.87
31307.06
31666.71
32027.39
32387.81
32747.72
33106.59
33465.47
34128.51
34486.10
34845.23
35200.24
35557.31
35911.11
36268.70
36624.22
36975.59
37332.14
37688.96
38046.54
38404.13
38759.39
39114.92
39468.89
39821.32
40178.39
40538.30
40725.47
41019.64
41379.80
41737.90
42097.55
42458.23
42787.71
42998.09
43359.03
43720.48
44082.96
44444.16
44805.36
45168.10
45530.07
45888.94
46251.94
46613.91
46972.79
47333.98
47694.40
48051.47
49599.38
49949.75
50310.69
50671.37
51028.44
51388.61
51749.03
52107.64
52469.36
52831.07
53187.88
53550.62
53908.93
54269.61
54629.00
54987.62
55344.43
55693.79
56052.66
56410.25
56767.58
57125.16
57479.91
57836.21
58194.57
58552.41
58908.97
59265.78
59623.11
59979.41
60330.04
60688.39
61044.43
61401.25
61756.77
61963.79
62087.80
62114.10
62183.96
62318.80
62433.01
62458.28
62470.91
62533.82
62705.82
62705.84
62713.06
62720.28
62727.75
62734.97
62742.19
62749.67
62756.89
62764.36
62771.58
62779.06
62786.28
62793.75
62800.97
62808.45
62815.67
62822.89
62830.36
62837.84
62845.06
62852.54
62859.75
62867.23
62874.45
62881.93
62889.14
62896.62
62903.84
62911.32
62918.79
62926.01
62933.49
62940.71
62947.93
62955.66
62962.88
62970.10
62977.57
62984.79
62992.01
62999.49
63006.71
63014.18
63021.66
63028.88
63036.36
63043.57
63051.05
63058.53
63065.75
63081.73
63084.82
63089.98
63091.53
63092.82
63094.36
63095.91
63097.46
63099.00
63100.55
63102.10
63103.64
63105.19
63106.74
63112.15
63121.95
63186.92
63224.39
63280.34
63313.89
63423.22
63479.86
63536.32
63591.09
63646.92
63693.58
63737.29
63783.96
63839.05
63899.45
63972.67
64047.95
64159.07
64269.45
64380.30
64432.90
64503.28
64593.88
64673.28
64780.27
64850.14
64927.48
64980.85
65028.76
65082.12
65174.68
65217.48
65278.06
65313.64
65350.77
65396.66
65426.56
65448.99
65532.71
65573.18
65604.38
65652.85
65721.17
65790.78
65886.94
65934.38
66017.39
66042.40
66138.57
66286.04
66432.47
66575.04
66718.64
66866.63
67012.29
67157.70
67301.56
67440.52
67471.71
67617.89
67766.91
67916.65
68066.44
68113.11
68234.02
68376.59
68461.93
68548.29
68647.55
68718.71
68805.07
68896.34
68995.60
69086.09
69223.76
69322.76
69432.59
69579.80
69726.24
69803.07
69880.93
69949.50
70006.22
70086.14
70176.12
70271.00
70407.38
70524.94
70537.32
70647.66
70716.75
70755.68
70821.43
70853.91
70903.41
70959.87
71016.33
71059.39
71085.94
71114.82
71240.40
71341.21
71414.17
71462.64
71550.29
71634.86
71734.63
71851.42
71922.57
72001.21
72114.64
72180.64
72207.46
72234.53
72263.14
72290.47
72319.86
72354.93
72413.19
72478.93
72540.70
72604.12
72655.16
72706.73
72759.84
72809.85
72861.16
72915.04
72965.83
73022.03
73075.40
73128.77
73186.00
73243.75
73296.09
73349.97
73403.08
73457.73
73512.39
73566.27
73621.96
73678.68
73735.40
73790.57
73845.25
73900.68
73955.59
74008.19
74062.59
74117.76
74170.35
74222.69
74277.60
74331.74
74381.50
74434.09
74485.40
74533.61
74584.66
74635.96
74686.23
74739.09
74789.62
74841.70
74890.94
74943.79
74996.90
75051.55
75103.63
75155.71
75204.95
75254.71
75306.27
75355.26
75404.50
75453.23
75501.95
75550.94
75597.34
75645.81
75695.83
75746.36
75795.86
75843.30
75893.05
75941.01
75989.22
76035.11
76082.29
76130.76
76179.74
76227.95
76275.91
76324.12
76370.78
76420.54
76469.52
76518.51
76567.49
76619.57
76669.59
76720.38
76769.10
76819.63
76870.42
76920.44
76970.45
77021.76
77072.29
77121.53
77171.55
77221.05
77270.29
77316.95
77365.68
77413.89
77464.42
77512.63
77559.81
77575.02
78142.47
78842.17
79553.99
80269.94
80809.54
81362.55
81925.35
82480.42
83032.91
83615.05
84174.77
84724.16
85269.70
85485.23
9.20
50.79
83.77
117.27
149.76
180.18
214.79
246.50
279.50
310.96
343.44
376.18
410.52
443.26
474.20
506.42
537.88
570.62
600.27
633.01
664.98
696.43
728.66
760.11
807.03
828.49
858.40
890.88
922.85
954.56
986.53
1016.44
1048.15
1079.34
1111.57
1141.73
1174.22
1203.35
1235.32
1266.00
1297.71
1329.16
1360.36
1391.04
1421.98
1453.17
1485.66
1516.34
1547.53
1620.75
1650.50
1681.95
1713.66
1744.86
1776.05
1807.51
1838.19
1869.64
1899.29
1930.74
1961.42
1993.13
2023.30
2055.01
2085.17
2117.14
2146.53
2178.50
2208.15
2240.12
2269.51
2301.22
2330.61
2362.32
2391.45
2423.42
2453.07
2484.52
2514.43
2545.37
2575.27
2606.47
2636.38
2667.57
2697.22
2728.41
2758.06
2789.52
2819.16
2850.36
2879.75
2911.46
2940.59
2977.98
3008.40
3039.08
3069.76
3100.70
3130.86
3162.05
3280.91
3303.71
3335.94
3365.07
3397.04
3426.43
3458.14
3487.79
3519.24
3549.41
3580.60
3611.28
3642.48
3673.16
3704.09
3734.52
3765.71
3796.65
3827.33
3858.27
3888.95
3919.88
3950.30
3981.24
4011.92
4042.86
4073.02
4104.22
4133.87
4165.32
4194.97
4226.42
4255.81
4287.27
4316.66
4348.37
4377.76
4409.21
4439.38
4470.57
4500.48
4531.67
4561.32
4592.77
4622.68
4653.62
4683.52
4714.46
4744.37
4775.30
4804.95
4835.89
4865.54
4896.73
4926.38
4957.58
4987.23
5018.68
5048.07
5079.52
5109.17
5140.37
5170.02
5200.44
5230.60
5260.77
5290.93
5321.09
5351.26
5381.16
5411.33
5440.72
5471.14
5500.79
5531.21
5560.34
5591.80
5620.93
5652.90
5682.03
5712.71
5741.84
5772.78
5801.66
5832.34
5861.47
5891.89
5921.54
5952.99
6016.67
6021.05
6050.19
6082.16
6111.29
6143.00
6172.13
6204.10
6233.23
6264.69
6293.82
6325.02
6354.15
6385.60
6414.99
6446.19
6645.73
6666.06
6696.23
6727.42
6758.36
6789.04
6819.98
6850.66
6881.34
6912.27
6943.47
6974.15
7005.09
7035.77
7066.96
7096.87
7128.32
7157.71
7188.91
7218.55
7250.01
7279.91
7311.62
7341.53
7372.73
7402.63
7434.09
7463.99
7495.45
7525.35
7547.78
7672.66
7801.57
7935.40
8080.54
8225.30
8394.69
8555.82
8738.77
8900.93
9075.84
9282.02
9448.90
9618.80
9793.86
9963.50
10192.02
10361.41
10529.18
10697.27
10865.88
11032.17
11198.46
11454.65
11619.39
11784.91
11947.84
12107.95
12270.37
12429.95
12605.78
12770.81
12935.55
13101.58
13400.86
13565.09
13728.03
13917.63
14196.07
14527.12
14836.75
15149.56
15499.94
15805.12
16133.29
16543.02
16817.02
17138.52
17594.96
17925.99
18279.09
18609.34
18942.22
19273.51
19606.35
19939.18
20269.96
20597.57
20931.18
21232.05
21565.03
21899.67
22235.86
22568.70
22907.20
23241.59
23499.80
23836.76
24451.08
24735.70
25069.05
25403.44
25739.46
26074.10
26409.25
26743.89
27082.40
27409.00
27713.22
28049.67
28384.31
28644.44
28982.69
29323.00
29665.41
30004.43
30346.03
30681.12
31020.92
31354.70
31690.88
32025.52
32363.52
32701.51
33041.56
33379.30
34303.81
34372.98
34709.17
35045.36
35380.77
35716.19
36042.96
36379.66
36712.76
37048.17
37382.55
37744.69
38046.84
38382.52
38716.90
39049.48
39386.18
39720.82
40055.98
40392.42
40725.00
41008.59
41228.51
41564.70
41837.46
42174.42
42512.67
42850.92
43185.56
43523.55
43690.88
44025.52
44363.51
44703.05
45044.91
45382.90
45721.92
46060.95
46402.03
46741.83
47079.82
47421.16
47759.16
48098.44
48942.00
49562.43
49592.20
49930.96
50267.23
50605.22
50939.86
51277.86
51616.62
51956.16
52292.86
52633.18
52969.36
53309.42
53646.89
53983.08
54322.62
54657.61
54995.35
55330.76
55659.29
55994.96
56332.18
56668.37
57003.52
57336.62
57672.80
58009.51
58342.60
58678.79
59013.95
59349.36
59683.48
60017.61
60354.31
60688.18
61024.37
61358.75
61693.65
62028.03
62364.73
62699.38
63033.24
63365.76
63702.21
64035.30
64369.68
64707.68
65043.09
65267.64
65508.96
65588.62
65614.14
65686.33
65815.50
65936.67
65960.39
65978.69
66004.21
66101.93
66577.45
66580.44
66587.66
66594.88
66602.35
66609.57
66627.10
66627.36
66628.65
66637.93
66639.22
66640.77
66642.05
66643.34
66644.89
66646.44
66647.73
66649.27
66650.56
66652.11
66654.17
66685.62
66687.69
66746.98
66790.32
66847.04
66884.34
66938.29
66993.62
67047.76
67101.34
67155.50
67207.58
67252.33
67294.35
67334.15
67387.25
67448.87
67524.41
67630.89
67656.15
67710.01
67788.90
67887.90
67988.71
68049.29
68111.17
68193.93
68298.34
68370.27
68472.80
68577.21
68618.72
68696.84
68752.01
68793.52
68847.14
68934.54
68991.26
69041.02
69075.05
69103.41
69143.62
69181.78
69212.46
69240.56
69257.84
69282.33
69363.02
69418.71
69428.25
69441.40
69533.95
69588.61
69670.59
69731.18
69757.22
69880.97
70025.86
70169.98
70311.77
70453.83
70598.20
70741.80
70886.44
71028.75
71173.24
71318.39
71465.34
71612.55
71758.73
71812.10
71947.71
72093.63
72241.61
72310.19
72434.46
72578.06
72669.32
72757.50
72844.12
72942.86
73012.21
73075.64
73179.02
73284.98
73387.07
73520.36
73590.49
73640.76
73747.50
73889.81
73994.48
74138.34
74243.53
74315.20
74354.13
74417.04
74486.13
74571.21
74662.99
74786.98
74909.70
75012.82
75019.52
75092.48
75155.91
75198.70
75243.30
75280.43
75329.67
75366.28
75400.83
75457.29
75496.73
75525.87
75541.85
75611.72
75748.62
75776.98
75804.82
75867.73
75974.46
76031.32
76140.89
76246.33
76318.26
76368.02
76396.64
76426.03
76454.39
76480.94
76486.61
76501.31
76538.69
76564.99
76605.21
76669.40
76733.34
76798.31
76864.82
76929.54
76992.18
77055.35
77117.22
77173.43
77221.89
77269.85
77318.06
77368.85
77420.93
77470.43
77523.02
77576.64
77630.27
77683.89
77690.86
77715.59
77771.80
77828.26
77884.72
77940.15
77991.97
78044.30
78097.67
78151.55
78205.70
78260.61
78312.95
78366.05
78421.48
78480.27
78534.66
78587.52
78638.05
78690.90
78739.62
78789.64
78838.62
78889.41
78939.69
78990.22
79039.98
79091.28
79142.07
79189.51
79240.04
79290.05
79340.84
79389.31
79436.75
79485.99
79536.01
79584.99
79633.98
79681.93
79728.34
79777.32
79829.40
79878.38
79928.14
79975.58
80027.40
80031.52
