10.20
10.04
9.70
9.51
9.97
68.70
119.45
172.05
223.06
275.39
324.38
377.46
427.21
479.81
528.28
580.36
626.54
922.94
1329.41
1743.85
2152.45
2552.73
2960.76
3361.66
3769.57
4150.15
4684.34
4980.07
5388.56
5783.59
6177.70
6606.57
6962.09
7404.82
7757.76
8145.81
8539.49
8940.65
9337.94
9803.77
10203.89
10372.76
10407.64
10412.54
10419.75
10420.01
10427.49
10427.75
10428.26
10435.22
10435.48
10447.86
10448.11
10448.37
10450.69
10450.95
10451.21
10451.72
10458.68
10458.94
10466.16
10466.42
10466.68
10474.15
10474.41
10481.63
10481.89
10482.14
10482.66
10489.62
10489.88
10497.10
10497.36
10515.40
10515.66
10515.92
10516.18
10516.43
10516.69
10516.95
10517.21
10517.46
10517.72
10517.98
10519.01
10519.79
10520.04
10555.62
10618.01
10630.64
10688.39
10706.96
10727.07
10757.47
10819.60
10913.43
11028.93
11091.58
11158.87
11200.41
11252.23
11341.95
11404.58
11466.01
11544.90
11625.54
11692.57
11797.50
11869.68
11931.30
12010.96
12086.44
12163.27
12213.54
12249.12
12293.20
12335.48
12376.22
12422.62
12464.65
12525.46
12584.50
12619.30
12644.31
12671.90
12686.59
12701.55
12713.41
12726.04
12741.25
12754.66
12764.45
12773.48
12782.76
12791.78
12803.12
12814.21
12823.49
12832.52
12841.80
12852.37
12866.55
12876.60
12887.43
12898.00
12909.34
12919.14
12930.74
12942.34
12953.17
12962.97
12972.77
12981.53
12990.04
12998.55
13007.31
13016.59
13025.10
13033.61
13041.60
13050.35
13060.15
13068.91
13077.42
13085.93
13093.66
13101.40
13109.65
13118.41
13127.18
13134.40
13140.59
13148.32
13171.27
13190.86
13200.91
13217.41
13231.59
13245.00
13258.15
13271.30
13283.93
13294.50
13309.97
13318.48
13356.38
13400.98
13455.38
13497.66
13535.55
13560.05
13593.82
13619.09
13631.20
13637.91
13645.64
13652.09
13659.82
13668.59
13689.47
13729.43
13732.78
13735.36
13738.20
13741.80
13745.41
13749.28
13751.34
13753.41
13755.98
13758.56
13760.37
13762.69
13764.75
13767.84
13770.42
13773.52
13776.61
13780.73
13813.99
13859.11
13887.21
14253.56
14780.53
15208.76
15328.90
9.13
67.17
115.25
166.81
218.56
267.55
318.59
367.77
417.78
468.83
515.75
565.77
613.46
662.70
729.73
765.28
812.46
862.73
909.91
960.19
1007.37
1088.15
1440.21
1865.26
2301.52
2718.59
3145.92
3559.55
4026.79
4421.76
4839.16
5282.10
5718.20
6132.93
6531.59
6999.40
7395.15
7838.21
8240.14
8658.10
9081.13
9508.84
9996.38
10410.42
10822.41
11254.34
11648.53
12052.78
12462.53
12869.34
13218.44
13617.79
14038.28
14560.05
14968.17
15382.22
15793.95
16208.61
16563.88
16702.33
16702.57
16709.54
16709.79
16717.01
16717.27
16735.57
16735.83
16736.09
16736.35
16736.61
16736.86
16737.12
16740.99
16741.25
16748.46
16748.72
16748.98
16749.50
16756.46
16756.71
16764.19
16764.45
16771.93
16772.18
16779.66
16779.92
16780.43
16787.39
16787.65
16787.91
16795.13
16795.39
16795.64
16802.86
16803.12
16803.38
16803.64
16830.71
16830.96
16831.22
16831.48
16831.74
16832.00
16832.25
16832.51
16832.77
16834.32
16834.57
16834.83
16835.09
16842.05
16842.31
16842.57
16850.04
16850.30
16857.78
16858.04
16858.55
16858.81
16859.07
16859.32
16859.84
16860.36
16860.87
16866.29
16960.22
16968.73
17030.35
17054.75
17074.34
17093.94
17114.30
17135.45
17158.33
17243.41
17309.15
17399.38
17477.55
17565.98
17650.37
17733.39
17803.25
17896.68
17983.30
18079.73
18163.89
18230.14
18304.25
18391.14
18471.32
18580.89
18672.67
18753.62
18847.46
18938.49
19036.38
19129.45
19199.57
19241.08
19288.52
19338.53
19381.59
19426.70
19467.22
19509.76
19557.20
19604.38
19654.65
19725.80
19790.77
19857.03
19929.18
19994.93
20060.15
20105.79
20135.43
20166.37
20197.31
20228.76
20257.64
20285.74
20310.49
20332.41
20355.87
20367.21
20377.79
20389.64
20402.28
20413.36
20423.68
20435.02
20445.85
20456.93
20467.50
20481.43
20494.32
20505.14
20516.23
20527.06
20537.37
20546.91
20559.80
20568.82
20578.11
20588.16
20599.50
20611.11
20622.19
20641.53
20653.39
20668.86
20681.75
20692.57
20702.37
20712.43
20722.48
20732.28
20742.33
20756.00
20766.31
20775.59
20785.39
20794.41
20802.66
20810.65
20820.19
20828.96
20837.98
20846.23
20854.98
20865.29
20873.54
20882.05
20890.82
20899.32
20909.38
20917.63
20926.65
20935.16
20944.18
20953.98
20962.75
20972.03
20981.05
20990.07
20999.10
21009.41
21017.92
21027.20
21036.48
21045.50
21053.24
21060.46
21068.19
21076.18
21083.40
21089.85
21096.81
21104.54
21112.79
21121.04
21131.36
21146.05
21171.57
21192.46
21210.76
21217.46
21236.80
21250.98
21264.64
21277.79
21289.91
21301.00
21314.66
21326.00
21337.09
21347.92
21357.46
21367.25
21388.14
21389.43
21390.97
21412.37
21472.18
21519.62
21564.48
21609.34
21655.23
21707.82
21750.36
21799.61
21832.86
21865.86
21888.81
21914.07
21932.38
21939.08
21946.82
21952.75
21958.93
21966.67
21974.40
21981.36
21986.78
21994.51
22001.21
22007.92
22048.91
22090.42
22099.96
22102.79
22105.11
22107.95
22110.53
22112.59
22115.17
22117.75
22120.58
22123.16
22126.25
22129.09
22131.15
22133.21
22135.28
22137.86
22140.69
22143.27
22145.59
22147.91
22150.23
22153.07
22156.68
22159.25
22162.09
22164.41
22166.73
22168.28
22173.69
22192.00
22235.31
22277.58
22332.49
22359.30
22538.23
23351.88
23763.35
24191.58
24628.31
24695.86
10.27
64.68
114.86
162.30
213.40
263.67
309.05
358.55
409.47
457.17
504.61
553.07
601.80
647.18
696.16
747.20
796.96
842.34
891.32
939.79
986.97
1033.89
1082.88
1131.34
1175.17
1223.38
1271.08
1317.74
1362.86
1411.59
1451.80
1545.59
1751.96
2179.95
2642.25
3038.10
3447.59
3878.66
4314.29
4734.95
5156.25
5608.97
6049.53
6445.97
6866.04
7360.78
7731.56
8150.77
8586.60
9009.17
9431.46
9854.79
10714.34
10781.60
11201.58
11693.23
12053.14
12455.59
12872.44
13248.22
13670.93
14077.24
14491.29
15016.31
15435.25
15844.66
16255.10
16675.54
17096.04
17507.76
17920.78
18335.54
18764.02
19174.64
19585.85
19998.35
20418.84
20825.99
22057.56
22237.32
22646.21
23035.51
23174.21
23451.67
23458.67
23458.93
23459.19
23466.41
23466.66
23466.92
23467.44
23474.40
23474.66
23482.13
23482.39
23489.87
23490.12
23490.64
23497.86
23498.12
23498.38
23505.59
23505.86
23513.33
23513.59
23520.80
23521.06
23521.32
23528.54
23528.80
23529.05
23536.27
23536.53
23536.79
23544.01
23544.27
23544.52
23544.78
23545.04
23545.30
23545.81
23546.33
23546.59
23584.74
23679.10
23691.69
23713.19
23736.49
23760.98
23784.18
23803.55
23824.70
23845.06
23892.24
23916.99
23965.72
24045.12
24139.40
24227.57
24309.82
24412.68
24497.36
24596.10
24692.78
24778.96
24877.18
24973.09
25066.93
25176.89
25262.49
25348.34
25445.54
25498.39
25548.14
25593.57
25645.65
25694.38
25740.01
25788.22
25836.95
25917.20
25981.91
26045.60
26126.81
26191.78
26272.99
26354.46
26431.03
26496.51
26587.52
26653.52
26734.21
26815.94
26885.55
26947.17
27036.37
27112.94
27192.61
27265.05
27331.05
27399.89
27468.72
27519.48
27554.29
27591.93
27623.64
27669.27
27710.01
27749.45
27793.80
27835.05
27879.39
27923.99
27964.21
28009.59
28050.84
28092.57
28138.20
28185.64
28251.90
28303.37
28331.47
28360.34
28396.44
28411.65
28424.80
28436.91
28448.00
28462.44
28476.88
28492.09
28504.46
28516.84
28527.66
28538.75
28549.84
28562.47
28575.88
28592.89
28604.75
28619.96
28631.82
28643.94
28655.02
28665.85
28674.62
28684.41
28692.92
28701.69
28710.71
28721.02
28730.30
28739.33
28747.58
28756.86
28766.66
28774.91
28783.67
28792.18
28801.20
28810.23
28820.28
28830.34
28839.62
28849.67
28858.70
28867.72
28877.52
28888.60
28898.14
28907.42
28916.96
28926.50
28937.33
28949.96
28961.05
28970.59
28980.12
28990.95
29001.01
29014.93
29026.53
29036.59
29046.64
29056.44
29064.43
29072.94
29081.96
29089.70
29100.52
29110.58
29119.09
29128.37
29137.91
29145.90
29155.44
29164.20
29173.48
29183.80
29191.53
29199.27
29207.26
29216.02
29223.76
29232.52
29240.00
29247.99
29256.50
29266.04
29275.06
29282.54
29290.53
29299.04
29308.84
29317.34
29325.34
29333.84
29341.84
29350.86
29360.14
29368.13
29375.87
29385.15
29393.66
29403.12
29411.38
29420.91
29429.68
29439.48
29448.24
29457.27
29465.26
29473.77
29483.30
29492.59
29508.83
29523.27
29553.17
29568.39
29587.99
29607.32
29609.39
29609.64
29609.90
29622.54
29638.00
29649.09
29660.18
29674.10
29684.93
29695.24
29704.26
29720.50
29732.88
29743.19
29751.96
29762.01
29772.07
29784.96
29794.24
29818.21
29820.54
29846.83
29878.29
29922.74
29971.98
30027.15
30076.91
30136.21
30195.50
30250.93
30303.53
30355.09
30396.86
30443.00
30451.25
30485.54
30518.03
30550.77
30576.55
30600.53
30625.79
30650.03
30656.99
30664.46
30672.71
30679.68
30687.41
30695.40
30701.85
30708.81
30716.29
30722.47
30730.46
30737.68
30744.64
30751.61
30763.72
30804.97
30846.22
30878.96
30882.83
30887.73
30890.57
30893.92
30896.75
30899.85
30902.68
30905.52
30909.39
30912.22
30915.83
30918.67
30921.25
30924.08
30925.89
30928.98
30930.79
30932.85
30934.65
30937.23
30939.29
30942.39
30944.71
30946.77
30948.57
30950.64
30952.44
30955.79
30957.34
30959.40
30961.46
30963.27
30966.62
30969.20
30972.29
30974.87
30976.93
30978.74
30981.32
30983.64
30987.76
30999.62
31041.90
31084.18
31128.79
31183.44
31236.55
31240.93
31443.83
32256.46
32835.25
33253.68
33678.55
34119.67
34500.20
