8.75
168.66
180.73
8.86
77.33
388.09
434.75
446.30
464.83
9.49
74.94
135.77
458.92
768.52
768.77
831.42
898.52
8.54
73.70
132.38
190.38
451.00
842.92
1183.72
1214.40
1264.27
1367.95
1404.42
1483.05
9.05
71.77
129.20
185.40
241.40
372.32
743.77
1110.27
1485.07
1739.16
1742.31
1830.74
1910.66
1964.51
2022.10
2075.73
8.27
71.19
127.63
182.80
238.56
292.96
343.23
601.77
971.89
1358.22
1706.38
2069.03
2334.85
2337.17
2339.23
2400.59
2482.58
2579.10
2641.59
2696.25
2748.84
2808.17
3056.96
8.91
69.38
123.91
177.27
231.57
284.17
336.76
390.40
438.63
651.91
994.95
1329.90
1678.86
2019.68
2348.61
2699.81
2964.22
3023.32
3026.41
3054.00
3145.00
3193.46
3287.04
3385.31
3435.84
3482.41
3564.39
3605.39
3660.04
3870.16
10.25
68.68
122.17
174.25
226.96
278.78
331.37
382.28
433.59
484.89
528.72
704.30
1079.30
1433.24
1806.11
2169.19
2522.59
2883.14
3266.48
3618.66
3857.43
3886.53
3895.04
3987.33
4019.84
4087.65
4204.36
4301.30
4386.93
4414.52
4465.82
4522.58
4577.75
4635.50
4670.05
5031.24
9.24
67.55
119.57
170.62
222.51
273.04
323.31
373.59
425.26
475.27
525.03
575.05
624.29
706.12
956.75
1296.79
1639.50
1991.51
2352.05
2671.33
3013.62
3375.06
3707.29
4070.29
4382.85
4673.43
4777.11
4778.14
4788.45
4795.67
4910.14
4964.55
4999.88
5067.34
5225.67
5298.36
5388.34
5446.86
5473.93
5528.85
5587.84
5646.11
5702.12
5755.48
5808.34
5873.56
6348.97
9.73
66.75
118.18
167.68
217.84
267.59
316.84
366.08
416.43
465.41
513.88
562.35
610.82
658.52
708.02
758.27
853.22
1085.86
1419.04
1763.55
2119.52
2495.18
2806.13
3150.00
3514.30
3844.77
4222.30
4514.03
4897.28
5235.27
5604.25
5706.60
5736.70
5739.02
5746.24
5756.29
5760.68
5825.39
5933.41
5986.71
6033.12
6136.24
6268.60
6395.18
6469.43
6539.58
6583.41
6620.27
6673.90
6735.00
6794.55
6853.08
6910.31
6968.32
7001.32
7173.54
7660.55
10.24
66.71
117.15
165.88
216.32
265.82
314.03
362.50
412.59
461.06
510.05
557.74
605.18
652.88
700.83
767.86
798.32
846.79
882.37
1008.72
1217.57
1585.27
1934.77
2298.49
2702.55
3019.15
3380.25
3758.68
4106.47
4462.61
4842.66
5201.79
5556.31
5927.96
6286.58
6596.68
6711.66
6746.77
6751.15
6758.63
6766.36
6775.13
6780.03
6833.39
6919.88
6992.65
7088.56
7103.25
7210.38
7344.19
7471.35
7572.67
7638.16
7721.43
7764.48
7793.56
7850.28
7904.16
7958.82
8015.51
8069.91
8124.56
8149.83
8202.68
8255.79
8261.20
8552.79
9050.62
8.50
64.84
114.29
162.25
210.74
258.95
306.65
354.34
402.93
450.89
498.32
545.25
591.91
638.83
685.75
732.68
782.66
829.84
876.25
923.43
970.61
1014.43
1111.02
1263.87
1568.44
1949.20
2299.24
2755.08
3022.00
3430.49
3765.31
4123.41
4538.10
4816.09
5217.00
5574.97
5933.33
6309.65
6667.46
7085.98
7432.22
7774.86
7922.84
7969.35
7974.24
7981.72
7989.45
7996.93
8007.50
8010.08
8041.53
8138.82
8158.67
8220.55
8292.99
8343.86
8395.10
8541.54
8691.83
8765.57
8870.75
8961.50
9031.25
9104.23
9157.60
9186.21
9245.51
9302.49
9361.27
9418.31
9473.48
9529.43
9584.34
9640.80
9696.49
9749.86
9755.79
9938.32
10471.99
10692.16
8.69
63.93
112.48
159.66
208.06
254.73
302.16
349.09
397.08
443.23
490.67
536.82
582.71
629.11
675.52
721.41
770.02
816.94
862.83
909.75
955.64
1004.11
1047.94
1093.57
1139.20
1188.95
1332.46
1481.01
1807.89
2178.82
2531.07
2937.27
3248.12
3641.08
3988.60
4346.96
4744.49
5083.04
5441.40
5797.69
6153.73
6530.61
6981.79
7306.90
7653.40
8015.89
8377.34
8679.54
8995.87
9163.74
9236.68
9242.09
9249.57
9257.04
9264.78
9271.74
9276.12
9313.25
9405.34
9451.48
9480.36
9530.89
9614.89
9673.41
9744.57
9788.91
9902.32
10045.15
10171.99
10285.17
10364.27
10460.95
10533.14
10583.41
10610.22
10639.61
10675.19
10740.93
10804.11
10860.57
10919.09
10976.84
11031.76
11088.22
11140.81
11196.50
11252.76
11308.19
11311.03
11897.55
12403.89
8.95
62.89
110.46
156.35
203.76
249.91
295.80
341.43
389.15
434.52
480.16
525.53
571.16
615.77
660.37
705.48
769.42
798.18
843.56
888.93
933.79
978.65
1023.77
1068.37
1113.23
1157.57
1201.66
1245.75
1290.09
1326.18
1474.31
1614.43
1800.35
2155.71
2512.52
2920.61
3249.19
3589.93
3976.95
4331.14
4671.71
5038.87
5419.41
5777.12
6135.74
6509.35
6871.06
7283.50
7641.86
7988.11
8350.07
8709.62
9013.43
9375.66
9740.40
10193.18
10494.30
10628.11
10684.50
10688.88
10696.36
10703.83
10711.31
10719.04
10726.52
10734.00
10744.31
10746.37
10751.27
10802.06
10884.09
10976.73
10989.11
11032.25
11076.34
11169.66
11223.80
11259.12
11357.09
11491.16
11586.80
11708.46
11825.62
11933.13
12058.17
12128.81
12188.88
12246.38
12284.27
12315.21
12349.26
12400.30
12454.59
12519.55
12580.52
12639.04
12696.27
12750.93
12805.10
12862.59
12920.09
12976.29
13033.01
13090.50
13105.97
13437.00
13954.95
14367.45
9.23
62.70
109.65
154.25
201.43
247.07
291.41
336.27
382.80
428.43
473.04
517.38
562.50
606.58
650.93
695.53
739.87
786.92
830.75
875.87
920.21
963.78
1011.73
1052.73
1096.30
1140.64
1183.95
1228.30
1271.09
1314.92
1367.26
1403.61
1446.66
1477.09
1589.35
1744.43
1904.41
2134.18
2484.93
2874.62
3209.51
3568.07
3936.62
4295.48
4636.37
4987.33
5389.64
5730.27
6087.27
6442.28
6816.98
7233.05
7587.76
7945.09
8287.20
8645.82
9064.89
9304.30
9668.33
10040.88
10478.79
10842.31
11205.05
11566.25
11865.31
12002.72
12169.39
12269.44
12303.57
12417.01
12420.88
12465.49
12504.49
12547.55
12601.05
12680.71
12752.39
12864.54
12993.40
13091.50
13226.60
13299.04
13413.28
13493.20
13608.96
13711.05
13808.36
13857.60
13892.41
13922.65
13948.17
13996.38
14049.49
14100.02
14152.10
14210.62
14270.02
14328.80
14385.52
14441.98
14498.96
14552.84
14606.47
14660.09
14714.49
14768.63
14823.03
14842.62
14875.37
15465.76
15993.76
16287.15
8.62
61.75
106.99
151.07
197.25
241.59
285.16
329.50
373.33
419.02
462.59
506.93
549.73
593.04
636.61
680.44
723.24
768.75
813.09
855.89
899.20
942.51
985.57
1028.36
1070.39
1114.21
1157.01
1199.29
1241.32
1284.63
1327.17
1371.77
1413.54
1456.33
1498.36
1547.07
1590.13
1632.67
1672.37
1748.26
1894.56
2059.39
2221.31
2466.40
2790.66
3206.76
3481.16
3829.89
4173.46
4514.97
4834.65
5171.14
5580.49
5877.95
6218.36
6558.41
6896.02
7254.15
7651.78
7992.09
8331.37
8658.28
8995.70
9372.72
9623.32
9969.30
10407.01
10752.22
11096.91
11441.35
11783.21
12125.33
12467.70
12810.85
13166.04
13394.46
13533.93
13693.52
13694.84
13754.91
13829.15
13951.32
14017.10
14060.96
14070.76
14114.85
14153.75
14183.66
14233.16
14315.66
14373.93
14522.17
14632.29
14732.84
14834.93
14970.54
15034.48
15161.07
15201.03
15274.31
15355.41
15435.08
15537.43
15619.16
15644.16
15670.46
15719.45
15773.59
15806.84
15859.70
15912.84
15965.43
16021.12
16076.04
16130.18
16183.29
16237.68
16291.31
16345.96
16400.36
16454.76
16508.64
16563.30
16616.15
16669.78
16715.93
16919.60
17494.52
18035.41
18347.88
9.54
60.60
105.66
150.01
197.96
238.40
281.97
324.77
368.34
413.60
456.40
499.71
542.51
585.05
627.59
669.87
713.95
771.96
801.60
844.40
887.20
929.73
972.02
1018.16
1056.32
1098.60
1140.62
1182.91
1224.67
1266.44
1307.95
1349.71
1393.28
1435.30
1477.59
1554.16
1567.36
1610.16
1652.44
1694.46
1736.75
1779.29
1821.57
1855.08
1940.80
2101.59
2259.57
2426.89
2584.01
2926.08
3291.27
3643.00
4006.19
4364.65
4728.55
5060.36
5519.52
5845.96
6152.86
6511.73
6872.40
7266.24
7660.61
8014.74
8374.39
8730.43
9074.18
9401.17
9732.92
10096.69
10549.41
10913.03
11278.09
11643.41
12004.61
12365.54
12726.74
13087.16
13458.33
13817.39
14175.75
14532.56
15021.73
15218.18
15368.75
15419.54
15449.81
15455.73
15462.95
15470.69
15478.16
15485.64
15493.38
15500.85
15508.33
15515.80
15523.28
15531.02
15538.49
15547.52
15552.16
15557.05
15609.13
15692.15
15758.31
15805.75
15916.65
15953.00
15962.80
16020.86
16079.13
16128.63
16181.46
16228.12
16301.34
16424.26
16572.24
16719.45
16788.29
16928.02
16995.57
17100.26
17226.59
17289.23
17381.27
17446.24
17498.32
17567.41
17633.67
17746.08
17779.08
17802.80
17841.73
17903.35
17956.71
18013.69
18069.38
18125.07
18181.53
18235.93
18288.52
18342.92
18395.77
18448.62
18504.57
18559.77
18614.94
18664.44
18716.78
18770.92
18824.54
18878.43
18931.28
18985.42
19512.13
20038.84
20574.06
20829.81
9.00
60.36
103.95
147.77
190.57
234.16
276.70
319.24
362.30
406.56
449.10
491.38
534.18
576.46
618.48
659.48
702.79
744.81
789.88
832.16
874.18
915.43
957.71
1000.00
1041.76
1083.53
1125.29
1167.06
1208.57
1250.07
1290.55
1332.57
1380.53
1415.85
1457.61
1499.38
1546.38
1588.14
1628.62
1670.38
1712.41
1754.43
1795.68
1836.93
1878.70
1920.46
1961.71
2002.70
2044.47
2080.73
2224.75
2379.29
2542.74
2707.93
2878.71
3167.25
3539.40
3887.50
4305.67
4617.20
4989.80
5303.13
5694.19
6120.40
6410.55
6753.95
7110.12
7467.19
7899.86
8252.80
8609.87
8965.91
9311.52
9626.57
10000.01
10320.21
10769.25
11131.45
11494.96
11856.42
12218.90
12581.64
12938.71
13298.62
13667.21
14025.57
14383.42
14741.25
15232.75
15588.54
15920.08
16279.73
16638.61
16869.86
16992.58
17054.46
17113.42
17114.96
17121.92
17129.40
17136.88
17144.35
17152.09
17159.56
17167.04
17174.52
17181.99
17189.47
17196.95
17204.42
17211.90
17225.05
17230.20
17235.36
17281.77
17354.98
17404.86
17447.79
17591.39
17663.83
17693.48
17694.25
17754.07
17830.73
17905.24
17941.59
17975.77
18043.83
18073.22
18215.79
18361.97
18507.89
18656.98
18804.94
18889.24
18944.16
19040.32
19141.64
19216.15
19353.05
19416.73
19484.79
19566.00
19610.60
19650.56
19719.57
19775.26
19811.36
19840.89
19865.38
19914.36
19981.91
20046.36
20106.69
20160.32
20202.08
20236.37
20292.57
20352.90
20408.46
20461.06
20515.20
20569.86
20620.90
20673.50
20725.57
20777.14
20828.96
20881.29
20931.57
20981.84
21032.63
21084.45
21135.24
21139.11
21272.65
21885.21
22401.10
22929.10
23217.59
9.54
60.16
104.38
146.91
189.45
233.82
275.85
318.39
360.93
405.54
447.56
489.33
532.12
573.63
615.66
657.16
699.19
741.98
787.07
828.58
871.12
913.14
954.65
996.41
1038.18
1079.17
1121.20
1161.93
1203.70
1245.20
1286.45
1327.70
1367.92
1410.98
1452.48
1494.25
1541.50
1582.75
1625.04
1667.06
1708.05
1750.59
1791.32
1833.35
1875.11
1915.85
1957.87
1998.35
2041.92
2081.36
2122.10
2163.61
2204.60
2246.36
2273.33
2417.55
2573.31
2731.25
2899.74
3072.62
3223.18
3537.09
3858.64
4188.68
4601.27
4879.05
5187.13
5526.94
5901.11
6232.66
6576.38
6895.79
7231.82
7568.27
8000.79
8319.18
8650.98
8987.43
9321.36
9620.94
9950.42
10315.70
11059.74
11380.61
11720.92
12062.52
12403.09
12745.21
13082.95
13424.80
13835.77
14111.62
14449.10
14787.87
15266.38
15602.33
15940.84
16279.86
16589.75
16929.29
17268.83
17607.85
17870.05
18210.88
18474.88
18677.52
18780.64
18900.13
18949.02
18951.85
18958.55
18966.03
18973.51
18981.24
18988.72
18996.20
19003.67
19011.15
19018.62
19026.36
19033.84
19041.31
19048.79
19056.27
19063.74
19072.77
19076.12
19078.95
19083.85
19133.09
19211.73
19311.67
19369.35
19426.58
19492.13
19563.54
19621.29
19658.68
19748.14
19829.66
19887.66
19938.71
19966.30
19996.20
20119.95
20258.71
20394.58
20540.61
20686.28
20828.95
20969.98
21094.50
21196.34
21286.57
21394.59
21529.27
21575.42
21637.55
21702.26
21773.42
21806.42
21843.80
21871.64
21892.01
21919.08
21940.22
21994.36
22055.98
22120.18
22186.95
22250.37
22310.70
22366.78
22421.18
22470.42
22479.18
22534.36
22591.85
22651.40
22706.06
22758.91
22815.37
22870.03
22926.49
22980.89
23033.74
23082.72
23134.29
23185.59
23238.70
23291.29
23343.11
23367.86
23722.61
24313.52
24844.61
25389.37
25672.71
8.96
59.34
100.59
143.54
184.28
226.66
268.43
309.42
350.15
393.61
434.35
474.57
516.07
556.29
596.51
636.99
676.43
717.43
775.95
801.43
842.94
882.90
923.64
964.11
1003.30
1043.78
1084.25
1123.44
1163.66
1203.88
1243.58
1282.25
1322.73
1361.92
1403.17
1442.87
1483.09
1561.72
1570.09
1609.28
1649.76
1690.23
1729.42
1769.90
1810.12
1849.05
1889.52
1929.74
1969.19
2008.63
2049.62
2088.81
2128.00
2168.48
2207.41
2246.85
2286.81
2326.52
2365.96
2404.38
2445.37
2464.70
2572.36
2721.56
2886.05
3057.64
3216.97
3396.45
3550.67
3832.68
4187.36
4574.76
4955.04
5251.27
5650.82
5994.71
6350.75
6783.82
7072.34
7414.03
8034.07
8185.25
8559.82
8849.34
9206.27
9562.40
9887.27
10231.19
10648.11
11013.01
11377.30
11741.34
12105.37
12469.40
12830.08
13191.79
13548.60
13907.07
14306.68
14640.03
15001.23
15495.26
15854.72
16213.60
16573.50
16901.70
17265.47
17626.67
17987.09
18265.79
18553.50
18916.76
19279.76
19650.75
20018.39
20367.21
20558.25
20693.61
20761.93
20828.29
20831.38
20838.34
20845.81
20853.55
20861.02
20868.24
20875.98
20883.45
20890.93
20898.41
20905.88
20913.36
20920.84
20929.09
20935.79
20943.52
20950.74
20958.48
20970.59
20974.72
20977.55
20982.20
21021.90
21098.98
21168.72
21214.28
21259.91
21333.85
21427.60
21556.25
21628.38
21659.64
21709.14
21799.63
21894.51
21931.63
21975.15
22008.93
22155.62
22300.19
22435.02
22573.21
22712.43
22845.98
22908.11
22975.91
23115.65
23206.66
23323.32
23442.17
23553.88
23633.54
23712.69
23775.08
23850.10
23913.52
23961.22
24006.34
24037.79
24064.86
24090.90
24116.42
24165.92
24215.16
24273.95
24333.76
24396.84
24462.84
24525.23
24585.30
24645.88
24702.34
24759.32
24813.72
24870.95
24919.68
24960.16
25017.13
25073.08
25127.48
25183.68
25240.91
25297.63
25348.42
25401.53
25456.96
25510.84
25563.44
25615.26
25667.34
25717.09
26189.15
26772.58
27309.09
27857.97
28267.89
9.46
59.45
101.48
143.09
183.83
227.44
268.69
308.91
349.90
392.39
434.16
474.89
515.37
555.33
595.81
636.03
675.99
717.24
778.34
802.19
842.67
882.63
923.62
964.10
1004.06
1043.76
1083.46
1124.46
1164.42
1203.86
1243.31
1283.01
1322.46
1362.68
1403.67
1443.89
1483.85
1565.83
1569.75
1609.97
1649.93
1690.66
1730.88
1770.59
1810.29
1849.99
1890.98
1930.95
1970.39
2010.35
2056.76
2089.76
2130.23
2169.68
2208.87
2248.57
2287.76
2326.69
2366.91
2406.09
2445.80
2484.47
2523.66
2562.59
2601.26
2641.22
2680.92
2688.66
2828.59
2972.95
3136.05
3307.29
3447.29
3626.07
3783.70
3968.43
4207.07
4551.89
4903.94
5229.04
5558.20
5878.40
6264.30
6598.29
6936.42
7284.53
7608.24
8010.25
8348.50
8728.88
9043.67
9379.41
9717.01
10025.65
10366.22
10692.36
11188.24
11444.50
11788.68
12133.24
12477.94
12823.66
13167.59
13510.73
13851.57
14190.43
14629.45
14884.94
15569.69
15705.44
16042.47
16384.33
16724.64
17066.25
17378.71
17721.09
18062.18
18405.32
18664.43
18942.61
19287.30
19633.29
19983.68
20329.41
20674.88
21021.12
21367.62
21711.73
22267.26
22612.73
22880.59
22955.36
23100.77
23138.41
23187.65
23188.94
23196.16
23203.63
23211.11
23218.59
23225.80
23233.54
23241.02
23248.49
23255.97
23263.45
23270.92
23278.40
23285.88
23293.35
23301.09
23308.30
23316.04
23323.52
23330.99
23338.47
23346.46
23351.10
23353.94
23358.84
23404.47
23489.55
23554.70
23597.06
23641.66
23698.38
23822.42
23886.10
23957.25
24034.59
24137.98
24159.38
24189.80
24262.76
24336.70
24427.70
24472.30
24578.69
24722.29
24870.53
25002.53
25143.55
25284.06
25401.11
25530.02
25653.51
25778.55
25909.24
26040.21
26070.38
26076.82
26195.41
26309.88
26428.99
26502.47
26559.19
26619.00
26666.95
26719.29
26772.14
26803.85
26826.02
26856.96
26892.02
26944.56
26996.90
27051.55
27105.44
27159.06
27217.07
27273.79
27331.28
27392.90
27454.00
27514.59
27571.56
27626.99
27681.91
27734.50
27764.66
27805.66
27862.12
27912.13
27968.98
28000.70
28050.71
28104.85
28161.31
28213.91
28268.30
28322.45
28374.78
28429.18
28481.52
28530.50
28583.09
28638.27
28643.42
28700.40
29404.74
29940.73
30482.40
31034.89
31466.98
9.07
56.98
98.94
140.54
181.02
222.60
262.82
302.78
342.74
391.21
425.20
464.90
504.61
544.31
583.75
622.68
661.87
701.57
740.50
783.51
822.44
862.14
901.59
941.03
980.22
1019.41
1058.34
1097.27
1136.20
1175.12
1213.80
1252.47
1291.14
1330.07
1369.00
1408.96
1447.63
1486.56
1568.55
1570.55
1609.74
1649.19
1688.38
1727.56
1766.49
1805.68
1844.87
1883.80
1922.47
1961.14
2000.07
2038.74
2077.41
2116.34
2155.27
2193.95
2232.36
2270.77
2309.45
2348.63
2387.05
2425.20
2463.36
2502.03
2540.45
2578.09
2616.50
2654.40
2691.78
2729.42
2767.58
2805.73
2847.50
2885.66
2923.30
2935.16
3044.19
3191.82
3351.68
3523.91
3688.39
3870.87
4028.45
4214.45
4377.12
4612.16
4998.32
5348.09
5720.47
6020.15
6399.34
6762.30
7116.02
7554.76
7839.36
8233.77
8585.94
8942.49
9316.23
9669.30
9986.41
10343.41
10700.48
11129.54
11500.80
11817.91
12181.68
12541.69
12903.14
13263.82
13626.30
13989.34
14344.23
14703.36
15090.66
16101.55
16279.68
16639.61
16998.48
17356.07
17712.88
18042.11
18399.18
18758.31
19037.78
19316.21
19682.31
20045.64
20413.13
20777.68
21140.68
21504.45
21863.82
22426.29
22789.69
23156.04
23518.53
23884.11
24244.53
24605.46
24891.89
24961.76
25131.14
25176.52
25372.73
25377.92
25385.39
25392.87
25400.09
25407.82
25415.04
25427.68
25433.61
25436.18
25438.50
25448.56
25531.83
25589.01
25655.18
25696.65
25744.34
25837.15
25855.20
25923.78
25989.26
26019.10
26086.90
26141.04
26207.56
26254.22
26351.07
26409.08
26487.20
26564.16
26624.75
26718.85
26864.00
26990.84
27130.32
27272.37
27417.00
27534.31
27656.42
27794.61
27798.22
27864.99
27960.12
28017.36
28137.24
28245.52
28377.27
28513.13
28560.31
28672.20
28776.62
28905.52
28995.76
29066.91
29112.80
29155.60
29186.80
29213.87
29240.68
29267.49
29282.19
29328.59
29384.02
29438.42
29493.59
29550.05
29606.90
29661.04
29712.61
29767.78
29820.89
29874.00
29931.49
29988.46
30042.61
30097.78
30152.47
30205.06
30256.88
30309.73
30318.76
30324.43
30378.05
30428.84
30482.21
30537.12
30591.27
30642.83
30692.07
30740.80
30794.68
30840.31
30891.36
30942.94
30995.28
31047.10
31098.92
31151.25
31201.01
31202.56
31594.95
32230.97
32758.71
33289.04
33828.38
34306.62
9.14
56.81
97.79
139.48
178.93
220.27
259.71
299.16
338.34
376.76
419.02
458.20
497.91
536.32
575.51
613.66
651.82
690.49
730.45
772.49
811.93
850.86
890.31
928.46
967.65
1005.29
1043.71
1082.38
1120.54
1159.21
1197.62
1234.75
1272.90
1311.83
1349.99
1387.89
1426.82
1465.75
1504.42
1572.48
1586.94
1626.12
1665.57
1703.73
1742.91
1781.59
1819.48
1857.38
1896.05
1935.24
1973.66
2011.81
2050.23
2087.35
2126.02
2164.95
2203.37
2241.01
2278.65
2316.80
2355.48
2392.86
2430.76
2468.91
2506.55
2544.71
2582.35
2620.25
2658.15
2695.53
2733.69
2771.59
2809.48
2850.48
2888.38
2926.02
2963.91
3002.33
3039.97
3078.12
3178.67
3206.64
3227.52
3290.00
3439.00
3598.38
3755.43
3915.62
4095.09
4257.63
4440.32
4600.17
4763.11
4923.98
5244.39
5571.21
5888.23
6233.70
6598.85
6974.98
7268.94
7604.11
8022.54
8349.09
8671.01
9009.00
9345.45
9701.23
10037.75
10337.78
10672.93
11008.09
11438.10
11761.91
12111.91
12417.41
12760.05
13101.32
13444.46
13784.78
14127.64
14467.20
14805.96
15146.02
15537.95
15979.17
16317.16
16657.99
16999.07
17338.36
17678.67
18016.92
18328.61
18669.18
19010.53
19279.94
19616.64
19886.57
20229.93
20574.62
20925.23
21271.99
21615.91
21957.35
22512.58
22856.25
23199.43
23544.39
23890.63
24234.55
24580.28
24921.62
25264.00
25607.66
25948.75
26290.61
26632.72
26944.16
27146.80
27219.25
27366.20
27388.37
27658.86
27661.74
27662.25
27667.93
27670.50
27672.82
27677.46
27749.91
27827.32
27891.26
27939.61
27980.35
28091.41
28161.02
28178.04
28207.43
28275.29
28357.53
28400.33
28474.90
28536.77
28572.35
28640.67
28680.89
28752.56
28825.52
28899.00
28978.92
29067.09
29215.64
29359.24
29505.42
29582.00
29661.92
29762.46
29895.50
30038.07
30182.96
30296.65
30396.17
30534.61
30624.33
30690.59
30749.89
30837.54
30932.42
30997.64
31070.86
31164.45
31241.33
31364.82
31500.43
31561.79
31600.72
31628.82
31653.83
31674.71
31697.07
31748.89
31803.29
31856.38
31907.95
31962.60
32017.00
32073.46
32127.34
32183.03
32238.46
32293.63
32352.16
32403.20
32457.02
32510.91
32565.30
32617.38
32669.98
32727.98
32783.41
32837.55
32891.18
32942.23
32994.56
33045.09
33097.17
33151.57
33203.65
33256.24
33308.06
33360.66
33375.09
33398.81
33449.86
33499.62
33547.57
33596.30
33648.12
33701.23
33750.98
33801.00
33847.66
33876.28
34322.81
34966.83
35501.02
36039.33
36595.95
37132.97
37250.02
9.46
57.06
97.44
137.91
176.84
217.00
256.45
295.12
332.25
372.21
413.39
451.03
490.48
529.41
567.82
605.46
643.88
681.77
720.19
758.86
799.93
838.86
877.27
914.66
953.59
992.26
1029.90
1067.28
1105.18
1143.85
1180.72
1218.36
1256.26
1292.87
1331.02
1368.41
1410.43
1445.75
1482.62
1520.26
1565.39
1602.52
1641.70
1679.86
1717.24
1754.62
1792.78
1831.20
1867.80
1905.70
1944.12
1980.73
2018.88
2056.52
2093.13
2131.29
2168.67
2205.28
2243.18
2280.82
2317.43
2354.81
2392.20
2428.55
2466.45
2503.05
2539.66
2577.30
2613.40
2651.04
2688.16
2724.52
2761.38
2798.77
2855.23
2875.34
2912.72
2950.36
2986.45
3024.87
3061.22
3187.55
3225.83
3263.21
3300.08
3338.50
3376.39
3413.26
3450.90
3484.42
3626.59
3773.21
3930.00
4098.41
4281.03
4441.39
4599.07
4783.64
4942.20
5104.88
5303.28
5469.57
5770.07
6081.58
6617.33
6801.88
7124.59
7458.47
7791.98
8125.85
8593.29
8866.90
9186.59
9521.48
9856.12
10208.25
10509.72
10843.80
11179.21
11607.91
11941.78
12264.04
12610.66
12914.88
13252.09
13592.14
13932.45
14272.77
14609.28
14949.59
15288.88
15824.61
16202.83
16458.84
16796.31
17134.30
17473.36
17810.32
18146.76
18484.24
18819.39
19129.80
19396.38
19735.14
20093.06
20337.46
20679.07
21020.93
21369.60
21712.23
22051.03
22602.70
22945.34
23288.74
23629.40
23971.26
24312.09
24654.72
24997.09
25338.70
25678.23
26018.29
26357.83
26698.14
27037.68
27379.02
27717.53
28056.55
28396.09
28734.60
29074.40
29347.88
29403.82
29532.98
29631.98
29659.57
29935.73
29941.59
29946.49
29948.55
29950.87
29953.19
29957.83
30008.36
30087.25
30127.57
30208.86
30301.93
30350.48
30407.98
30479.89
30530.42
30574.50
30671.18
30777.83
30859.30
30943.86
30958.04
31007.73
31048.72
31105.44
31158.80
31205.47
31273.53
31351.91
31388.26
31521.55
31664.02
31807.11
31949.81
32093.41
32161.99
32235.72
32382.93
32510.29
32611.10
32727.37
32864.63
33005.40
33128.89
33224.02
33324.83
33450.90
33544.85
33617.55
33677.62
33694.90
33793.38
33853.71
33916.62
34000.45
34087.07
34180.91
34263.41
34291.26
34319.88
34349.01
34371.44
34411.40
34466.05
34519.68
34573.05
34626.16
34682.10
34738.30
34792.96
34849.42
34904.85
34961.05
35014.94
35072.43
35125.54
35181.74
35236.66
35291.31
35341.84
35395.98
35448.58
35503.75
35557.63
35612.29
35662.82
35712.58
35764.40
35813.90
35865.20
35914.96
35963.95
35983.80
35987.41
36036.13
36085.63
36135.39
36181.02
36230.78
36280.80
36330.04
36379.54
36425.95
36474.31
36524.07
36574.09
36623.84
36672.83
36718.20
36735.48
36890.68
37560.22
38134.37
38667.52
39193.98
39741.83
40266.73
40417.81
8.63
56.23
96.55
134.89
174.59
212.93
252.63
291.05
328.17
367.36
407.11
446.30
483.68
521.84
559.22
596.61
634.76
670.60
710.30
746.65
788.82
826.72
864.10
900.97
939.64
975.73
1013.89
1051.27
1088.14
1125.52
1161.88
1199.52
1236.12
1273.77
1309.09
1346.73
1383.34
1422.52
1459.13
1496.77
1532.35
1578.06
1614.15
1652.57
1690.21
1727.59
1764.97
1801.58
1839.48
1875.57
1913.21
1950.08
1987.72
2024.85
2061.71
2099.36
2134.93
2172.06
2208.67
2246.31
2282.66
2320.30
2355.36
2393.00
2428.58
2465.96
2502.57
2539.44
2576.05
2612.66
2649.01
2685.62
2721.97
2758.58
2794.93
2831.03
2871.25
2907.60
2944.72
2981.33
3018.20
3054.81
3090.90
3194.29
3217.04
3253.91
3291.29
3327.64
3365.54
3402.15
3439.53
3475.37
3513.01
3549.88
3587.00
3623.87
3660.73
3698.12
3733.18
3750.71
3805.75
3959.37
4118.70
4279.44
4444.75
4629.17
4796.81
4984.98
5149.20
5319.88
5532.54
5689.36
5853.07
6100.54
6418.71
6812.81
7192.05
7520.59
7897.36
8223.50
8637.86
9061.19
9355.42
9697.54
10052.66
10407.15
10745.58
11101.02
11911.59
12261.54
12601.85
12993.74
13292.54
13654.51
14014.83
14378.52
14737.33
15099.04
15458.95
16490.46
16715.79
17040.89
17396.15
17756.57
18116.85
18475.98
18833.05
19188.57
19437.36
19798.56
20161.04
20521.08
20801.32
21164.06
21526.80
21897.89
22257.92
22820.64
23186.22
23551.29
23917.38
24280.45
24644.23
25007.48
25370.23
25732.97
26095.45
26454.84
26817.07
27180.33
27543.33
27904.27
28266.23
28625.11
28985.79
29349.56
29737.67
30064.06
30424.48
30786.45
31146.87
31507.55
31730.04
31761.24
31918.50
31997.14
32030.39
32319.11
32327.55
32333.22
32335.54
32337.61
32339.93
32344.57
32415.72
32501.83
32540.45
32575.71
32661.30
32766.29
32812.69
32862.50
32901.69
32968.98
33030.15
33072.43
33179.68
33286.16
33380.32
33404.04
33465.66
33534.75
33577.80
33620.86
33661.59
33741.00
33766.01
33832.52
33888.43
33999.04
34143.15
34219.98
34365.64
34510.28
34655.17
34800.57
34948.04
35095.25
35243.24
35385.04
35453.36
35460.32
35561.12
35662.18
35785.42
35926.44
36069.01
36084.48
36154.35
36242.53
36299.25
36399.54
36471.21
36537.21
36596.76
36626.93
36671.79
36723.09
36813.84
36847.36
36934.50
37017.77
37092.54
37120.38
37151.06
37180.19
37213.96
37279.45
37347.77
37413.77
37480.80
37535.46
37590.11
37643.48
37696.85
37754.08
37811.57
37868.29
37926.30
37978.64
38035.10
38092.33
38148.28
38207.32
38264.55
38314.57
38368.45
38423.36
38479.82
38534.48
38590.68
38645.08
38698.45
38755.17
38807.16
38860.02
38911.84
38963.75
39016.86
39069.45
39119.46
39169.22
39218.72
39267.71
39317.21
39366.96
39415.18
39464.16
39514.43
39563.93
39614.98
39665.00
39715.01
39766.32
39792.10
39803.44
40410.85
41073.94
41605.55
42147.99
42691.46
43232.35
43760.61
43817.32
8.98
56.00
94.32
134.06
170.67
210.70
248.34
286.50
323.36
361.52
401.10
438.74
476.64
513.77
550.63
586.73
625.40
661.23
702.23
736.52
777.25
814.38
851.24
887.85
925.23
961.59
999.48
1035.84
1072.70
1109.05
1146.70
1182.79
1218.62
1256.27
1291.33
1328.20
1364.80
1400.64
1439.05
1475.66
1512.02
1582.40
1591.77
1629.92
1666.02
1702.88
1739.23
1777.13
1813.48
1849.58
1886.45
1922.80
1959.66
1995.24
2032.88
2068.98
2104.81
2142.20
2177.77
2214.38
2250.73
2287.09
2323.18
2359.02
2395.62
2431.20
2468.33
2503.91
2539.74
2575.84
2612.19
2647.77
2684.12
2719.18
2756.05
2791.62
2826.43
2871.80
2903.00
2939.35
2975.45
3011.28
3047.38
3083.47
3200.26
3208.16
3243.48
3280.61
3317.22
3353.05
3389.15
3425.50
3462.11
3497.69
3535.07
3570.91
3605.97
3643.87
3678.93
3716.31
3751.89
3787.21
3824.59
3859.66
3896.78
3932.62
3967.68
4004.80
4026.98
4041.18
4187.18
4339.68
4490.42
4654.62
4843.96
5009.73
5204.07
5366.49
5528.14
5696.49
5900.89
6067.44
6228.31
6389.70
6666.93
7027.48
7375.74
7740.81
8079.63
8428.64
8840.10
9192.53
9575.50
9902.79
10240.49
10590.86
10915.89
11283.25
11720.71
12077.00
12430.98
12786.50
13143.06
13491.04
13809.70
14169.86
14530.36
14885.16
15245.58
15605.23
16641.63
16813.96
17204.52
17541.48
17900.35
18258.71
18611.07
18967.37
19322.64
19656.50
19954.02
20282.99
20643.24
21002.37
21276.94
21637.11
21999.85
22364.96
22923.62
23286.62
23647.30
24009.53
24370.46
24733.99
25096.48
25457.16
25819.90
26179.80
26542.03
26901.16
27259.52
27617.62
27977.53
28333.83
28692.19
29051.06
29406.68
29765.55
30124.94
30476.32
30836.48
31196.64
31556.04
31911.82
32906.20
32935.64
33291.43
33648.04
34006.91
34297.98
34614.32
34839.06
34864.84
35011.28
35105.12
35121.62
35283.90
35286.75
35294.23
35301.71
35308.93
35316.40
35323.88
35331.10
35338.57
35346.05
35353.53
35361.00
35368.22
35375.70
35383.18
35390.39
35397.87
35405.35
35412.57
35420.30
35427.52
35435.00
35442.47
35449.69
35457.17
35467.48
35472.38
35474.44
35476.76
35478.82
35480.89
35485.53
35528.07
35618.30
35644.54
35723.92
35815.70
35870.68
35921.31
35963.30
36004.04
36023.89
36075.20
36125.80
36188.97
36275.59
36356.03
36461.02
36568.53
36675.00
36742.29
36772.97
36831.50
36887.21
36933.36
36968.43
37000.65
37039.84
37100.17
37121.57
37158.69
37204.84
37317.34
37459.39
37604.54
37718.49
37813.62
37927.06
38048.23
38177.91
38312.75
38458.67
38604.59
38747.16
38891.54
39032.30
39064.98
39146.71
39220.45
39323.83
39394.73
39490.63
39604.07
39748.70
39819.60
39893.85
39971.97
40040.55
40140.84
40234.16
40269.48
40316.66
40375.19
40409.99
40450.21
40480.89
40506.41
40603.09
40652.34
40712.66
40727.10
40757.52
40788.72
40809.60
40829.20
40880.50
40948.40
41013.11
41079.62
41144.85
41209.82
41272.21
41336.15
41391.58
41444.95
41494.96
41547.55
41598.86
41651.97
41707.66
41767.98
41824.96
41883.23
41941.23
41995.38
42046.68
42100.56
42157.54
42210.65
42265.82
42319.45
42372.04
42425.15
42478.52
42530.85
42584.48
42637.33
42689.66
42742.52
42794.08
42843.58
42893.85
42945.67
42995.43
43044.41
43093.66
43142.38
43191.37
43240.61
43289.08
43338.84
43387.30
43433.97
43484.24
43533.23
43580.66
43620.11
44024.10
44715.04
45284.03
45815.12
46344.16
46887.62
47420.27
47935.63
47980.49
9.41
55.50
94.48
132.85
169.72
208.11
246.52
283.13
319.48
357.64
397.03
433.12
471.28
507.37
544.24
580.85
617.71
653.04
689.90
727.03
763.12
804.21
841.08
878.46
913.78
950.91
987.26
1022.84
1060.22
1096.31
1131.63
1168.76
1205.37
1239.91
1276.52
1313.13
1348.97
1383.26
1425.54
1458.80
1494.63
1529.70
1575.24
1611.08
1647.69
1684.81
1720.13
1756.74
1793.35
1829.19
1865.28
1902.15
1938.24
1973.05
2009.91
2046.27
2081.33
2117.94
2153.77
2189.09
2225.70
2261.54
2296.09
2331.66
2368.02
2403.59
2438.66
2475.01
2510.33
2544.88
2579.94
2616.29
2651.61
2686.67
2722.25
2757.83
2793.15
2828.21
2882.09
2902.46
2938.81
2974.65
3009.71
3046.06
3081.90
3179.61
3205.63
3241.21
3276.53
3313.40
3350.01
3384.30
3421.42
3457.77
3493.09
3529.70
3565.02
3600.60
3637.21
3672.79
3707.85
3743.95
3780.30
3816.13
3850.68
3887.29
3923.38
3958.70
3995.05
4030.38
4065.18
4101.53
4137.88
4178.36
4207.75
4244.62
4279.16
4314.48
4316.55
4402.19
4556.81
4701.21
4868.93
5025.86
5214.43
5380.46
5572.82
5740.91
5905.65
6116.17
6281.32
6447.61
6612.35
6791.02
6994.32
7237.70
7584.27
7935.73
8325.38
8641.20
9051.81
9408.14
9759.02
10128.73
10473.43
10810.28
11130.74
11513.21
11948.64
12300.27
12656.31
13012.61
13366.32
13706.89
14070.25
14391.22
14752.07
15111.18
15471.09
15831.77
16326.30
16687.75
17049.21
17407.05
17776.14
18135.54
18492.09
18849.60
19208.99
19564.51
19899.67
20202.34
20545.75
20889.93
21246.22
21605.36
21882.76
22242.16
23210.50
23536.75
23901.82
24265.59
24626.01
24985.41
25349.19
25709.35
26073.12
26437.67
26798.61
27160.06
27518.16
27879.62
28237.20
28595.05
28954.18
29312.88
29670.73
30028.57
30388.73
30747.50
31097.87
31457.00
31813.82
32171.66
34076.89
34272.16
34632.58
34921.97
35282.91
35640.24
35997.31
36356.96
36718.41
37076.51
37196.91
37432.04
37478.70
37551.40
37710.47
37745.28
37786.01
38119.15
38122.70
38124.76
38126.82
38128.88
38130.95
38133.27
38143.32
38205.20
38276.70
38301.71
38384.50
38479.64
38535.60
38591.03
38638.34
38694.09
38749.00
38812.68
38859.09
38950.04
39057.54
39122.25
39215.32
39322.32
39431.11
39539.10
39610.77
39634.49
39684.76
39761.85
39820.89
39844.86
39873.22
39895.14
39913.70
39936.13
40059.88
40199.61
40247.31
40371.57
40483.21
40624.23
40726.58
40862.96
41008.37
41155.58
41234.99
41360.54
41503.61
41649.79
41796.74
41942.92
42091.16
42225.74
42342.01
42458.29
42523.25
42524.29
42619.68
42716.87
42856.61
42991.18
43036.56
43124.99
43191.76
43250.54
43317.83
43395.43
43488.76
43518.67
43587.76
43623.34
43658.78
43697.45
43721.43
43743.34
43765.00
43789.75
43811.40
43833.57
43860.64
43874.05
43908.86
43971.25
44034.41
44098.35
44159.71
44221.07
44287.07
44350.49
44413.39
44476.25
44535.29
44595.36
44653.89
44705.96
44757.79
44808.06
44860.91
44916.34
44970.48
45027.97
45087.01
45147.34
45208.44
45260.78
45313.63
45367.77
45424.23
45478.63
45536.38
45590.26
45645.69
45700.35
45756.29
45811.72
45865.35
45915.11
45966.41
46017.20
46070.05
46121.87
46173.43
46226.80
46280.68
46333.54
46384.32
46434.08
46485.64
46536.69
46585.68
46639.04
46687.51
46735.98
46783.16
46831.11
46863.08
47123.21
47814.41
48464.61
48997.00
49544.07
50080.58
50641.32
51175.77
51568.42
9.08
54.82
92.60
129.97
165.29
204.85
241.71
278.07
313.39
350.51
395.89
425.88
461.72
497.04
534.94
570.52
606.09
640.90
676.99
714.12
749.18
789.34
825.69
861.01
896.07
932.16
967.74
1003.32
1038.12
1073.45
1109.80
1144.86
1179.66
1214.73
1249.79
1284.85
1320.43
1355.23
1389.78
1428.71
1461.45
1496.77
1532.09
1576.50
1611.56
1646.37
1681.69
1718.55
1753.88
1788.94
1823.23
1858.29
1894.90
1929.96
1964.77
1999.05
2034.12
2070.21
2105.53
2139.82
2175.14
2209.17
2243.72
2280.07
2314.36
2348.65
2383.97
2417.74
2451.77
2487.87
2521.90
2557.48
2591.51
2625.28
2660.09
2694.38
2729.95
2763.98
2798.79
2833.08
2866.85
2906.55
2941.36
2975.13
3009.94
3045.26
3080.06
3115.38
3214.90
3237.44
3272.50
3307.30
3342.88
3377.69
3413.27
3448.33
3483.91
3518.71
3553.00
3587.55
3624.16
3659.22
3693.77
3728.57
3763.38
3798.44
3834.02
3869.08
3903.11
3937.40
3972.72
4007.78
4042.84
4077.91
4111.94
4146.23
4181.55
4216.09
4251.67
4286.22
4320.51
4355.05
4389.60
4424.15
4459.73
4494.02
4528.30
4563.11
4596.62
4615.45
4629.46
4773.00
4924.93
5065.92
5232.34
5406.67
5575.80
5775.17
5935.79
6104.14
6268.11
6477.15
6644.21
6811.27
6977.82
7360.16
7364.71
7529.19
7749.50
8080.07
8433.05
8795.63
9200.48
9571.82
9897.56
10250.77
10641.80
10963.52
11300.48
11620.17
12064.11
12439.82
12794.57
13147.77
13500.98
13857.02
14211.77
14566.91
14888.92
15242.39
15605.52
15966.20
16459.70
16818.06
17178.74
17541.23
17900.36
18290.15
18631.24
18989.08
19346.41
19699.12
20055.68
20336.18
20693.19
21053.87
21381.04
21741.71
22101.88
22378.48
23241.38
23301.20
23690.55
24031.64
24389.22
24749.13
25110.07
25474.10
25838.35
26195.42
26555.32
26917.04
27280.04
27641.75
27999.33
28361.82
28721.21
29080.34
29438.54
29796.90
30155.52
30512.59
30871.98
31231.11
31581.96
31942.12
32300.74
34222.73
34395.02
34750.31
35102.31
35460.16
35758.45
36118.87
36478.52
36841.26
37200.65
37559.27
37870.19
38099.12
38291.97
38657.55
39019.77
39379.94
39744.23
40020.09
40129.14
40183.80
40299.04
40419.70
40445.22
40505.03
40547.79
40552.43
40559.91
40567.12
40574.60
40582.08
40589.55
40597.03
40604.25
40611.73
40618.95
40626.68
40634.16
40641.38
40648.85
40656.33
40663.55
40671.02
40678.76
40685.98
40693.45
40700.93
40708.41
40715.62
40723.10
40730.58
40738.05
40745.27
40753.01
40760.48
40767.70
40775.18
40782.66
40790.13
40797.61
40805.09
40812.30
40819.78
40827.52
40841.18
40843.50
40845.30
40852.52
40854.59
40856.65
40858.71
40860.77
40865.67
40922.13
41006.21
41035.54
41071.09
41151.52
41261.23
41314.00
41367.55
41417.44
41460.23
41519.02
41562.59
41613.12
41644.99
41703.00
41776.47
41853.82
41957.97
42045.11
42106.50
42194.16
42286.45
42387.52
42495.54
42559.22
42587.32
42639.91
42678.07
42711.84
42740.46
42763.15
42807.23
42891.54
43034.37
43135.39
43250.63
43378.25
43486.27
43594.04
43723.72
43802.87
43920.18
44057.87
44150.94
44267.21
44398.18
44532.50
44670.95
44812.48
44951.96
45088.86
45190.70
45216.99
45333.01
45473.52
45610.93
45684.92
45762.52
45862.55
45967.23
46025.49
46094.59
46156.98
46245.41
46334.35
46438.51
46491.62
46548.59
46596.55
46657.65
46706.63
46762.32
46797.64
46845.34
46880.14
46900.51
46921.91
46946.14
46975.02
47003.38
47012.66
47039.73
47059.58
47110.11
47157.43
47210.29
47269.58
47329.39
47390.75
47449.79
47507.54
47570.19
47632.07
47692.65
47751.95
47811.50
47870.80
47929.84
47986.04
48042.25
48097.48
48151.88
48181.78
48214.52
48268.41
48315.59
48365.34
48417.16
48472.59
48528.80
48587.06
48641.98
48699.21
48755.67
48809.30
48866.79
48923.51
48982.03
49037.46
49092.89
49145.48
49201.43
49254.54
49307.65
49362.05
49417.48
49469.30
49521.63
49574.48
49626.49
49678.05
49729.36
49778.34
49830.93
49880.43
49928.64
49975.57
50024.29
50074.31
50124.07
50174.34
50225.39
50238.02
50258.64
51037.24
51742.87
52292.27
52836.00
53373.54
53929.64
54478.52
55008.58
55314.09
9.27
54.50
92.04
129.89
166.24
203.28
239.63
276.76
312.34
348.69
384.78
423.39
458.97
495.32
531.93
567.51
603.86
638.67
674.25
711.89
745.92
786.09
820.89
856.98
892.56
928.91
963.98
999.55
1035.39
1069.68
1105.77
1140.58
1176.93
1211.73
1247.31
1281.60
1317.18
1351.73
1386.02
1421.08
1458.20
1493.52
1528.33
1572.56
1608.91
1643.71
1679.04
1713.84
1748.90
1784.74
1820.83
1855.38
1890.96
1925.76
1961.08
1995.37
2030.69
2065.75
2101.59
2136.14
2171.46
2206.00
2240.81
2275.87
2309.39
2344.71
2379.00
2414.32
2449.64
2484.44
2518.73
2553.79
2587.57
2622.37
2657.43
2690.69
2725.75
2760.56
2794.07
2829.39
2864.71
2902.36
2937.42
2971.45
3007.29
3042.61
3076.64
3111.96
3221.53
3233.14
3267.69
3303.79
3339.11
3374.17
3408.97
3443.78
3479.10
3513.13
3548.71
3583.00
3619.09
3654.15
3688.96
3724.02
3758.31
3793.63
3827.14
3862.72
3896.75
3932.07
3967.65
4002.20
4036.49
4071.81
4105.58
4140.90
4175.45
4212.06
4244.29
4278.32
4313.38
4348.70
4383.76
4417.54
4452.60
4486.63
4521.18
4556.24
4590.01
4624.30
4659.11
4692.88
4727.94
4763.00
4797.81
4831.32
4866.13
4900.93
4924.91
5033.62
5174.25
5324.54
5489.15
5644.37
5830.26
5997.32
6195.55
6363.13
6532.00
6744.24
6910.98
7079.59
7246.14
7410.36
7652.58
7801.59
7980.46
8136.44
8360.29
8677.33
9329.70
9461.24
9799.49
10164.61
10498.38
10851.32
11237.88
11564.39
11869.90
12313.11
12666.32
13037.29
13391.22
13750.09
14106.13
14459.34
14814.34
15161.59
15509.12
15843.77
16202.73
16697.14
17053.96
17414.64
17774.54
18133.93
18493.84
18879.96
19224.40
19581.98
19938.02
20295.92
20574.10
20931.94
21293.39
21651.50
21977.11
22336.76
22694.20
23258.89
23537.84
23897.75
24279.97
24623.38
24985.35
25349.89
25711.86
26073.06
26433.68
26799.26
27158.91
27518.04
27875.37
28233.99
28593.64
28955.86
29314.48
29673.36
30032.23
30396.52
30757.20
31114.53
31469.54
31828.63
32174.38
32536.86
33203.27
33561.89
33920.77
34277.58
34637.74
34991.91
35346.50
35703.57
36058.84
36354.55
36716.00
37074.11
37432.98
37794.95
38155.63
38494.65
38554.98
38887.04
39247.98
39608.40
39968.31
40333.89
40695.08
41057.05
41419.02
41782.02
42148.11
42508.79
42818.16
42905.82
42933.14
43053.29
43208.23
43238.39
43266.50
43620.43
43624.23
43631.71
43639.19
43646.41
43653.88
43668.32
43669.09
43676.31
43678.38
43680.18
43682.24
43684.30
43686.37
43691.27
43751.59
43820.05
43845.58
43931.41
43968.27
44011.98
44121.81
44177.31
44232.28
44287.96
44293.64
44310.14
44361.96
44421.98
44467.62
44518.92
44589.82
44647.31
44697.59
44780.86
44848.31
44936.22
45014.60
45075.70
45180.11
45284.32
45342.32
45445.45
45523.82
45580.29
45621.54
45652.21
45685.21
45711.77
45785.76
45931.94
45994.59
46132.52
46238.48
46350.82
46494.68
46634.93
46706.29
46793.68
46893.97
47010.50
47154.62
47232.74
47346.69
47485.14
47620.75
47695.51
47802.25
47939.40
48050.52
48158.80
48258.57
48391.86
48531.60
48673.39
48813.39
48857.21
48985.09
49081.22
49157.02
49226.11
49311.19
49398.85
49466.65
49521.82
49585.50
49648.15
49695.33
49777.83
49836.62
49876.84
49916.29
49956.50
49998.79
50042.61
50067.62
50091.60
50119.96
50147.80
50172.04
50179.00
50217.15
50270.78
50322.08
50374.42
50427.01
50477.29
50527.04
50581.70
50637.16
50694.14
50752.41
50808.61
50868.42
50928.23
50985.73
51044.80
51101.77
51161.59
51219.34
51277.34
51335.35
51392.84
51448.02
51504.73
51560.42
51615.59
51669.73
51721.81
51774.15
51825.45
51874.18
51924.97
51977.82
52030.41
52083.52
52136.12
52190.52
52243.62
52298.02
52352.94
52407.59
52461.73
52514.33
52570.53
52626.73
52685.00
52740.69
52796.38
52851.55
52904.91
52955.70
53006.75
53062.95
53115.55
53168.14
53217.38
53267.91
53321.80
53374.50
53426.06
53477.37
53526.61
53577.40
53626.90
53675.88
53711.98
53749.88
54528.98
55240.03
55811.60
56351.20
56905.50
57453.61
58012.55
58558.34
59097.42
59154.40
8.95
53.15
89.57
126.76
162.86
204.11
235.76
270.05
305.37
340.43
375.75
413.73
448.53
484.37
519.43
554.23
588.52
623.33
658.13
692.68
728.26
762.55
802.61
837.41
872.48
907.02
941.31
975.60
1009.89
1044.70
1079.24
1114.05
1148.59
1183.14
1217.43
1251.72
1285.75
1320.04
1353.55
1387.59
1421.62
1457.97
1492.26
1526.55
1599.25
1603.96
1639.02
1673.82
1708.37
1743.18
1777.72
1812.27
1846.56
1880.85
1915.39
1950.20
1984.49
2018.52
2052.81
2087.10
2121.39
2155.42
2189.71
2224.00
2257.77
2291.80
2326.09
2359.86
2393.89
2427.67
2461.44
2495.21
2528.73
2562.50
2596.79
2631.08
2664.60
2698.11
2731.89
2765.66
2799.18
2832.69
2865.69
2910.55
2938.65
2972.68
3006.97
3040.75
3074.78
3108.55
3231.53
3262.63
3297.18
3331.73
3366.27
3400.82
3435.11
3469.14
3503.43
3537.72
3571.75
3606.30
3640.59
3674.88
3708.91
3742.94
3777.23
3811.26
3845.29
3879.58
3913.61
3947.64
3981.41
4015.45
4049.48
4083.51
4117.54
4151.83
4186.12
4230.20
4253.92
4287.95
4321.73
4355.50
4389.27
4423.05
4457.08
4490.85
4524.62
4558.91
4593.20
4626.98
4660.49
4694.52
4728.04
4761.55
4794.81
4829.10
4863.13
4896.91
4930.68
4964.20
4997.97
5031.23
5064.74
5098.26
5131.26
5165.03
5199.32
5232.84
5250.62
5365.10
5502.47
5649.73
5805.85
5953.66
6127.99
6293.50
6489.80
6650.67
6817.22
7022.15
7191.38
7356.12
7518.54
7686.12
7909.18
8078.82
8236.43
8407.62
8568.50
8730.66
8881.22
9074.00
9454.45
9784.47
10127.00
10448.47
10801.45
11102.32
11432.90
11842.75
12080.71
12499.19
12818.36
13150.68
13501.57
13835.69
14166.95
14501.33
14834.43
15168.79
15499.32
15828.38
16163.79
16743.36
16946.87
17282.02
17620.53
17956.72
18295.23
18632.96
18969.15
19302.24
19652.30
19985.66
20319.52
20655.12
20915.17
21250.07
21585.23
21920.64
22258.38
22562.08
22895.17
23446.31
23782.75
24042.37
24378.82
24719.90
25064.54
25403.05
25742.59
26081.61
26422.96
26759.28
27098.30
27437.84
27777.12
28115.63
28456.46
28795.22
29131.67
29468.63
29804.38
30141.59
30473.91
30807.78
31141.39
31475.77
31809.90
32149.95
32526.84
33379.43
33474.34
33810.79
34146.20
34484.71
34816.25
35148.39
35484.32
35818.19
36150.92
36490.46
36825.10
37098.64
37434.57
37772.56
38108.75
38445.96
38782.15
38961.07
39221.21
39467.42
39805.41
40150.11
40488.36
40828.93
41167.69
41507.23
41845.74
42185.54
42526.11
42865.39
43205.96
43544.21
43887.87
44223.80
44561.02
44898.46
45237.75
45519.54
45781.73
45837.93
45917.34
46064.55
46130.81
46148.08
46220.27
46593.31
46602.49
46602.75
46609.71
46611.51
46613.32
46615.12
46616.93
46618.99
46620.79
46625.69
46635.75
46737.84
46769.61
46843.38
46884.64
46921.22
47020.88
47077.08
47132.51
47187.31
47238.61
47308.66
47364.61
47374.66
47419.78
47471.34
47545.08
47590.45
47665.99
47698.22
47752.10
47824.80
47856.00
47925.87
48019.97
48076.56
48157.25
48219.13
48298.28
48374.59
48456.06
48540.88
48611.00
48691.70
48741.71
48769.30
48854.38
48996.18
49139.26
49176.64
49317.93
49416.67
49540.55
49654.25
49759.69
49865.91
50006.16
50148.99
50289.24
50343.89
50418.40
50500.90
50616.92
50723.91
50802.80
50939.70
51039.73
51095.16
51230.00
51313.01
51442.95
51572.63
51703.86
51747.17
51863.18
51988.68
52090.52
52204.21
52320.23
52453.52
52589.39
52636.57
52688.13
52750.00
52833.54
52888.96
52944.39
52991.83
53037.46
53090.06
53139.04
53189.06
53225.93
53276.46
53312.81
53329.57
53354.06
53379.84
53411.55
53442.23
53473.68
53522.41
53574.23
53626.82
53677.61
53728.92
53782.54
53835.39
53887.47
53938.78
53988.79
54042.68
54097.85
54150.18
54207.68
54264.39
54320.08
54377.32
54432.23
54491.79
54552.63
54610.89
54667.36
54725.36
54781.57
54838.29
54894.49
54950.69
55006.64
55060.78
55116.98
55169.57
55223.20
55278.37
55332.00
55388.20
55442.60
55495.45
55547.01
55601.15
55650.39
55698.09
55745.53
55796.83
55848.65
55899.70
55954.61
56008.24
56061.86
56112.39
56163.70
56217.07
56267.86
56319.42
56369.18
56420.39
56469.89
56521.20
56573.54
56622.76
56674.07
56724.60
56775.39
56825.26
56879.91
56931.22
56985.10
57037.18
57087.97
57141.34
57194.70
57244.98
57294.99
57372.34
58137.01
58841.87
59439.22
59978.05
60527.45
61068.59
61631.91
62180.80
62722.20
63118.98
10.83
50.17
82.48
115.38
147.34
178.54
212.12
244.09
275.54
306.22
338.19
373.25
407.95
439.92
470.60
502.82
535.31
569.60
602.08
635.60
667.05
700.57
735.11
767.34
803.99
837.76
871.02
904.54
937.54
971.05
1004.31
1036.79
1068.76
1102.02
1135.54
1167.76
1201.28
1233.50
1266.25
1297.96
1330.70
1363.96
1396.18
1428.67
1462.44
1495.44
1528.96
1602.18
1603.41
1636.67
1669.93
1703.19
1735.41
1767.64
1801.67
1834.41
1867.93
1900.93
1933.93
1967.19
1998.90
2031.90
2064.12
2097.90
2130.12
2163.38
2195.87
2226.55
2259.55
2292.55
2323.74
2355.20
2387.94
2419.65
2451.36
2483.59
2515.55
2548.04
2578.46
2610.69
2643.95
2675.40
2707.37
2736.76
2769.24
2801.98
2833.44
2865.66
2918.00
2932.95
2965.70
2995.34
3027.57
3061.09
3093.31
3124.77
3236.91
3237.04
3270.29
3303.04
3336.04
3369.04
3401.00
3434.26
3465.20
3498.71
3531.97
3563.94
3597.20
3629.94
3661.39
3693.88
3725.85
3759.62
3792.36
3824.07
3857.07
3888.01
3921.53
3954.53
3986.24
4019.24
4051.72
4082.66
4115.66
4148.66
4180.37
4213.37
4245.60
4276.28
4309.28
4342.54
4373.73
4406.73
4440.50
4472.73
4504.70
4538.73
4571.73
4605.25
4638.25
4671.50
4704.76
4737.76
4769.47
4803.50
4836.25
4870.28
4902.50
4936.28
4969.28
5002.02
5033.73
5067.50
5100.50
5133.76
5167.02
5199.25
5232.50
5263.96
5297.47
5329.96
5363.99
5395.96
5428.44
5461.18
5492.89
5526.15
5557.09
5579.78
5651.68
5787.37
5937.67
6064.07
6231.04
6403.48
6569.77
6765.59
6938.58
7103.32
7311.92
7482.71
7657.76
7830.50
7946.00
8160.24
8343.94
8518.48
8681.01
8859.16
9025.45
9193.80
9362.41
9615.27
9853.36
10186.39
10537.01
10900.43
11239.20
11589.94
11942.60
12382.16
12716.55
13061.98
13402.29
13757.04
14138.93
14484.40
14836.61
15189.93
15544.31
15898.29
16250.46
16837.74
17091.76
17412.99
17776.23
18135.36
18495.01
18854.14
19214.05
19574.73
19932.31
20300.53
20656.57
21013.90
21289.80
21652.12
22010.22
22366.77
22725.65
23080.51
23633.78
23966.10
24322.91
24682.04
24961.77
25322.19
25688.95
26054.01
26416.49
26778.72
27138.88
27495.50
27859.54
28217.89
28579.35
28939.77
29301.48
29663.45
30026.96
30383.78
30742.91
31099.46
31454.99
31815.67
32174.54
32533.16
32887.14
33552.06
33899.64
34259.81
34617.39
34974.98
35325.17
35681.72
36040.86
36397.41
36751.93
37110.29
37465.04
37754.04
38116.01
38474.89
38832.73
39222.29
39378.00
39735.59
39965.04
40275.71
40636.39
40998.36
41359.55
41719.71
42087.10
42449.84
42813.36
43173.52
43535.49
43898.75
44256.33
44617.01
44978.98
45335.46
45696.39
46058.36
46417.50
46776.89
47136.28
47495.41
49607.15
49613.24
49695.74
49738.54
49884.97
49993.16
50021.52
50047.56
50157.13
50159.48
50166.70
50174.18
50181.39
50188.87
50196.09
50203.31
50210.53
50218.00
50225.48
50232.70
50240.18
50247.39
50254.87
50262.09
50269.57
50276.79
50284.26
50291.48
50298.96
50306.18
50313.65
50320.87
50328.35
50335.57
50343.04
50350.26
50357.74
50364.96
50372.43
50379.91
50387.13
50394.61
50401.82
50409.30
50416.78
50424.00
50431.47
50442.30
50446.17
50453.39
50460.86
50468.08
50475.56
50483.04
50490.25
50506.24
50507.01
50507.27
50514.23
50515.78
50517.58
50519.13
50520.93
50522.74
50524.54
50526.09
50531.25
50540.53
50637.72
50669.11
50696.32
50766.55
50872.27
50918.16
50958.69
51011.54
51063.16
51116.53
51166.80
51231.72
51293.08
51338.71
51389.76
51459.37
51514.80
51589.05
51658.40
51723.63
51762.56
51814.12
51850.73
51915.04
51970.73
51981.81
52076.43
52122.84
52218.48
52282.94
52353.06
52429.63
52508.78
52584.06
52655.99
52732.82
52799.59
52857.34
52997.34
53132.69
53257.21
53394.37
53435.62
53504.20
53624.08
53735.97
53845.02
53980.38
54120.40
54196.71
54293.13
54410.95
54547.08
54686.04
54826.55
54949.52
55039.76
55040.53
55127.16
55198.57
55320.26
55367.44
55482.16
55617.77
55665.52
55763.23
55854.24
55954.53
56072.35
56182.44
56284.79
56417.56
56551.37
56608.86
56744.73
56830.06
56963.35
57085.81
57161.61
57295.93
57395.70
57449.33
57506.05
57567.15
57617.94
57669.76
57713.59
57748.65
57780.36
57813.88
57853.06
57878.84
57903.85
57929.63
57953.87
57983.52
58011.10
58021.93
58036.62
58088.19
58135.11
58163.47
58207.30
58262.21
58317.38
58368.43
58419.73
58472.84
58523.63
58574.42
58625.21
58675.74
58727.56
58778.09
58830.17
58880.96
58937.68
58993.37
59048.28
59107.06
59164.81
59217.92
59270.77
59325.43
59382.15
59437.32
59491.46
59544.57
59596.13
59653.62
59710.86
59761.13
59808.05
59856.27
59902.93
59955.52
60007.34
60054.78
60102.48
60154.30
60207.66
60257.42
60308.73
60363.12
60414.17
60464.45
60510.67
60557.89
60608.68
60656.89
60701.75
60747.89
60795.33
60844.83
60893.56
60943.06
60996.94
61045.93
61095.94
61145.44
61193.65
61241.35
61288.79
61336.22
61382.89
61432.64
61482.92
61530.61
61580.11
61627.29
61678.34
61726.55
61772.18
61822.71
61869.38
61918.11
61966.39
62012.79
62037.80
62621.49
63311.65
64018.06
64547.61
65083.08
65631.45
66156.87
66711.43
67257.47
67794.75
68295.68
9.95
51.55
82.80
114.87
146.32
180.87
216.54
251.09
285.38
318.64
351.64
385.67
423.42
456.42
490.97
522.94
556.71
591.00
623.48
657.26
690.52
723.77
755.48
792.13
825.64
859.42
892.42
926.19
959.45
990.90
1024.42
1058.19
1091.45
1123.93
1156.16
1188.90
1222.42
1255.42
1287.64
1319.61
1352.36
1385.61
1418.36
1451.87
1484.87
1518.13
1551.13
1593.12
1625.60
1659.12
1691.86
1724.60
1758.12
1791.89
1825.15
1856.60
1889.86
1923.63
1956.89
1989.12
2021.86
2054.34
2088.12
2120.34
2152.83
2185.83
2218.05
2251.31
2284.05
2316.28
2348.51
2380.99
2414.25
2447.25
2479.73
2510.16
2542.90
2576.41
2608.90
2641.12
2672.84
2705.84
2738.32
2770.80
2800.97
2833.45
2866.45
2898.16
2935.55
2967.77
3000.26
3031.20
3064.20
3097.45
3130.20
3246.98
3277.07
3310.33
3343.85
3377.36
3410.36
3441.56
3474.56
3508.33
3541.33
3574.07
3605.79
3638.79
3672.30
3705.04
3737.53
3770.01
3802.50
3835.75
3868.50
3900.72
3933.21
3965.69
3998.95
4031.95
4064.18
4095.11
4127.86
4160.86
4193.60
4225.82
4257.28
4290.02
4322.25
4354.47
4386.70
4419.18
4452.18
4484.67
4516.89
4547.83
4579.29
4611.51
4643.48
4674.93
4707.42
4739.64
4772.13
4802.81
4835.04
4866.75
4899.23
4930.17
4962.14
4993.33
5025.56
5056.24
5088.72
5120.95
5153.43
5184.11
5216.34
5249.08
5281.31
5313.28
5344.99
5377.47
5409.70
5441.41
5472.86
5505.35
5537.32
5568.77
5598.68
5630.90
5662.87
5694.32
5726.04
5758.52
5790.49
5821.94
5853.14
5885.36
5936.93
5950.59
5998.55
6123.21
6263.71
6394.99
6555.73
6732.23
6893.36
7086.39
7264.28
7436.24
7602.53
7811.57
7984.56
8153.94
8324.11
8552.12
8722.02
8890.11
9059.50
9228.11
9398.00
9561.97
9727.49
9981.36
10147.39
10311.88
10538.61
10860.88
11208.19
11575.65
11905.65
12249.71
12687.46
13001.22
13391.31
13719.41
14046.57
14399.26
14802.84
15124.08
15477.57
15826.00
16177.14
16532.15
17020.91
17386.50
17721.14
18039.54
18393.28
18753.45
19110.77
19467.59
19826.46
20183.02
20540.60
20909.72
21264.07
21603.61
21890.55
22247.65
22603.69
22958.26
23897.99
24230.42
24554.49
24914.14
25271.21
25541.14
25902.08
26283.80
26625.40
26985.57
27346.76
27708.21
28070.44
28425.36
28780.11
29142.34
29498.89
29857.25
30216.64
30576.04
30928.72
31286.57
31643.12
31996.84
32352.62
32706.60
33277.65
33727.79
34081.77
34467.18
34785.59
35142.41
35495.41
35852.22
36210.58
36565.84
36919.56
37273.54
37627.04
37980.76
38332.68
38622.71
38979.27
39332.47
39559.09
39870.53
40227.60
40541.61
40692.18
40983.50
41333.87
41687.85
42047.50
42404.31
42763.18
43118.45
43476.29
43836.20
44197.14
44555.75
44914.63
45272.99
45633.67
45988.45
46340.36
46696.40
47052.44
47411.57
47769.93
50411.73
50728.91
51087.27
51443.66
51796.09
52148.78
52476.46
52691.99
52772.95
52799.24
52936.66
53074.33
53101.40
53112.74
53183.38
53612.10
53613.58
53628.53
53635.23
53636.52
53638.07
53639.62
53641.16
53642.71
53644.26
53645.80
53647.35
53648.90
53654.05
53663.59
53727.53
53787.76
53807.92
53874.43
53915.73
54025.63
54071.57
54110.50
54148.91
54196.21
54243.91
54290.57
54338.04
54408.16
54478.55
54549.29
54652.68
54653.19
54655.00
54732.34
54806.33
54857.64
54927.76
54989.89
55052.71
55092.41
55130.05
55167.43
55211.26
55255.35
55305.11
55339.65
55364.14
55412.87
55505.80
55585.46
55651.72
55711.64
55786.92
55852.66
55919.70
56007.87
56077.22
56103.77
56221.08
56359.75
56500.00
56640.00
56776.89
56919.46
56982.89
57004.03
57101.48
57218.01
57334.80
57399.51
57520.68
57636.44
57775.92
57873.63
58002.28
58120.36
58175.01
58252.87
58352.90
58431.79
58518.93
58636.24
58745.95
58826.39
58877.69
58926.42
58983.39
59025.42
59118.23
59155.36
59224.71
59357.74
59423.22
59470.92
59583.84
59713.52
59787.00
59891.15
60009.23
60105.39
60219.86
60351.09
60429.46
60564.04
60668.71
60756.89
60867.49
60982.73
61088.69
61192.59
61234.10
61279.21
61330.52
61381.57
61416.37
61454.27
61480.82
61497.58
61518.46
61543.21
61565.13
61593.23
61618.75
61649.18
61700.48
61750.96
61804.07
61853.57
61904.11
61955.15
62006.46
62059.05
62112.93
62161.40
62216.83
62271.75
62321.25
62368.94
62422.57
62473.61
62522.60
62571.07
62623.40
62673.42
62726.27
62776.29
62824.50
62870.39
62918.34
62961.39
63006.77
63059.62
63110.41
63163.26
63214.05
63268.19
63320.27
63371.90
63422.94
63471.67
63518.85
63566.54
63610.89
63659.36
63704.73
63748.82
63793.68
63838.54
63883.14
63930.57
63976.98
64023.13
64065.93
64109.75
64153.58
64198.96
64242.53
64289.19
64333.28
64379.43
64388.71
64430.73
64478.68
64527.41
64571.24
64617.39
64664.57
64712.26
64759.44
64803.79
64848.39
64892.73
64934.50
64975.75
65017.51
65059.54
65106.46
65147.96
65188.18
65230.72
65275.84
65323.79
65374.07
65418.93
65461.98
65508.64
65551.70
65595.14
65639.99
65681.50
65723.27
65761.16
65800.35
65841.09
65881.30
65899.87
66645.20
67347.74
68056.21
68579.57
69109.38
69648.20
70175.43
70717.35
71267.01
71802.74
72328.94
72580.05
8.54
49.88
82.15
113.39
144.85
176.82
208.23
240.71
273.45
304.91
338.42
372.45
406.49
439.23
472.75
505.75
537.46
568.14
600.11
632.59
664.56
697.30
731.59
762.79
800.23
831.94
864.68
897.68
931.20
962.14
995.65
1028.91
1061.39
1092.59
1125.33
1157.82
1189.79
1220.98
1253.46
1285.95
1317.14
1349.63
1381.34
1412.54
1452.75
1479.57
1510.50
1543.25
1611.31
1617.23
1649.45
1681.16
1713.91
1746.13
1777.33
1810.59
1843.84
1876.07
1907.27
1940.01
1971.98
2003.69
2035.40
2068.14
2101.40
2138.52
2164.82
2197.05
2228.50
2259.95
2292.44
2324.92
2355.60
2387.83
2419.28
2450.22
2483.73
2515.19
2546.38
2577.58
2610.32
2642.80
2673.48
2705.45
2737.16
2768.10
2800.59
2832.04
2862.46
2895.20
2940.06
2962.49
2994.98
3026.17
3057.11
3089.34
3122.08
3152.76
3255.11
3267.46
3300.46
3331.91
3364.40
3396.62
3428.08
3459.53
3492.02
3525.27
3556.21
3588.70
3620.66
3652.12
3683.57
3716.57
3749.05
3779.99
3812.48
3843.93
3874.87
3907.87
3940.09
3971.80
4002.74
4034.45
4067.71
4098.39
4130.10
4161.30
4192.49
4225.23
4270.87
4287.62
4319.34
4352.08
4383.02
4413.95
4446.18
4478.15
4508.83
4540.28
4573.02
4603.45
4635.16
4666.35
4697.55
4730.03
4761.48
4791.91
4824.65
4856.62
4887.30
4917.98
4948.40
4977.53
5009.24
5040.70
5071.63
5103.60
5134.54
5165.22
5196.67
5227.61
5258.29
5290.26
5321.20
5352.13
5383.59
5414.78
5445.72
5477.43
5508.37
5539.30
5571.27
5601.70
5632.89
5664.34
5695.28
5726.22
5757.93
5788.87
5819.80
5851.52
5882.45
5939.69
5958.77
5984.29
6016.26
6046.68
6077.88
6104.69
6134.08
6160.89
6190.02
6217.09
6248.55
6278.20
6308.36
6310.42
6310.85
6427.50
6556.98
6691.04
6843.30
6997.96
7170.70
7332.09
7524.11
7700.19
7868.80
8081.61
8252.21
8427.26
8603.07
8767.81
8995.79
9163.11
9333.78
9499.29
9666.61
9832.13
9997.39
10251.12
10424.37
10581.64
10746.64
10908.80
11083.60
11306.59
11662.64
11973.82
12329.72
12762.61
13103.19
13416.09
13767.49
14136.18
14479.56
14807.50
15159.15
15542.12
15878.15
16225.07
16576.98
17615.97
17761.88
18114.99
18459.69
18778.09
19131.52
19488.59
19845.66
20204.27
20559.80
20911.97
21268.01
21635.28
21989.26
22264.86
22616.77
22969.28
23322.16
23876.62
24232.91
24588.95
24940.09
25265.71
25619.69
25974.95
26246.95
26606.59
26994.57
27327.40
27686.28
28043.09
28403.25
28761.36
29116.82
29473.11
29830.70
30188.66
30546.24
30903.05
31260.12
31615.65
31971.17
32325.92
32683.77
33038.26
34922.35
35122.70
35471.45
35819.83
36175.87
36530.11
36883.82
37237.80
37592.29
37949.36
38298.30
38653.31
39007.80
39330.59
39653.62
39958.36
40188.07
40545.91
40900.41
41259.80
41470.95
41786.51
42145.12
42503.23
42863.13
43220.98
43582.95
43939.24
44299.15
44657.25
45012.00
45373.20
45732.84
46090.17
46451.11
46803.47
47160.54
47521.48
47882.42
50527.06
50848.80
51208.70
51565.26
51921.06
52279.16
52638.81
52996.40
53354.24
53709.77
54063.23
54421.07
54778.66
55132.38
55481.46
55679.21
55958.16
55984.71
56037.05
56176.27
56291.77
56318.07
56326.83
56406.75
56854.86
56858.43
56875.44
56881.63
56883.18
56884.98
56886.53
56888.07
56889.88
56891.43
56893.23
56895.04
56896.58
56901.74
56911.79
57031.68
57074.48
57102.66
57145.20
57186.48
57226.30
57338.45
57388.96
57431.66
57478.84
57535.04
57588.95
57649.53
57720.68
57753.94
57786.16
57866.86
57971.79
58027.73
58112.81
58192.65
58290.88
58324.65
58363.32
58448.40
58538.89
58583.24
58607.99
58639.44
58696.93
58719.11
58744.89
58812.43
58869.32
58897.16
58971.93
59042.05
59135.89
59198.03
59262.22
59322.29
59392.74
59468.54
59500.50
59599.76
59746.71
59786.93
59929.50
60037.79
60181.13
60327.31
60472.97
60616.57
60761.21
60908.68
60941.16
61012.32
61089.66
61165.20
61238.42
61345.67
61450.08
61585.43
61707.38
61825.29
61969.40
62105.05
62196.05
62242.20
62297.63
62361.31
62460.31
62594.38
62728.18
62807.07
62866.11
62922.31
62973.10
63027.24
63074.16
63105.88
63209.26
63254.63
63277.84
63368.07
63475.84
63532.55
63590.82
63708.38
63785.21
63866.42
63966.45
64058.75
64173.48
64228.39
64324.81
64432.58
64535.04
64666.52
64803.16
64862.20
64903.45
64933.88
64960.95
64992.66
65021.27
65051.44
65081.91
65106.66
65152.81
65202.82
65255.16
65307.24
65361.38
65414.23
65468.37
65519.68
65575.11
65627.70
65680.55
65734.18
65785.74
65843.23
65900.46
65954.86
66007.71
66064.18
66116.56
66169.41
66222.78
66277.95
66331.57
66386.49
66442.95
66492.45
66544.27
66595.06
66648.17
66699.99
66750.78
66802.34
66855.19
66906.24
66958.83
67007.82
67058.35
67111.71
67164.31
67218.96
67275.17
67327.76
67378.04
67428.31
67474.97
67521.89
67571.14
67621.15
67672.97
67723.76
67771.97
67820.96
67870.20
67920.47
67970.49
68021.79
68072.32
68122.86
68172.87
68223.66
68273.16
68325.75
68375.25
68423.72
68476.06
68528.65
68581.25
68632.29
68681.79
68732.07
68783.11
68832.36
68883.14
68932.90
68983.18
69033.96
69082.18
69130.39
69180.92
69231.96
69282.75
69307.25
69324.52
69375.05
69424.29
69475.60
69523.29
69570.21
69616.36
69661.22
69708.92
69752.75
69797.09
69844.01
70597.60
71291.11
72000.10
72565.22
73103.54
73649.32
74197.69
74740.90
75308.61
75854.91
76394.77
76929.21
76935.66
8.64
49.82
84.25
118.20
151.72
186.52
220.79
253.27
286.53
319.53
351.50
386.04
422.27
453.98
487.49
520.23
551.95
585.20
618.46
650.17
681.37
715.40
747.37
802.28
817.34
849.30
883.34
915.05
946.24
979.50
1012.24
1043.44
1077.47
1108.92
1140.12
1172.34
1205.60
1236.54
1269.02
1302.02
1332.70
1364.67
1397.41
1427.84
1462.64
1493.32
1526.84
1558.55
1600.31
1632.02
1665.28
1697.25
1728.44
1762.21
1794.44
1825.38
1858.89
1891.12
1922.06
1955.06
1987.54
2018.22
2051.22
2083.19
2113.61
2146.87
2178.32
2209.00
2242.26
2273.46
2305.17
2337.14
2369.62
2400.04
2431.50
2464.24
2494.66
2527.66
2558.08
2589.79
2621.76
2651.41
2684.67
2715.86
2746.80
2778.25
2810.48
2840.64
2873.39
2903.81
2946.09
2970.58
3003.58
3034.78
3065.97
3097.94
3130.17
3160.59
3261.65
3276.72
3307.40
3340.66
3372.88
3403.56
3436.82
3468.79
3499.47
3532.98
3564.70
3595.12
3628.63
3660.09
3690.77
3724.28
3755.22
3786.93
3819.41
3851.38
3882.32
3914.29
3946.77
3977.45
4009.68
4042.16
4072.59
4105.84
4136.27
4167.98
4200.46
4230.62
4263.62
4294.56
4325.76
4358.24
4390.21
4421.15
4452.86
4485.34
4515.77
4548.25
4579.70
4610.38
4643.12
4673.03
4706.03
4736.97
4768.42
4800.13
4832.36
4862.78
4894.75
4926.46
4956.88
4989.62
5019.79
5052.53
5083.21
5114.66
5146.38
5178.34
5208.51
5240.99
5271.93
5303.12
5335.09
5364.74
5397.74
5429.20
5459.62
5491.07
5522.52
5553.20
5584.14
5615.08
5646.53
5678.50
5708.41
5740.89
5769.77
5802.25
5833.19
5863.09
5895.32
5925.48
5974.98
5996.12
6027.58
6057.74
6090.23
6119.62
6152.62
6183.55
6215.01
6246.46
6278.69
6308.85
6341.85
6372.27
6403.98
6609.98
6630.45
6663.45
6694.39
6726.36
6759.10
6773.28
6843.82
6980.37
7131.54
7255.32
7416.29
7594.14
7756.05
7947.21
8123.30
8302.47
8512.48
8685.44
8858.43
9034.26
9208.80
9438.44
9606.02
9777.22
9954.34
10118.31
10287.69
10455.01
10712.07
10876.81
11042.59
11209.65
11379.03
11558.73
11724.50
11888.97
12077.42
12378.15
13128.51
13183.75
13517.53
13879.25
14174.54
14526.71
14942.04
15246.05
15592.55
15926.48
16280.71
16653.89
17008.02
17497.61
17850.30
18204.02
18555.93
18947.52
19258.96
19580.20
19937.49
20296.11
20654.46
21013.34
21372.47
21729.29
22087.13
22456.37
22733.00
23090.84
23447.84
24006.89
24365.00
24722.07
25073.46
25428.73
25785.80
26109.36
26467.20
26827.62
27100.39
27460.81
27846.09
28189.50
28549.40
28911.11
29269.99
29630.15
29989.15
30348.56
30709.75
31072.50
31428.54
31788.18
32147.57
32506.96
32865.58
33220.07
35139.49
35312.35
35669.94
36048.43
36369.93
36724.93
37084.84
37440.11
37795.37
38149.86
38506.42
38861.25
39218.58
39573.59
39931.69
40245.70
40447.83
40762.62
41121.75
41481.66
41840.79
42199.66
42376.78
42734.11
43094.79
43456.21
43815.60
44178.08
44536.70
44896.09
45256.51
45617.71
45976.32
46334.43
46694.33
47052.69
47413.37
47771.13
48334.96
50736.23
50755.95
51117.40
51475.76
51833.35
52191.71
52550.84
52909.11
53267.98
53629.43
53985.47
54345.12
54700.64
55055.39
55405.25
55758.49
56114.53
56471.09
56825.84
57180.84
57537.91
57895.76
58249.99
58607.32
58964.39
59200.80
59344.92
59376.12
59434.93
59572.86
59684.23
59710.53
59719.81
59797.67
60263.51
60269.08
60276.30
60283.78
60300.79
60307.24
60308.79
60310.33
60311.88
60313.68
60315.23
60317.04
60318.58
60320.39
60321.93
60323.74
60328.64
60343.07
60448.78
60483.60
60532.32
60576.04
60690.36
60746.41
60802.61
60858.11
60903.89
60946.43
60997.53
61052.96
61112.36
61184.80
61258.54
61332.01
61441.58
61551.18
61566.14
61598.36
61667.46
61744.03
61835.81
61942.29
61991.79
62033.81
62082.79
62157.04
62223.30
62277.18
62311.46
62354.52
62408.66
62430.06
62478.53
62535.50
62589.13
62600.21
62667.50
62739.43
62814.09
62875.45
62936.29
63031.68
63098.71
63157.75
63305.74
63451.14
63596.29
63741.18
63888.65
64033.23
64178.64
64324.56
64469.19
64485.95
64605.32
64753.56
64841.99
64988.68
65125.58
65187.47
65277.45
65367.43
65439.10
65547.38
65681.70
65741.25
65850.57
65990.30
66135.96
66283.18
66409.25
66453.33
66534.29
66605.96
66678.66
66739.76
66828.71
66964.83
67095.03
67205.37
67269.57
67289.93
67338.92
67384.55
67444.36
67485.87
67565.02
67598.54
67627.67
67727.96
67821.54
67864.86
67914.36
67994.28
68107.46
68172.17
68261.11
68343.61
68453.44
68526.04
68620.65
68700.32
68814.01
68843.14
68870.73
68900.64
68917.91
68928.48
68949.11
68983.39
68996.54
69039.34
69088.58
69141.43
69191.71
69242.50
69291.74
69293.54
69331.96
69384.81
69438.73
69492.10
69545.47
69601.16
69654.27
69705.83
69759.97
69813.34
69867.99
69922.91
69978.59
70034.54
70092.03
70145.66
70198.25
70251.10
70304.47
70357.06
70407.85
70461.99
70517.68
70569.50
70621.58
70675.98
70729.60
70779.10
70827.29
70878.08
70927.07
70978.63
71033.80
71087.17
71137.70
71187.20
71239.02
71291.10
71342.66
71395.00
71447.33
71500.96
71551.49
71602.02
71649.97
71701.54
71750.78
71802.60
71852.36
71901.86
71950.58
71999.57
72045.71
72096.76
72145.75
72194.99
72239.85
72286.77
72331.89
72378.29
72424.96
72474.97
72523.44
72571.91
72619.61
72667.82
72713.96
72759.86
72807.04
72857.57
72907.84
72958.11
73006.07
73054.54
73101.71
73151.73
73199.94
73249.96
73301.26
73352.05
73403.10
73452.60
73503.90
73550.82
73598.78
73646.21
73695.20
73743.67
73792.14
73840.61
73890.11
73939.09
73987.82
74037.32
74060.78
74740.37
75438.27
76149.32
76778.12
77319.79
77861.45
78417.55
78961.02
79526.14
80085.86
80633.71
81178.46
81599.73
10.81
49.87
78.83
110.41
138.51
168.68
197.04
228.72
257.59
288.27
316.89
346.54
376.45
407.19
437.87
466.23
496.13
523.46
552.08
580.95
611.12
639.48
669.64
699.55
732.80
761.68
797.15
829.64
861.35
891.77
922.45
953.39
985.61
1014.49
1046.71
1079.71
1108.59
1140.04
1168.66
1200.63
1230.79
1261.99
1291.64
1322.57
1351.19
1383.16
1413.32
1444.26
1475.71
1507.43
1537.85
1568.79
1608.61
1639.03
1670.74
1702.19
1732.10
1763.55
1794.23
1825.94
1855.07
1886.53
1917.98
1948.66
1979.86
2008.99
2040.96
2070.86
2102.06
2131.96
2162.90
2192.04
2223.49
2254.43
2284.85
2315.53
2345.43
2376.11
2405.25
2436.18
2465.83
2497.03
2526.68
2557.87
2587.00
2618.20
2646.56
2677.50
2705.86
2737.05
2766.96
2797.12
2827.54
2858.22
2888.64
2918.55
2958.51
2982.49
3012.65
3044.11
3073.50
3104.43
3132.79
3164.25
3271.75
3273.68
3304.36
3334.52
3364.95
3395.62
3427.59
3457.24
3488.18
3518.34
3549.80
3580.73
3611.41
3642.09
3671.23
3702.68
3732.59
3764.30
3793.95
3824.62
3854.02
3885.47
3915.89
3946.57
3976.99
4007.67
4037.84
4066.97
4097.39
4127.55
4159.27
4188.91
4220.11
4249.24
4280.18
4308.80
4339.73
4370.16
4400.84
4431.26
4461.94
4492.36
4522.27
4552.95
4581.82
4612.24
4641.38
4672.31
4701.70
4732.64
4762.29
4793.23
4822.62
4853.55
4882.95
4913.88
4942.24
4973.18
5002.05
5032.73
5061.09
5091.52
5120.13
5150.55
5178.91
5209.34
5237.70
5267.34
5295.96
5325.09
5353.97
5384.13
5413.27
5443.95
5472.82
5503.50
5532.12
5562.80
5591.67
5622.35
5650.97
5681.13
5710.52
5740.95
5769.82
5800.50
5829.38
5859.80
5888.67
5919.09
5947.97
5997.73
6015.26
6045.94
6075.59
6106.52
6135.91
6166.08
6195.98
6226.15
6255.80
6286.22
6316.12
6346.03
6375.42
6405.07
6434.72
6631.95
6645.00
6675.94
6706.11
6737.04
6766.69
6796.60
6827.02
6857.18
6887.35
6917.51
6947.93
6977.84
7007.23
7037.14
7067.82
7096.69
7127.11
7157.02
7160.11
7242.06
7367.27
7477.67
7588.94
7716.09
7861.16
8038.34
8202.05
8390.95
8559.56
8732.57
8936.71
9105.67
9276.86
9451.66
9621.81
9848.24
10017.62
10183.46
10350.26
10525.32
10684.90
10856.35
11114.03
11278.25
11446.35
11613.41
11773.77
11936.71
12109.96
12276.32
12441.83
12605.54
12768.60
13095.73
13394.73
13740.65
14110.56
14388.23
14727.79
15075.40
15424.48
15788.16
16131.69
16473.55
16805.09
17175.81
17636.66
17983.16
18328.89
18677.97
19023.18
19367.36
19746.32
20058.27
20370.48
20726.13
21079.08
21430.73
21780.84
22132.76
22483.38
22835.30
23191.97
23461.57
24318.29
24366.54
24714.84
25067.24
25412.71
25763.59
26115.25
26462.78
26814.95
27134.64
27486.04
27834.34
28098.09
28447.68
28806.92
29161.67
29517.19
29870.65
30224.63
30574.45
30926.62
31280.86
31631.23
31984.17
32336.60
32689.55
33036.82
33388.48
35275.66
35436.88
35786.73
36125.62
36475.48
36850.88
37163.86
37516.29
37864.60
38213.42
38563.53
38911.06
39259.88
39606.64
39949.83
40297.88
40647.47
40900.38
41148.91
41427.09
41778.49
42128.60
42481.55
42831.66
43191.82
43330.78
43683.98
44039.25
44392.71
44745.66
45097.83
45449.48
45798.82
46154.09
46504.97
46858.17
47210.60
47563.03
47916.23
48551.74
50868.19
51183.97
51535.88
51889.09
52240.48
52592.91
52943.28
53291.33
53642.69
53993.31
54344.71
54694.30
55043.38
55392.46
55734.65
56085.28
56429.46
56778.28
57127.36
57477.98
57825.51
58171.24
58520.83
58868.62
59216.41
59561.62
59908.89
60255.91
60602.41
60950.20
61298.76
61643.97
61990.99
62340.07
62583.44
62753.86
62778.50
62803.77
62931.64
63064.67
63120.88
63145.88
63153.36
63230.96
63520.71
63525.03
63532.25
63539.47
63546.95
63554.16
63561.64
63568.86
63576.34
63583.55
63590.77
63598.25
63605.47
63612.69
63620.16
63627.38
63634.86
63642.08
63649.55
63656.77
63663.99
63671.47
63678.69
63685.91
63693.38
63700.86
63708.08
63715.30
63722.77
63729.99
63737.21
63744.69
63760.93
63766.60
63768.15
63769.44
63770.98
63772.27
63773.82
63775.37
63776.66
63778.20
63779.49
63781.04
63782.59
63783.88
63789.55
63790.58
63857.35
63922.97
63956.23
64004.44
64107.32
64159.79
64211.87
64263.18
64316.57
64370.36
64413.67
64449.79
64486.66
64537.04
64584.89
64655.54
64727.73
64799.40
64896.34
65005.41
65114.47
65130.45
65209.09
65316.59
65382.85
65486.75
65557.13
65634.73
65701.71
65745.54
65813.09
65859.49
65948.70
65986.85
66023.46
66058.52
66091.27
66150.30
66168.61
66193.90
66265.32
66320.49
66331.57
66340.08
66417.43
66513.07
66582.17
66643.27
66709.79
66731.70
66832.76
66974.82
67117.90
67256.86
67396.08
67538.91
67679.16
67820.70
67961.98
68097.33
68236.29
68373.96
68515.76
68659.62
68801.42
68943.73
69088.88
69159.52
69227.32
69330.71
69411.92
69508.34
69592.39
69654.78
69749.14
69805.08
69879.33
70004.63
70136.37
70267.60
70399.86
70535.72
70572.59
70654.06
70750.74
70801.27
70857.99
70922.18
71006.23
71074.04
71105.75
71228.46
71303.49
71415.64
71485.50
71528.04
71596.11
71629.36
71670.87
71717.02
71747.18
71792.30
71872.22
71895.94
71919.77
71974.94
72082.45
72150.51
72185.06
72253.12
72307.26
72402.39
72514.80
72624.63
72732.39
72806.39
72837.07
72916.99
72963.14
72988.40
73015.47
73043.32
73069.87
73093.33
73127.11
73152.11
73191.44
73250.48
73314.16
73380.67
73442.29
73505.97
73549.80
73599.81
73650.86
73653.44
73695.98
73746.51
73795.75
73846.02
73895.27
73948.89
73999.94
74050.73
74103.84
74158.23
74215.21
74267.80
74318.59
74372.48
74425.33
74447.50
74471.73
74524.33
74577.24
74632.16
74688.62
74741.98
74792.26
74844.34
74897.70
74951.59
75001.09
75053.42
75099.05
75150.88
75198.31
75248.59
75299.38
75350.42
75400.95
75448.65
75498.92
75546.10
75592.51
75641.23
75690.22
75735.85
75787.67
75834.85
75881.52
75930.50
75980.77
76032.59
76081.06
76127.73
76174.39
76222.86
76269.52
76317.22
76358.98
76404.36
76453.34
76495.62
76539.97
76584.31
76628.66
76673.52
76717.86
76762.20
76810.41
76854.76
76900.39
76949.38
76994.49
77037.80
77079.57
77120.56
77164.39
77206.93
77253.34
77298.97
77346.41
77388.69
77432.26
77476.34
77519.66
77561.42
77606.54
77652.95
77695.74
77738.02
77780.56
77824.13
77867.45
77909.98
77955.10
78000.22
78046.37
78092.26
78136.60
78179.91
78224.26
78266.02
78310.62
78353.94
78398.02
78417.62
78863.12
79537.30
80229.27
80933.61
81495.90
82025.19
82551.38
83086.60
83607.64
84147.76
84694.06
85132.86
85568.82
86013.55
86451.31
9.72
50.47
83.94
115.79
148.53
179.21
210.75
238.86
267.99
299.96
331.93
364.41
397.98
430.21
462.69
494.40
525.86
555.76
588.76
619.44
652.18
681.83
714.06
746.03
778.00
814.20
846.94
877.62
909.84
940.01
972.49
1004.20
1035.66
1067.37
1097.27
1128.98
1159.92
1192.15
1222.31
1254.54
1284.45
1316.41
1345.55
1377.26
1407.68
1438.88
1472.13
1504.36
1534.01
1565.72
1607.33
1637.75
1670.23
1699.37
1731.34
1762.02
1793.98
1825.18
1856.63
1887.83
1918.77
1949.96
1979.61
2011.06
2041.23
2072.94
2103.10
2135.07
2164.72
2196.69
2226.34
2258.30
2288.21
2319.92
2349.31
2381.02
2410.16
2442.12
2471.26
2502.97
2532.10
2563.81
2592.95
2624.91
2654.05
2685.76
2714.89
2746.86
2775.73
2807.70
2836.84
2868.29
2897.68
2928.88
2965.74
2994.62
3025.55
3055.98
3086.66
3117.34
3148.02
3178.70
3277.18
3292.14
3321.79
3353.50
3382.89
3414.86
3445.29
3477.25
3508.19
3539.39
3570.32
3601.26
3632.46
3663.39
3694.07
3724.50
3755.69
3785.34
3816.54
3846.18
3877.64
3907.29
3938.74
3968.64
4000.10
4030.26
4061.46
4091.36
4122.56
4152.46
4183.66
4213.57
4244.76
4274.67
4309.73
4336.03
4367.22
4396.87
4428.32
4457.97
4489.17
4519.07
4550.79
4580.18
4611.37
4641.02
4672.21
4701.86
4733.32
4762.96
4794.42
4823.81
4855.00
4884.65
4915.85
4945.50
4975.14
5002.73
5029.80
5059.71
5086.26
5116.43
5146.33
5176.50
5206.40
5236.57
5266.99
5297.15
5326.80
5356.96
5387.64
5417.29
5447.71
5477.36
5508.30
5537.69
5569.40
5598.54
5630.25
5659.64
5690.83
5719.71
5751.16
5780.04
5810.71
5839.85
5869.75
5899.40
5927.50
5955.61
6012.32
6024.44
6055.38
6085.03
6116.48
6146.13
6174.75
6203.11
6231.46
6263.43
6292.57
6324.02
6352.89
6384.09
6413.22
6444.16
6642.93
6667.34
6698.02
6728.18
6758.86
6789.02
6819.45
6849.87
6880.29
6910.97
6940.88
6971.30
7000.69
7031.62
7061.79
7092.47
7122.38
7152.02
7181.41
7213.12
7242.26
7273.97
7303.10
7335.07
7364.20
7395.40
7424.27
7455.73
7485.12
7516.83
7546.22
7547.25
7653.53
7787.33
7915.26
8058.28
8202.40
8374.25
8531.26
8714.74
8870.46
9041.53
9356.32
9413.62
9580.95
9747.49
9918.16
10144.49
10311.29
10476.55
10641.30
10802.95
10972.33
11130.11
11296.66
11550.29
11715.81
11880.55
12044.00
12206.43
12367.82
12526.11
12693.72
12856.66
13018.82
13181.83
13480.26
13644.23
13807.16
14055.31
14380.73
14711.50
14990.83
15315.42
15649.27
15979.08
16311.35
16661.61
16992.09
17437.85
17782.04
18116.17
18471.73
18804.84
19140.77
19473.86
19809.28
20143.92
20536.14
20810.97
21133.50
21447.50
21786.27
22122.46
22462.00
22797.67
23135.92
23435.75
23735.58
24387.82
24641.50
24981.04
25318.26
25657.09
25993.27
26328.95
26666.68
27005.45
27343.70
27679.11
27989.00
28327.77
28665.24
28927.95
29270.07
29616.62
29952.58
30294.70
30634.00
30973.80
31308.07
31647.87
31983.54
32323.34
32662.11
33000.87
33342.99
34138.60
34344.66
34682.91
35025.03
35362.77
35700.76
36031.41
36368.89
36707.91
37044.87
37384.41
37714.89
38051.60
38390.62
38729.13
39067.38
39406.92
39744.65
40082.64
40418.83
40752.38
41089.86
41355.15
41605.74
41946.83
42226.55
42564.55
42905.38
43244.91
43582.65
43925.28
44097.76
44439.36
44780.45
45122.30
45463.91
45804.22
46144.79
46488.71
46832.89
47174.49
47513.77
47856.66
48194.66
50310.78
50383.96
50721.69
51062.00
51399.74
51741.08
52083.46
52424.54
52765.11
53104.65
53443.68
53786.57
54129.46
54466.83
54808.17
55146.16
55484.16
55814.98
56157.09
56498.70
56836.69
57177.00
57513.70
57849.63
58191.23
58529.74
58869.54
59207.79
59547.84
59884.03
60219.45
60557.95
60896.72
61233.94
61572.19
61910.70
62246.88
62584.36
62922.61
63261.12
63597.92
63934.62
64274.16
64607.25
64945.76
65286.85
65624.58
65952.78
66156.19
66277.36
66303.66
66361.41
66495.47
66628.66
66654.45
66673.27
66704.98
66799.59
67291.73
67293.95
67301.16
67308.64
67322.82
67323.08
67324.62
67333.91
67335.71
67337.26
67338.80
67340.35
67341.90
67343.45
67344.99
67346.80
67348.34
67349.89
67382.63
67383.41
67406.09
67475.65
67514.62
67540.40
67635.05
67690.39
67744.88
67800.22
67856.16
67910.56
67961.35
68008.04
68049.90
68096.80
68150.94
68178.27
68226.74
68270.31
68356.16
68459.12
68561.21
68664.34
68765.91
68832.95
68875.74
68958.50
69050.54
69124.41
69231.14
69336.59
69394.34
69451.83
69500.56
69570.94
69620.44
69704.25
69771.80
69803.77
69849.66
69880.60
69921.33
69960.78
69991.71
70025.49
70092.00
70143.82
70161.61
70172.18
70183.27
70260.61
70325.84
70395.96
70442.37
70499.86
70647.07
70792.74
70938.66
71082.00
71230.25
71375.14
71520.54
71664.40
71810.07
71955.81
72101.22
72249.72
72397.45
72546.46
72694.96
72842.95
72991.70
73139.17
73148.71
73263.44
73367.34
73485.93
73579.77
73659.70
73744.00
73828.05
73912.35
74019.60
74128.66
74234.10
74357.85
74459.95
74493.20
74632.42
74777.31
74853.88
74999.80
75087.46
75160.16
75211.21
75293.97
75353.52
75421.84
75512.08
75626.03
75749.27
75850.59
75885.13
75964.80
75991.09
76043.95
76092.67
76127.22
76170.27
76234.21
76271.59
76321.61
76346.10
76368.27
76406.69
76489.45
76615.52
76634.08
76666.05
76758.99
76850.52
76910.84
77022.73
77123.80
77153.70
77181.80
77211.97
77241.10
77268.17
77299.62
77335.46
77350.67
77389.86
77455.86
77521.60
77585.54
77648.70
77713.67
77780.96
77842.84
77902.91
77965.81
78029.49
78080.54
78132.88
78184.95
78234.20
78283.44
78334.48
78386.56
78436.58
78491.41
78545.81
78598.41
78652.03
78708.75
78765.98
78825.02
78882.00
78937.69
78992.09
79046.23
79098.56
79151.41
79206.59
79262.27
79315.90
79371.33
79422.12
79473.68
79527.82
79582.48
79632.23
79683.02
79735.10
79786.92
79838.74
79891.85
79940.32
79991.11
80044.99
80099.39
80150.18
80153.77
