9.01
69.80
109.50
142.07
169.39
8.95
72.46
121.67
163.69
200.82
236.50
269.24
298.63
327.51
354.32
379.07
403.82
425.99
452.18
472.80
492.65
512.50
529.52
548.34
565.10
580.82
597.32
612.28
631.87
643.21
656.88
669.25
682.40
695.29
707.41
718.24
730.61
742.21
753.04
762.84
773.93
784.50
794.55
804.09
813.11
823.43
833.22
842.25
851.01
869.10
878.38
887.40
896.17
904.42
912.15
921.18
992.97
1264.74
1605.52
1922.50
2281.80
2635.00
2951.50
3290.80
3377.30
3377.42
3377.93
3437.49
3539.84
3590.86
3627.21
3677.74
3750.00
3813.68
4028.96
